3 2060
1.056347 -0.301009 0.977551
1.082167 -0.408544 0.828580
1.253242 -0.199768 0.796535
1.211015 -0.141343 0.892616
1.153103 -0.138681 0.947412
1.104519 -0.181222 0.942503
1.081893 -0.240908 0.887311
1.088165 -0.287306 0.809627
1.113855 -0.300412 0.741630
1.142933 -0.276961 0.706717
1.160374 -0.229243 0.711095
1.158295 -0.177770 0.743207
1.138260 -0.141354 0.781143
1.109121 -0.129275 0.803819
1.082037 -0.138862 0.799912
1.065384 -0.158685 0.770838
1.061775 -0.174836 0.727912
1.067975 -0.177056 0.686188
1.077170 -0.162317 0.657885
1.082307 -0.134931 0.647844
1.079029 -0.103663 0.652533
1.067072 -0.077413 0.662707
1.049721 -0.061474 0.668149
1.031870 -0.055891 0.662097
1.017723 -0.056305 0.643467
1.009184 -0.056481 0.616360
1.005462 -0.051167 0.587577
1.003826 -0.038072 0.563479
1.001020 -0.018325 0.547490
0.994664 0.004519 0.539134
0.984079 0.026314 0.534797
0.970291 0.044112 0.529672
1.229208 -0.446221 1.034776
1.229104 -0.442481 1.021754
1.229571 -0.434977 1.011546
1.229019 -0.424691 1.004900
1.226518 -0.413582 1.000902
1.222081 -0.403606 0.997615
1.216510 -0.395883 0.993058
1.210929 -0.390359 0.986048
1.206256 -0.386013 0.976577
1.202852 -0.381445 0.965623
1.200453 -0.375525 0.954593
1.198384 -0.367825 0.944662
1.195906 -0.358686 0.936314
1.192536 -0.348954 0.929247
1.188206 -0.339538 0.922615
1.183229 -0.331023 0.915468
1.178100 -0.323465 0.907166
1.173262 -0.316459 0.897599
1.168924 -0.309376 0.887147
1.165013 -0.301666 0.876448
1.161246 -0.293069 0.866086
1.157281 -0.283683 0.856360
1.152868 -0.273859 0.847197
1.147937 -0.264018 0.838240
1.142599 -0.254455 0.829039
1.137063 -0.245241 0.819250
1.131539 -0.236222 0.808765
1.126143 -0.227123 0.797713
1.120863 -0.217673 0.786374
1.115584 -0.207724 0.775034
1.110149 -0.197284 0.763868
1.104428 -0.186492 0.752879
1.098366 -0.175535 0.741926
1.091992 -0.164561 0.730797
1.085388 -0.153623 0.719313
1.078649 -0.142668 0.707388
1.071832 -0.131575 0.695055
1.064941 -0.120215 0.682428
1.057929 -0.108500 0.669644
1.050721 -0.096415 0.656799
1.043248 -0.084006 0.643916
1.035468 -0.071352 0.630944
1.027377 -0.058523 0.617788
1.019001 -0.045552 0.604353
1.010373 -0.032423 0.590583
1.001518 -0.019084 0.576473
0.992435 -0.005471 0.562065
0.983100 0.008467 0.547421
0.973473 0.022749 0.532593
1.227676 -0.162237 0.706237
1.069618 -0.372847 0.922960
1.269093 -0.264533 0.761666
1.245084 -0.182117 0.862131
1.192578 -0.149957 0.942186
1.136641 -0.171411 0.969027
1.099382 -0.226019 0.938133
1.091169 -0.282827 0.869121
1.108562 -0.315151 0.793396
1.138088 -0.310608 0.740110
1.163299 -0.273859 0.724894
1.172021 -0.222218 0.744969
1.160887 -0.176539 0.782653
1.135442 -0.151741 0.815256
1.106321 -0.151322 0.825786
1.083875 -0.167788 0.809171
1.073896 -0.187717 0.772203
1.076022 -0.198341 0.728750
1.084909 -0.192655 0.693098
1.093207 -0.171356 0.674146
1.094885 -0.141382 0.672502
1.087528 -0.112090 0.681372
1.072776 -0.090975 0.690496
1.054995 -0.080821 0.691000
1.039004 -0.079295 0.678869
1.028012 -0.080767 0.655795
1.022564 -0.079170 0.627558
1.020761 -0.070554 0.601058
1.019419 -0.054352 0.581366
1.015564 -0.033082 0.569938
1.007613 -0.010832 0.564544
0.995790 0.008661 0.560722
0.981746 0.023500 0.553948
0.967645 0.034110 0.541490
1.237661 -0.448207 1.041238
1.234692 -0.441765 1.034015
1.231676 -0.435247 1.026682
1.228614 -0.428637 1.019245
1.225501 -0.421925 1.011714
1.222330 -0.415105 1.004098
1.219092 -0.408179 0.996398
1.215780 -0.401151 0.988608
1.212394 -0.394028 0.980718
1.175970 -0.218699 0.761591
1.095825 -0.433021 0.947090
1.293628 -0.297061 0.831193
1.263890 -0.221219 0.931472
1.154891 -0.228097 1.021225
1.122371 -0.286532 0.982985
1.119669 -0.342289 0.912036
1.141191 -0.370184 0.840191
1.172180 -0.360496 0.794685
1.196177 -0.320530 0.787805
1.202152 -0.269131 0.813496
1.188422 -0.227010 0.852359
1.161934 -0.207517 0.882194
1.133866 -0.212048 0.888156
1.114155 -0.231487 0.867751
1.107553 -0.251876 0.829634
1.112557 -0.261038 0.788218
1.123056 -0.253280 0.756988
1.131569 -0.230706 0.743159
1.132551 -0.201166 0.745548
1.124413 -0.174101 0.756244
1.109569 -0.156332 0.764958
1.092777 -0.149588 0.763751
1.078762 -0.150617 0.749969
1.070261 -0.153364 0.726462
1.067221 -0.151940 0.699531
1.067276 -0.143017 0.675833
1.067085 -0.126783 0.659625
1.063854 -0.106317 0.651366
1.056398 -0.085866 0.648081
1.045369 -0.068899 0.645104
1.032697 -0.056797 0.638262
1.020572 -0.048608 0.625519
1.010510 -0.041817 0.607467
1.002833 -0.033632 0.586672
0.996730 -0.022167 0.566327
0.990768 -0.007064 0.548871
0.983564 0.010608 0.535112
0.974336 0.029012 0.524140
1.053467 -0.316668 0.926492
1.236641 -0.168566 0.803876
1.189365 -0.123386 0.891843
1.132618 -0.132452 0.932631
1.089715 -0.180307 0.914666
1.074020 -0.237687 0.852346
1.085304 -0.276303 0.775175
1.112245 -0.280119 0.713825
1.138794 -0.249815 0.687940
1.151470 -0.200035 0.699434
1.144653 -0.151270 0.733847
1.121794 -0.120260 0.768912
1.092493 -0.113388 0.785492
1.067395 -0.125677 0.775210
1.053553 -0.144846 0.741986
1.052152 -0.157669 0.698301
1.059013 -0.155538 0.658833
1.067160 -0.137215 0.634271
1.070100 -0.108203 0.627534
1.064416 -0.077452 0.633631
1.050711 -0.053121 0.642872
1.032712 -0.039290 0.645650
1.015212 -0.034915 0.636421
1.001913 -0.035106 0.615313
0.994096 -0.033770 0.587143
0.990494 -0.026294 0.558741
0.988219 -0.011179 0.535910
0.984183 0.009850 0.521245
0.949067 -0.133836 0.750727
0.941980 -0.014996 0.636768
0.945825 -0.051640 0.551354
1.295790 -0.277215 0.900242
1.251476 -0.223585 0.993489
1.147078 -0.273807 1.033173
1.128125 -0.335743 0.976556
1.138278 -0.381946 0.901626
1.166820 -0.393382 0.839732
1.197041 -0.368329 0.812164
1.214056 -0.320509 0.822606
1.210842 -0.271122 0.857686
1.190088 -0.238628 0.895222
1.161494 -0.231169 0.915401
1.136436 -0.244759 0.908933
1.122865 -0.267088 0.879046
1.122597 -0.284122 0.837947
1.131592 -0.286192 0.800438
1.142566 -0.271263 0.777552
1.148499 -0.244590 0.772545
1.145521 -0.215432 0.780603
1.134053 -0.192551 0.792036
1.117948 -0.180582 0.797149
1.102311 -0.178738 0.790333
1.091158 -0.182039 0.771729
1.085932 -0.184076 0.746219
1.085330 -0.179899 0.720684
1.086281 -0.167817 0.700899
1.085486 -0.149582 0.689331
1.080814 -0.129126 0.684602
1.071996 -0.110594 0.682625
1.060437 -0.096580 0.678710
1.048363 -0.087296 0.669599
1.037764 -0.080870 0.654585
1.029610 -0.074448 0.635392
1.023622 -0.065532 0.615094
1.018578 -0.052939 0.596661
1.012964 -0.037075 0.581767
1.005632 -0.019516 0.570302
0.996204 -0.002179 0.560681
0.985100 0.013527 0.550713
0.973230 0.027192 0.538581
0.961541 0.039421 0.523524
0.946720 -0.054382 0.632788
1.182935 -0.196651 0.750291
1.086643 -0.413567 0.934472
1.284719 -0.282542 0.807662
1.256120 -0.205122 0.908278
1.201664 -0.180296 0.982800
1.146998 -0.208054 1.002010
1.113327 -0.265620 0.965153
1.109317 -0.321549 0.894225
1.129853 -0.350319 0.821060
1.160463 -0.341621 0.773437
1.184684 -0.302182 0.764475
1.191219 -0.250521 0.788867
1.177994 -0.207400 0.827546
1.151631 -0.186536 0.858100
1.123190 -0.189809 0.865108
1.102710 -0.208464 0.845439
1.095195 -0.228654 0.807333
1.099415 -0.238049 0.765127
1.109442 -0.230640 0.732562
1.117819 -0.208200 0.717305
1.118878 -0.178368 0.718618
1.110822 -0.150577 0.728836
1.095874 -0.131822 0.737631
1.078697 -0.124095 0.736785
1.064046 -0.124365 0.723283
1.054782 -0.126673 0.699686
1.051004 -0.125076 0.672191
1.050466 -0.116082 0.647552
1.049862 -0.099688 0.630263
1.046348 -0.078834 0.621050
1.038628 -0.057733 0.617122
1.027245 -0.039932 0.613842
1.014053 -0.026951 0.606920
1.001242 -0.017972 0.594119
0.990379 -0.010560 0.575840
0.981873 -0.001915 0.554545
0.974987 0.009929 0.533443
0.968322 0.025441 0.515088
1.210088 -0.389920 0.976058
1.203280 -0.375407 0.959375
1.199759 -0.367786 0.951076
1.196086 -0.360002 0.942796
1.192252 -0.352140 0.934456
1.188280 -0.344252 0.925965
1.184212 -0.336347 0.917261
1.180090 -0.328385 0.908326
1.167449 -0.303605 0.880540
1.163063 -0.294957 0.871103
1.158543 -0.286141 0.861593
1.153876 -0.277192 0.851976
1.149069 -0.268136 0.842208
1.144137 -0.258978 0.832252
1.139097 -0.249700 0.822095
1.133954 -0.240275 0.811744
1.128706 -0.230672 0.801222
1.123337 -0.220875 0.790551
1.117829 -0.210879 0.779746
1.112164 -0.200691 0.768805
1.106332 -0.190327 0.757712
1.100329 -0.179794 0.746444
1.094158 -0.169096 0.734981
1.087821 -0.158222 0.723311
1.081319 -0.147158 0.711433
1.074646 -0.135886 0.699354
1.067790 -0.124394 0.687082
1.060738 -0.112676 0.674624
1.053476 -0.100729 0.661978
1.045992 -0.088556 0.649137
1.038277 -0.076159 0.636087
1.030325 -0.063536 0.622817
1.022131 -0.050680 0.609318
1.013686 -0.037580 0.595586
1.004981 -0.024226 0.581620
0.996003 -0.010606 0.567423
0.986737 0.003286 0.552997
0.977167 0.017457 0.538341
0.967277 0.031909 0.523450
1.085290 -0.382357 1.004712
1.278978 -0.244043 0.887427
1.231526 -0.197855 0.976485
1.130724 -0.257733 1.001016
1.115598 -0.318209 0.939869
1.128460 -0.359730 0.864429
1.157545 -0.365559 0.805382
1.186158 -0.336257 0.782106
1.200323 -0.286909 0.796021
1.194304 -0.238695 0.832183
1.171837 -0.208891 0.868150
1.143004 -0.204000 0.885041
1.118859 -0.218754 0.875037
1.106603 -0.240384 0.842634
1.107269 -0.255257 0.800661
1.116329 -0.254626 0.763772
1.126448 -0.237435 0.742273
1.130940 -0.209566 0.738489
1.126451 -0.180348 0.746895
1.113848 -0.158116 0.757577
1.097181 -0.146848 0.761115
1.081469 -0.145198 0.752459
1.070445 -0.147932 0.732300
1.065229 -0.148747 0.705847
1.064294 -0.143043 0.679996
1.056968 -0.089202 0.643867
1.161238 -0.430437 1.017975
1.183756 -0.464666 0.946098
1.217606 -0.459497 0.899945
1.245126 -0.421301 0.892972
1.254019 -0.369394 0.919761
1.241863 -0.325916 0.960812
1.215648 -0.305765 0.993339
1.187205 -0.311261 1.001869
1.167313 -0.333297 0.983552
1.161332 -0.357204 0.947047
1.167905 -0.369844 0.907021
1.180627 -0.364784 0.877278
1.191494 -0.343902 0.865232
1.194490 -0.315347 0.869679
1.187825 -0.289155 0.882513
1.174033 -0.272698 0.893234
1.158202 -0.267963 0.893817
1.145406 -0.271592 0.881698
1.138578 -0.277181 0.859930
1.137645 -0.278464 0.835009
1.140047 -0.271890 0.813676
1.142191 -0.257662 0.800108
1.141106 -0.239072 0.794552
1.135585 -0.220642 0.793802
1.126408 -0.206038 0.793054
1.115695 -0.196662 0.788175
1.105806 -0.191430 0.777315
1.098314 -0.187627 0.761315
1.093483 -0.182295 0.742931
1.090366 -0.173499 0.725404
1.087391 -0.160965 0.711058
1.083105 -0.145923 0.700478
1.076750 -0.130365 0.692525
1.068468 -0.116095 0.685068
1.059090 -0.104007 0.676012
1.049682 -0.093861 0.664157
1.041062 -0.084557 0.649547
1.020006 -0.050086 0.601455
1.274880 -0.437976 0.961711
1.271344 -0.390255 0.998951
1.250304 -0.360735 1.036304
1.222189 -0.356999 1.055103
1.198698 -0.374201 1.047629
1.187600 -0.399306 1.018360
1.190157 -0.418017 0.979974
1.201684 -0.420935 0.946867
1.214452 -0.406677 0.929013
1.221387 -0.381218 0.928422
1.218960 -0.354267 0.939389
1.208137 -0.334568 0.952073
1.193255 -0.326309 0.957379
1.179629 -0.328079 0.950716
1.171145 -0.334388 0.933178
1.168869 -0.338659 0.910147
1.171063 -0.336150 0.888398
1.174357 -0.325640 0.873087
1.175415 -0.309386 0.865846
1.172320 -0.291635 0.864611
1.165160 -0.276528 0.865044
1.155669 -0.266369 0.862710
1.146231 -0.260948 0.854960
1.138778 -0.258032 0.841753
1.134052 -0.254629 0.825256
1.131490 -0.248360 0.808602
1.129667 -0.238344 0.794448
1.127020 -0.225333 0.783944
1.122522 -0.211134 0.776481
1.116018 -0.197693 0.770205
1.108152 -0.186256 0.762981
1.099965 -0.176957 0.753322
1.092400 -0.168943 0.740901
1.075258 -0.140504 0.697360
1.304950 -0.293788 0.948435
1.156782 -0.313017 1.058090
1.143071 -0.374855 0.997305
1.157563 -0.416931 0.923807
1.187992 -0.422713 0.867800
1.217328 -0.393261 0.847755
1.231584 -0.344207 0.864121
1.225333 -0.297057 0.901364
1.202761 -0.269022 0.937112
1.174317 -0.266216 0.953140
1.151172 -0.282867 0.942498
1.140374 -0.305847 0.910371
1.142622 -0.321445 0.869838
1.153046 -0.321130 0.835319
1.164099 -0.304239 0.816526
1.169107 -0.277045 0.815094
1.164932 -0.249085 0.825009
1.152744 -0.228634 0.836284
1.136844 -0.219390 0.839834
1.122337 -0.219652 0.831171
1.112862 -0.223928 0.811512
1.109322 -0.225852 0.786339
1.109959 -0.220969 0.762487
1.111505 -0.208265 0.745146
1.110770 -0.190049 0.735959
1.105948 -0.170473 0.732863
1.097150 -0.153520 0.731491
1.086049 -0.141358 0.727349
1.074928 -0.133732 0.717702
1.065637 -0.128451 0.702425
1.058893 -0.122617 0.683643
1.054168 -0.113928 0.664505
1.050107 -0.101529 0.647748
1.045208 -0.086134 0.634637
1.038459 -0.069480 0.624667
1.029674 -0.053451 0.616030
1.019431 -0.039274 0.606558
1.008707 -0.027118 0.594661
0.998409 -0.016190 0.579885
0.972142 0.020981 0.527960
1.163025 -0.413566 1.054155
1.176046 -0.460812 0.980651
1.207098 -0.471701 0.922485
1.238698 -0.445474 0.899753
1.255787 -0.397054 0.914497
1.251809 -0.348484 0.952033
1.230282 -0.318329 0.989825
1.201659 -0.314108 1.008764
1.177655 -0.330884 1.000857
1.166055 -0.355540 0.970557
1.168136 -0.373725 0.930736
1.179232 -0.376015 0.896106
1.191615 -0.361019 0.876957
1.198189 -0.334723 0.875498
1.195380 -0.306867 0.886038
1.184103 -0.286243 0.898568
1.168662 -0.277096 0.903728
1.154377 -0.278053 0.896680
1.145171 -0.283636 0.878381
1.142169 -0.287239 0.854232
1.143684 -0.284061 0.831155
1.146372 -0.272815 0.814517
1.146878 -0.255706 0.806136
1.143234 -0.236970 0.804040
1.135467 -0.220783 0.803853
1.125264 -0.209516 0.801002
1.115000 -0.203024 0.792661
1.106631 -0.199117 0.778652
1.100954 -0.194797 0.761091
1.097456 -0.187640 0.743162
1.094740 -0.176698 0.727645
1.091241 -0.162664 0.715829
1.085892 -0.147319 0.707202
1.078489 -0.132622 0.699934
1.069630 -0.119868 0.691829
1.060341 -0.109251 0.681289
1.051574 -0.099961 0.667881
1.208466 -0.457465 1.024205
1.220509 -0.461264 0.991876
1.233865 -0.447681 0.974760
1.241342 -0.422707 0.974826
1.239343 -0.396160 0.986349
1.228842 -0.376916 0.999505
1.214247 -0.369248 1.005257
1.200954 -0.371748 0.999094
1.192906 -0.378864 0.982174
1.191171 -0.383934 0.959907
1.193965 -0.382158 0.939040
1.197859 -0.372310 0.924659
1.199468 -0.356688 0.918310
1.196867 -0.339601 0.917864
1.190176 -0.325240 0.918968
1.181179 -0.315917 0.917233
1.172305 -0.311390 0.910090
1.165502 -0.309377 0.897579
1.161495 -0.306845 0.881918
1.159683 -0.301400 0.866235
1.158601 -0.292188 0.853134
1.156666 -0.280000 0.843687
1.152855 -0.266688 0.837215
1.147046 -0.254217 0.831838
1.139920 -0.243823 0.825441
1.132545 -0.235608 0.816595
1.125871 -0.228679 0.805044
0.951448 -0.167272 0.682649
0.935195 -0.023455 0.596660
1.279137 -0.438195 0.968943
1.273504 -0.390373 1.008580
1.250659 -0.362695 1.046056
1.221774 -0.361659 1.063045
1.198722 -0.381148 1.052937
1.188909 -0.407253 1.021460
1.192938 -0.425489 0.982161
1.205498 -0.426917 0.949646
1.218511 -0.410958 0.933449
1.224941 -0.384369 0.934749
1.221609 -0.357281 0.947023
1.209950 -0.338371 0.959986
1.194669 -0.331375 0.964615
1.181201 -0.334301 0.956786
1.173302 -0.341220 0.938187
1.171749 -0.345416 0.914660
1.174505 -0.342319 0.893135
1.178016 -0.331069 0.878606
1.178933 -0.314292 0.872328
1.175484 -0.296459 0.871842
1.167967 -0.281716 0.872562
1.158296 -0.272183 0.870041
1.148936 -0.267383 0.861820
1.141777 -0.264866 0.848138
1.137437 -0.261548 0.831402
1.135213 -0.255105 0.814853
1.133582 -0.244814 0.801096
1.130960 -0.231602 0.791119
1.126373 -0.217397 0.784117
1.119762 -0.204164 0.778101
1.111859 -0.193078 0.770904
1.103753 -0.184157 0.761110
1.096379 -0.176435 0.748523
1.084876 -0.159260 0.719179
1.079923 -0.148132 0.705236
1.074557 -0.135405 0.692900
1.127693 -0.364287 0.845855
1.277428 -0.407577 0.997860
1.259743 -0.372785 1.037106
1.232231 -0.363183 1.061340
1.206832 -0.376605 1.060010
1.192578 -0.401333 1.034994
1.192295 -0.422732 0.997594
1.202472 -0.429854 0.962371
1.215748 -0.419383 0.940717
1.224581 -0.395832 0.936570
1.224458 -0.368471 0.945773
1.215346 -0.346660 0.959027
1.200999 -0.335836 0.966690
1.186747 -0.335819 0.962960
1.176979 -0.341819 0.947685
1.173453 -0.347219 0.925487
1.175000 -0.346649 0.903092
1.178476 -0.338022 0.886225
1.180389 -0.322893 0.877384
1.178411 -0.305235 0.875262
1.172178 -0.289398 0.875861
1.163127 -0.278208 0.874589
1.153599 -0.272020 0.868295
1.145716 -0.268965 0.856351
1.140521 -0.266094 0.840516
1.137722 -0.260785 0.823831
1.136025 -0.251780 0.809160
1.133831 -0.239493 0.798034
1.129947 -0.225572 0.790209
1.124017 -0.212015 0.784036
1.116535 -0.200281 0.777360
1.100919 -0.182781 0.756843
1.083932 -0.155889 0.714034
1.278228 -0.403537 1.027400
1.255380 -0.378023 1.062929
1.205518 -0.398175 1.066665
1.196826 -0.423564 1.035365
1.201466 -0.440631 0.997381
1.214006 -0.441077 0.966715
1.226528 -0.424803 0.952157
1.232331 -0.398697 0.954323
1.228585 -0.372671 0.966530
1.216935 -0.354971 0.978762
1.202087 -0.348904 0.982507
1.189304 -0.352235 0.974139
1.182090 -0.359051 0.955629
1.181015 -0.362865 0.932801
1.183951 -0.359418 0.912326
1.187394 -0.348104 0.898827
1.188141 -0.331652 0.893251
1.184593 -0.314461 0.893009
1.177167 -0.300487 0.893600
1.167807 -0.291634 0.890808
1.158909 -0.287284 0.882434
1.152250 -0.284963 0.868893
1.148338 -0.281678 0.852624
1.146410 -0.275250 0.836767
1.144947 -0.265094 0.823748
1.142429 -0.252206 0.814384
1.137966 -0.238500 0.807778
1.131566 -0.225862 0.801952
1.123988 -0.215361 0.794840
1.116303 -0.206931 0.785157
1.226857 -0.340398 0.789912
1.279174 -0.417077 0.991282
1.264559 -0.378352 1.031273
1.237981 -0.363814 1.059510
1.211345 -0.373605 1.063213
1.194577 -0.397355 1.042009
1.191774 -0.420421 1.005845
1.200491 -0.430754 0.969189
1.213818 -0.423469 0.944446
1.223966 -0.401762 0.937121
1.225676 -0.374350 0.944446
1.218064 -0.350934 0.957744
1.178827 -0.341510 0.952338
1.174149 -0.347525 0.930963
1.174957 -0.348366 0.908118
1.089333 -0.391367 0.870242
1.283566 -0.418196 1.018835
1.264472 -0.385663 1.057524
1.212063 -0.394210 1.075830
1.199272 -0.419600 1.049200
1.200445 -0.440329 1.011667
1.211522 -0.446023 0.977730
1.224903 -0.434172 0.958142
1.233182 -0.409965 0.955954
1.232243 -0.382946 0.966286
1.222508 -0.362284 0.979576
1.208039 -0.352908 0.986431
1.194213 -0.354083 0.981627
1.185230 -0.360660 0.965610
1.182543 -0.365983 0.943378
1.184700 -0.364922 0.921683
1.188417 -0.355775 0.905971
1.190239 -0.340437 0.898311
1.188013 -0.323047 0.897013
1.181594 -0.307896 0.897905
1.172581 -0.297587 0.896474
1.155997 -0.289681 0.877651
1.151377 -0.287025 0.861914
1.149072 -0.281707 0.845710
1.147704 -0.272649 0.831791
1.145676 -0.260441 0.821480
1.141868 -0.246827 0.814330
1.136030 -0.233801 0.808579
1.098364 -0.180411 0.740164
1.093585 -0.168533 0.728045
0.964186 0.035192 0.519842
1.145222 -0.334729 0.825944
1.261539 -0.432264 0.930047
1.264235 -0.382325 0.962379
1.247575 -0.345788 1.001796
1.220321 -0.333922 1.027504
1.194299 -0.345433 1.027939
1.178817 -0.369183 1.004005
1.177185 -0.390633 0.966455
1.186356 -0.398480 0.929880
1.199223 -0.388815 0.906190
1.208210 -0.365597 0.900068
1.208525 -0.337803 0.907993
1.199767 -0.314870 0.920916
1.185402 -0.302593 0.928998
1.170664 -0.301241 0.925937
1.160057 -0.306354 0.911044
1.155581 -0.311404 0.888593
1.156314 -0.310864 0.865265
1.159268 -0.302350 0.847027
1.160953 -0.287112 0.836766
1.158917 -0.268950 0.833537
1.152604 -0.252221 0.833520
1.143287 -0.239921 0.832066
1.133242 -0.232637 0.825781
1.124626 -0.228690 0.813743
1.118600 -0.225202 0.797490
1.115007 -0.219488 0.779998
1.112646 -0.210142 0.764233
1.109934 -0.197412 0.751927
1.105625 -0.182838 0.743045
1.099264 -0.168403 0.736062
1.091253 -0.155641 0.728824
1.082541 -0.145062 0.719532
1.074142 -0.136107 0.707433
1.066700 -0.127546 0.692964
1.060284 -0.118094 0.677389
1.054446 -0.106949 0.662149
1.048488 -0.094041 0.648248
1.041781 -0.079946 0.635903
1.025258 -0.051592 0.613299
1.015884 -0.038461 0.601149
1.006344 -0.026009 0.587600
0.996981 -0.013739 0.572687
0.987892 -0.001050 0.556896
0.978931 0.012503 0.540901
0.969798 0.027053 0.525262
1.165704 -0.406902 1.061491
1.175193 -0.456019 0.990182
1.204021 -0.471115 0.930494
1.235443 -0.449323 0.903723
1.254166 -0.403667 0.914038
1.252661 -0.355281 0.948779
1.233254 -0.323078 0.986401
1.168108 -0.353758 0.975139
1.168590 -0.372621 0.936606
1.178592 -0.376747 0.901529
1.053752 -0.102928 0.671393
1.045927 -0.093665 0.656132
1.039040 -0.083343 0.639971
1.032595 -0.071277 0.624313
1.025899 -0.057513 0.610051
1.018369 -0.042684 0.597286
0.979718 0.013715 0.546088
0.969572 0.026777 0.530382
1.259078 -0.356381 0.781567
1.205786 -0.450747 1.040364
1.214809 -0.461948 1.004225
1.228602 -0.455377 0.979933
1.239260 -0.434151 0.973027
1.241415 -0.407036 0.980763
1.234132 -0.383861 0.994476
1.220612 -0.371145 1.004230
1.206160 -0.369835 1.003292
1.195582 -0.375816 0.990462
1.191242 -0.382499 0.969646
1.192477 -0.383997 0.947416
1.196358 -0.377472 0.929876
1.199277 -0.363844 0.920192
1.198565 -0.346815 0.917694
1.193468 -0.330884 0.918724
1.185164 -0.319311 0.918640
1.175952 -0.312937 0.913936
1.168105 -0.310219 0.903534
1.162917 -0.308263 0.888848
1.160320 -0.304258 0.872801
1.159134 -0.296635 0.858376
1.157729 -0.285525 0.847369
1.154783 -0.272437 0.839818
1.149779 -0.259405 0.834246
1.143093 -0.248053 0.828512
1.135692 -0.238977 0.820808
1.128634 -0.231658 0.810357
1.113499 -0.207973 0.770231
1.109244 -0.196938 0.758097
1.104299 -0.184715 0.747536
1.226281 -0.472325 1.003322
1.239687 -0.458226 0.987189
1.246939 -0.433063 0.988127
1.244616 -0.406757 1.000118
1.233891 -0.388090 1.013263
1.219299 -0.381109 1.018671
1.206249 -0.384167 1.012097
1.198594 -0.391567 0.994957
1.197263 -0.396640 0.972803
1.200354 -0.394703 0.952365
1.204379 -0.384698 0.938586
1.205975 -0.369068 0.932815
1.203301 -0.352188 0.932761
1.196575 -0.338214 0.934016
1.187652 -0.329354 0.932244
1.178977 -0.325245 0.925006
1.172460 -0.323524 0.912482
1.168761 -0.321143 0.896973
1.167215 -0.315760 0.881616
1.166322 -0.306599 0.868951
1.164504 -0.294533 0.859949
1.155065 -0.269311 0.848710
1.148090 -0.259299 0.842453
1.140935 -0.251459 0.833705
0.976045 -0.159609 0.819216
0.978797 -0.062739 0.702629
0.980815 -0.104265 0.619976
1.001581 -0.113832 0.544684
1.238529 -0.455244 1.034219
1.238275 -0.445407 1.027579
1.236122 -0.434576 1.023680
1.232007 -0.424738 1.020652
1.226682 -0.417104 1.016504
1.221263 -0.411714 1.009985
1.216703 -0.407612 1.000998
1.209317 -0.390689 0.970062
1.207118 -0.381971 0.961941
1.223942 -0.218060 0.734531
1.096588 -0.431291 0.966802
1.298291 -0.312608 0.831928
1.271626 -0.233263 0.932454
1.162732 -0.232074 1.030673
1.128004 -0.289546 0.996388
1.123042 -0.346844 0.927146
1.143237 -0.377784 0.854525
1.174269 -0.371209 0.806529
1.199483 -0.333182 0.796820
1.207191 -0.281988 0.820684
1.194934 -0.238609 0.859427
1.169126 -0.217255 0.890686
1.140848 -0.220295 0.898822
1.120335 -0.239252 0.880386
1.112830 -0.260272 0.843344
1.117278 -0.270806 0.801895
1.127798 -0.264550 0.769790
1.136866 -0.243047 0.754816
1.138682 -0.213854 0.756389
1.131328 -0.186474 0.766966
1.116968 -0.168058 0.776274
1.100285 -0.160752 0.776087
1.086099 -0.161613 0.763344
1.077344 -0.164679 0.740554
1.074167 -0.163939 0.713866
1.074323 -0.155815 0.690006
1.074475 -0.140246 0.673453
1.071737 -0.120159 0.664929
1.064789 -0.099794 0.661646
1.054173 -0.082743 0.658987
1.041766 -0.070555 0.652690
1.029786 -0.062424 0.640557
1.019821 -0.055898 0.623021
1.012278 -0.048153 0.602556
1.006409 -0.037209 0.582359
0.985248 0.012809 0.540383
0.974477 0.030021 0.530458
1.201540 -0.437132 1.041784
1.207830 -0.452444 1.004244
1.221011 -0.450570 0.975685
1.233085 -0.432528 0.963831
1.237744 -0.405932 0.968118
1.232793 -0.380769 0.981100
1.220441 -0.364768 0.992693
1.205656 -0.360445 0.994941
1.193597 -0.364880 0.985048
1.187408 -0.371863 0.965693
1.187227 -0.375048 0.943020
1.190621 -0.370630 0.923559
1.194009 -0.358535 0.911455
1.194344 -0.341864 0.907086
1.190305 -0.325099 0.907455
1.182588 -0.311992 0.907966
1.173283 -0.304093 0.904621
1.164771 -0.300448 0.895602
1.158676 -0.298407 0.881690
1.155308 -0.295009 0.865523
1.153744 -0.288268 0.850214
1.152409 -0.277847 0.837984
1.149837 -0.264938 0.829375
1.145259 -0.251520 0.823269
1.123955 -0.221594 0.800545
1.098278 -0.175111 0.736262
1.092408 -0.162361 0.726297
1.123711 -0.188940 0.773235
1.077845 -0.398104 0.896335
1.269758 -0.248846 0.786307
1.238161 -0.175078 0.886401
1.182823 -0.154618 0.957290
1.129225 -0.185215 0.971701
1.097595 -0.242979 0.930830
1.095418 -0.296688 0.857871
1.116716 -0.321975 0.784864
1.146752 -0.309979 0.738910
1.169391 -0.268539 0.731945
1.159286 -0.174363 0.796022
1.132180 -0.154813 0.825125
1.103745 -0.158899 0.830043
1.083677 -0.177374 0.808385
1.076527 -0.196407 0.768921
1.080718 -0.204081 0.726158
1.090197 -0.194943 0.693656
1.097618 -0.171214 0.678685
1.097563 -0.140705 0.680096
1.088492 -0.112729 0.689974
1.072782 -0.093966 0.697967
1.055098 -0.086078 0.696025
1.040077 -0.085834 0.681366
1.030416 -0.087256 0.656750
1.026089 -0.084535 0.628458
1.024800 -0.074377 0.603220
1.023281 -0.056939 0.585431
1.018771 -0.035230 0.575704
1.010060 -0.013428 0.571167
0.997738 0.005021 0.567162
0.983652 0.018707 0.559422
0.969950 0.028510 0.545754
0.958146 0.036874 0.526598
1.300993 -0.290759 0.969900
1.157133 -0.329583 1.055351
1.148357 -0.388993 0.991948
1.166010 -0.425459 0.921050
1.196805 -0.425322 0.871124
1.223996 -0.392226 0.857673
1.234907 -0.343075 0.878292
1.225755 -0.298943 0.915984
1.201929 -0.275316 0.948828
1.174178 -0.276247 0.960438
1.153095 -0.294545 0.946020
1.144675 -0.316783 0.912268
1.148613 -0.329993 0.872653
1.159475 -0.326947 0.840900
1.169758 -0.308229 0.825361
1.173333 -0.280799 0.826285
1.167802 -0.254110 0.836845
1.154935 -0.235724 0.847090
1.139253 -0.228404 0.848682
1.125670 -0.229721 0.838149
1.117374 -0.233938 0.817524
1.114784 -0.234949 0.792609
1.115832 -0.228870 0.770012
1.117212 -0.215290 0.754317
1.115942 -0.196895 0.746490
1.110548 -0.177873 0.744002
1.101440 -0.161928 0.742405
1.090435 -0.150807 0.737486
1.079775 -0.143883 0.726978
1.071122 -0.138800 0.711188
1.064968 -0.132725 0.692465
1.060617 -0.123596 0.673920
1.056662 -0.110845 0.658038
1.035936 -0.063559 0.627778
1.025820 -0.050007 0.618099
0.995117 -0.186162 0.850132
1.019295 -0.285575 0.697265
1.002380 -0.098870 0.739868
1.005042 -0.141126 0.659105
1.026506 -0.151581 0.585869
1.066711 -0.078107 0.542818
1.063260 -0.024909 0.570747
1.042363 0.014669 0.607056
1.011929 0.031225 0.630113
0.982401 0.026645 0.627140
0.961990 0.011386 0.597914
0.953718 -0.001309 0.552633
1.038137 -0.293441 0.904976
1.222878 -0.141284 0.773028
1.175025 -0.094671 0.862961
1.073299 -0.150730 0.887428
1.056642 -0.208436 0.823860
1.067301 -0.247431 0.744392
1.094010 -0.251323 0.680417
1.120624 -0.220563 0.652374
1.133447 -0.169766 0.662748
1.126609 -0.119610 0.697192
1.103384 -0.087158 0.733058
1.073344 -0.079108 0.750551
1.047245 -0.090662 0.740666
1.032340 -0.109522 0.706978
1.030005 -0.122277 0.661988
1.036183 -0.120054 0.620710
1.043900 -0.101376 0.594333
1.046553 -0.071617 0.586234
1.040554 -0.039760 0.591663
1.026344 -0.014132 0.600864
1.007568 0.000956 0.603913
0.989039 0.006363 0.594849
0.974566 0.006905 0.573468
0.965568 0.008732 0.544457
0.960896 0.016615 0.514744
1.266209 -0.365070 0.797200
1.220950 -0.432500 1.051514
1.217762 -0.440143 1.030928
1.220151 -0.442029 1.009698
1.224925 -0.435581 0.993770
1.228364 -0.422091 0.985914
1.227873 -0.405569 0.985021
1.222901 -0.390629 0.987149
1.214853 -0.380430 0.987635
1.206180 -0.375564 0.983193
1.199170 -0.374224 0.973079
1.195012 -0.373349 0.958997
1.193476 -0.370125 0.943999
1.193232 -0.363117 0.931004
1.192587 -0.352658 0.921598
1.190248 -0.340428 0.915566
1.185803 -0.328533 0.911255
1.179755 -0.318551 0.906489
1.173158 -0.310947 0.899564
1.167089 -0.305058 0.889888
1.141188 -0.186549 0.764519
1.078134 -0.397797 0.903914
1.271748 -0.254752 0.786679
1.241251 -0.179623 0.886959
1.132266 -0.186837 0.975509
1.099812 -0.244321 0.936097
1.096819 -0.298663 0.863736
1.117664 -0.325104 0.790402
1.147754 -0.314252 0.743498
1.170869 -0.273500 0.735481
1.161952 -0.178888 0.798883
1.135089 -0.158657 0.828541
1.106573 -0.162216 0.834282
1.086215 -0.180543 0.813360
1.078748 -0.199835 0.774294
1.082755 -0.208030 0.731517
1.092263 -0.199451 0.698690
1.099906 -0.176116 0.683299
1.100170 -0.145735 0.684415
1.091397 -0.117647 0.694257
1.075875 -0.098656 0.702479
1.058244 -0.090577 0.700922
1.043177 -0.090287 0.686656
1.033443 -0.091840 0.662312
1.029087 -0.089383 0.634120
1.027857 -0.079527 0.608833
1.026484 -0.062343 0.590925
1.022174 -0.040783 0.581107
1.013671 -0.019026 0.576576
1.001521 -0.000561 0.572690
0.987560 0.013140 0.565154
0.973939 0.022908 0.551715
0.962202 0.031161 0.532756
1.234294 -0.468468 0.994500
1.245238 -0.447562 0.987544
1.247691 -0.420563 0.995310
1.240637 -0.397372 1.009184
1.227247 -0.384626 1.019213
1.212843 -0.383373 1.018610
1.202285 -0.389543 1.006109
1.197993 -0.396528 0.985571
1.199339 -0.398379 0.963554
1.203395 -0.392189 0.946181
1.206530 -0.378830 0.936652
1.206038 -0.362002 0.934327
1.201139 -0.346228 0.935566
1.193001 -0.334812 0.935728
1.171194 -0.324489 0.906764
1.168784 -0.320791 0.890987
1.167809 -0.313471 0.876827
1.159143 -0.277055 0.853508
1.128274 -0.236434 0.804489
1.124341 -0.227499 0.791331
1.120379 -0.216803 0.779541
1.103488 -0.181130 0.751020
1.089172 -0.160445 0.729721
1.075806 -0.140680 0.703696
1.001074 -0.241642 0.799420
1.167653 -0.047657 0.699542
1.018308 -0.074155 0.788546
1.005008 -0.127851 0.718301
1.017130 -0.159412 0.636439
1.042591 -0.155432 0.573670
1.065685 -0.118919 0.548494
1.073998 -0.065660 0.561168
1.063077 -0.015871 0.595823
1.037101 0.014979 0.629514
1.005739 0.021987 0.643185
0.979165 0.011124 0.629010
0.963783 -0.005123 0.591573
0.960283 -0.013980 0.543887
1.204971 -0.446794 1.045855
1.212470 -0.460632 1.008806
0.947612 -0.018217 0.649992
0.949778 -0.057003 0.565469
1.102821 -0.098333 0.743180
1.028673 -0.301777 0.813368
1.215794 -0.159600 0.668239
1.186716 -0.081765 0.768822
1.042025 -0.133691 0.827449
1.035259 -0.186167 0.753504
1.052436 -0.212419 0.675110
1.079925 -0.202151 0.621070
1.101917 -0.161492 0.606050
1.107225 -0.108111 0.626220
1.093300 -0.062179 0.663203
1.065992 -0.037421 0.694123
1.035707 -0.036293 0.702184
1.012263 -0.050836 0.682660
1.000934 -0.067802 0.642662
1.001098 -0.074985 0.596263
1.007469 -0.065979 0.557857
1.012975 -0.041840 0.536401
1.011890 -0.009507 0.532551
1.001966 0.021924 0.539529
0.984810 0.045283 0.547006
1.088198 -0.399766 0.990444
1.294535 -0.326177 0.803230
1.276312 -0.238697 0.902803
1.226276 -0.199172 0.987760
1.128917 -0.268139 0.998917
1.117439 -0.327822 0.934437
1.133075 -0.365727 0.859575
1.163061 -0.367067 0.804221
1.190619 -0.334417 0.785788
1.202526 -0.284117 0.803472
1.194207 -0.237404 0.840857
1.170398 -0.210538 0.875377
1.141610 -0.208548 0.889214
1.118662 -0.224958 0.876101
1.108083 -0.246526 0.841834
1.110148 -0.259935 0.799823
1.133188 -0.209959 0.743469
1.127646 -0.181269 0.752776
1.114344 -0.160331 0.763082
1.097587 -0.150479 0.765339
1.082352 -0.149775 0.755190
1.072105 -0.152690 0.733992
1.067616 -0.152987 0.707332
1.067314 -0.132115 0.663445
1.065185 -0.112467 0.653021
1.058982 -0.091581 0.648720
1.048845 -0.073334 0.646147
1.036419 -0.059799 0.640770
1.023929 -0.050668 0.629818
1.013167 -0.043767 0.613130
1.004825 -0.036246 0.592809
0.998390 -0.025857 0.572020
0.992543 -0.011768 0.553545
0.985819 0.005322 0.538719
0.977220 0.023712 0.527100
1.293655 -0.276972 0.907238
1.249093 -0.227040 0.997080
1.148001 -0.279894 1.030693
1.130847 -0.340259 0.973873
1.214923 -0.319998 0.828257
1.210728 -0.272152 0.863056
1.146549 -0.217535 0.785190
1.134922 -0.195528 0.796047
1.088550 -0.170476 0.704647
1.087524 -0.152268 0.693571
1.082645 -0.132114 0.688999
1.073750 -0.114018 0.686853
1.062281 -0.100402 0.682585
1.050426 -0.091351 0.673139
1.040092 -0.084949 0.657967
1.032163 -0.078398 0.638858
1.026301 -0.069303 0.618844
1.021281 -0.056595 0.600779
1.015624 -0.040749 0.586203
1.008244 -0.023345 0.574912
0.998817 -0.006249 0.565301
0.987791 0.009208 0.555225
0.976069 0.022684 0.542959
0.964568 0.034817 0.527829
1.087820 -0.404763 0.975913
1.292576 -0.314868 0.805253
1.271385 -0.229978 0.905415
1.219967 -0.194512 0.987678
1.163507 -0.213788 1.018102
1.124921 -0.268376 0.990800
1.115554 -0.327209 0.924383
1.132652 -0.362679 0.849861
1.162930 -0.361222 0.796595
1.189651 -0.326596 0.780832
1.200096 -0.275805 0.800494
1.190388 -0.230017 0.838373
1.165815 -0.204820 0.871889
1.137075 -0.204364 0.883863
1.114799 -0.221503 0.868904
1.105098 -0.242786 0.833520
1.107818 -0.255139 0.791410
1.117648 -0.251174 0.756832
1.127115 -0.231314 0.738750
1.130010 -0.202419 0.737876
1.123772 -0.173963 0.747508
1.110004 -0.153647 0.757450
1.093125 -0.144432 0.758873
1.078063 -0.144061 0.747795
1.068117 -0.146867 0.725921
1.063870 -0.146681 0.699025
1.063389 -0.139456 0.673961
1.063425 -0.124583 0.655726
1.060943 -0.104603 0.645685
1.054341 -0.083669 0.641537
1.043876 -0.065574 0.638808
1.031258 -0.052233 0.633029
1.018707 -0.043193 0.621579
1.007956 -0.036197 0.604459
0.999615 -0.028404 0.583882
0.993105 -0.017641 0.563029
0.987080 -0.003181 0.544622
0.980090 0.014194 0.529887
0.971185 0.032751 0.518285
1.208384 -0.385697 0.971428
1.096279 -0.243592 0.806476
1.101826 -0.448410 0.924058
1.291539 -0.282456 0.846897
1.256317 -0.213844 0.945744
1.147984 -0.236151 1.018521
1.119973 -0.296243 0.973253
1.121750 -0.348972 0.900022
1.145871 -0.371160 0.830795
1.176787 -0.355850 0.791007
1.198471 -0.312674 0.790075
1.201215 -0.261455 0.819324
1.184853 -0.222283 0.858152
1.157347 -0.206780 0.884935
1.112226 -0.234994 0.862620
1.107692 -0.254302 0.822979
1.114039 -0.260985 0.782380
1.045539 -0.312906 0.889659
1.240501 -0.226120 0.694799
1.221071 -0.140253 0.793148
1.171265 -0.101325 0.877316
1.114968 -0.115810 0.911366
1.074620 -0.165925 0.886882
1.062000 -0.221882 0.820621
1.075395 -0.256468 0.742993
1.102656 -0.255566 0.684085
1.127768 -0.221726 0.661890
1.138006 -0.170673 0.676382
1.128796 -0.122846 0.711750
1.104429 -0.093995 0.745489
1.074811 -0.089164 0.759240
1.050324 -0.102333 0.745868
1.037417 -0.120859 0.710386
1.036647 -0.131841 0.665826
1.043440 -0.127418 0.626773
1.050774 -0.107147 0.603325
1.052414 -0.077037 0.597620
1.045350 -0.046105 0.604052
1.030538 -0.022177 0.612714
1.011869 -0.008812 0.614191
0.994078 -0.004516 0.603387
0.980652 -0.004185 0.580890
0.972618 -0.001796 0.551810
0.968534 0.006997 0.523021
1.177468 -0.323019 0.902197
1.083562 -0.150925 0.715436
1.047875 -0.265750 0.829733
1.289581 -0.273448 0.856881
1.251142 -0.209738 0.954197
1.143832 -0.241436 1.015931
1.118765 -0.302159 0.966526
1.123287 -0.352651 0.892264
1.148849 -0.371115 0.825033
1.199585 -0.307403 0.791727
1.200272 -0.256565 0.822959
1.182341 -0.219419 0.861476
1.127625 -0.215973 0.885073
1.125605 -0.248481 0.751487
1.132576 -0.223226 0.742251
1.131193 -0.193457 0.747703
1.120971 -0.168303 0.758850
1.105130 -0.153413 0.765595
1.075893 -0.151217 0.744441
1.068903 -0.153382 0.719382
1.066945 -0.150212 0.692696
1.067254 -0.139255 0.670649
1.062214 -0.100686 0.649988
1.053709 -0.080862 0.647241
1.042043 -0.065105 0.643602
1.254121 -0.453899 1.008647
1.253154 -0.428253 1.019203
1.243727 -0.409039 1.032091
1.229909 -0.400870 1.038459
1.216951 -0.402838 1.033586
1.208860 -0.409819 1.018189
1.206918 -0.415337 0.997223
1.209588 -0.414512 0.977151
1.213610 -0.405845 0.963027
1.215642 -0.391323 0.956592
1.213677 -0.375033 0.956022
1.207684 -0.361112 0.957240
1.199306 -0.351980 0.955988
1.190892 -0.347591 0.949666
1.184397 -0.345846 0.938155
1.180617 -0.343817 0.923476
1.179050 -0.339105 0.908607
1.178306 -0.330760 0.896098
1.176835 -0.319452 0.887070
1.173594 -0.306932 0.880957
1.168411 -0.295123 0.876002
1.161909 -0.285288 0.870173
1.155121 -0.277598 0.862057
1.148988 -0.271235 0.851355
1.136394 -0.248193 0.813611
1.049922 -0.357112 0.865140
1.111041 -0.202299 0.763610
0.966326 -0.197671 0.675832
0.949432 -0.050109 0.604024
1.236162 -0.444989 1.037572
1.233182 -0.438501 1.030288
1.230150 -0.431920 1.022910
1.227062 -0.425244 1.015441
1.223914 -0.418468 1.007884
1.220699 -0.411595 1.000235
1.217417 -0.404626 0.992489
1.214065 -0.397562 0.984641
1.172183 -0.312670 0.890792
1.283147 -0.253053 0.882504
1.237659 -0.202426 0.974003
1.134844 -0.255928 1.007679
1.117295 -0.316845 0.949159
1.128271 -0.360817 0.873763
1.156716 -0.369800 0.812590
1.186026 -0.342968 0.786247
1.201741 -0.294501 0.797635
1.197351 -0.245488 0.832858
1.175905 -0.213853 0.869662
1.147177 -0.207089 0.888547
1.122356 -0.220759 0.880698
1.109081 -0.242452 0.849737
1.108886 -0.258352 0.808055
1.117601 -0.259167 0.770400
1.127975 -0.243212 0.747585
1.133149 -0.215925 0.742603
1.129444 -0.186534 0.750447
1.073645 -0.152080 0.738826
1.068078 -0.153334 0.712701
1.066994 -0.148314 0.686668
1.165354 -0.406627 1.054565
1.175764 -0.453815 0.984052
1.204586 -0.466942 0.926197
1.250321 -0.350892 0.947718
1.204152 -0.441102 1.051340
1.209644 -0.457758 1.013691
1.222668 -0.457463 0.984105
1.235214 -0.440577 0.970918
1.240700 -0.414335 0.974224
1.236546 -0.388746 0.986985
1.224655 -0.371894 0.999133
1.197492 -0.370836 0.993513
1.190848 -0.378006 0.974797
1.190332 -0.381812 0.952230
0.975441 -0.182741 0.784923
0.975353 -0.070585 0.683494
0.982245 -0.106448 0.599677
1.233761 -0.440880 1.041373
1.224029 -0.420266 1.003208
1.205884 -0.380524 0.969809
1.084569 -0.385220 0.996105
1.276136 -0.238389 0.888608
1.227743 -0.194494 0.976323
1.128066 -0.257461 0.996182
1.114160 -0.317601 0.933740
1.127930 -0.357795 0.858312
1.157271 -0.361993 0.800350
1.185471 -0.331455 0.778596
1.198816 -0.281698 0.793728
1.191968 -0.233918 0.830295
1.168998 -0.205038 0.865784
1.140129 -0.201056 0.881642
1.116328 -0.216294 0.870545
1.104569 -0.237826 0.837421
1.105630 -0.252128 0.795300
1.243554 -0.466567 0.996241
1.250934 -0.441377 0.997388
1.248665 -0.415054 1.009599
1.237940 -0.396440 1.022923
1.223336 -0.389604 1.028448
1.210308 -0.392873 1.021940
1.202730 -0.400503 1.004850
1.201527 -0.405776 0.982769
1.204772 -0.403980 0.962454
1.208942 -0.394064 0.948849
1.210655 -0.378500 0.943281
1.208063 -0.361702 0.943430
1.201396 -0.347850 0.944857
1.192533 -0.339158 0.943220
1.183940 -0.335250 0.936091
1.177537 -0.333735 0.923672
1.173979 -0.331543 0.908290
1.172588 -0.326320 0.893096
1.166557 -0.292428 0.865946
1.160959 -0.280460 0.861007
1.154102 -0.270649 0.854921
1.147082 -0.263025 0.846328
1.128026 -0.232582 0.796277
1.079525 -0.379130 0.977630
1.284774 -0.311512 0.779338
1.267907 -0.222849 0.878474
1.218624 -0.181204 0.964861
1.161477 -0.194907 1.001767
1.120082 -0.246725 0.980075
1.107238 -0.306191 0.916171
1.121669 -0.344793 0.840426
1.151005 -0.347200 0.783108
1.178585 -0.315345 0.762419
1.190993 -0.265103 0.778405
1.183271 -0.217609 0.815181
1.159768 -0.189407 0.850158
1.130783 -0.186013 0.865027
1.107162 -0.201399 0.852851
1.095654 -0.222543 0.818892
1.096827 -0.236063 0.776348
1.105871 -0.233773 0.739789
1.115427 -0.215196 0.719083
1.119015 -0.186582 0.716001
1.113584 -0.157292 0.724587
1.100262 -0.135401 0.734796
1.067401 -0.122907 0.727571
1.056390 -0.125249 0.706436
1.051111 -0.125286 0.679363
1.049911 -0.118625 0.653261
1.049642 -0.104218 0.633521
1.047185 -0.084263 0.622040
1.040718 -0.062796 0.616955
0.992654 -0.011696 0.580596
0.983454 -0.003649 0.559859
0.976186 0.007148 0.538369
0.969583 0.021635 0.518998
1.170770 -0.219930 0.764765
1.007457 -0.215748 0.863152
1.035307 -0.312160 0.711468
1.188579 -0.088551 0.683761
1.040014 -0.073514 0.820146
1.017702 -0.128991 0.761798
1.022705 -0.170121 0.681422
1.045659 -0.178538 0.610977
1.071297 -0.151964 0.573629
1.085522 -0.102693 0.575567
1.081054 -0.050452 0.605453
1.059479 -0.013020 0.641609
1.029183 0.001018 0.662946
1.000688 -0.005587 0.657818
0.981914 -0.021848 0.627152
0.975396 -0.034490 0.581854
0.978184 -0.033722 0.536846
1.242617 -0.354898 0.790939
1.204499 -0.448224 1.035982
1.213716 -0.458933 0.999938
1.227488 -0.451854 0.975994
1.237942 -0.430303 0.969480
1.239813 -0.403130 0.977457
1.232287 -0.380124 0.991161
1.218647 -0.367672 1.000677
1.204214 -0.366570 0.999392
1.193748 -0.372602 0.986243
1.189535 -0.379162 0.965244
1.190841 -0.380419 0.942995
1.196652 -0.342703 0.913602
1.106368 -0.191780 0.752567
1.003926 -0.263396 0.719131
0.997641 -0.077034 0.744057
0.994900 -0.124014 0.664660
1.013581 -0.141718 0.586363
1.057745 -0.022949 0.549697
1.039711 0.021135 0.586505
1.010021 0.043061 0.614073
0.955891 0.028399 0.592517
0.944759 0.014225 0.548901
1.160617 -0.425628 1.016588
1.240413 -0.324585 0.956174
1.214795 -0.303842 0.988593
1.186624 -0.308433 0.997672
1.186084 -0.286631 0.878311
1.172556 -0.269905 0.888888
1.156853 -0.264729 0.889657
1.143997 -0.267935 0.877903
1.136960 -0.273274 0.856476
1.135761 -0.274534 0.831712
1.137941 -0.268115 0.810290
1.139974 -0.254105 0.796435
1.138900 -0.235669 0.790520
1.133467 -0.217247 0.789474
1.124383 -0.202498 0.788585
1.113708 -0.192882 0.783730
1.103769 -0.187403 0.772998
1.091155 -0.178014 0.738806
1.087885 -0.169234 0.721218
1.084802 -0.156755 0.706705
1.080463 -0.141746 0.695907
1.074097 -0.126158 0.687753
1.065810 -0.111782 0.680163
1.046929 -0.089214 0.659209
1.038200 -0.079762 0.644622
1.009348 -0.030303 0.582456
1.276391 -0.419818 0.974970
1.265453 -0.377190 1.014885
1.240361 -0.357098 1.047027
1.212720 -0.362315 1.056255
1.193267 -0.384226 1.039581
1.187478 -0.408484 1.005206
1.194177 -0.422025 0.967243
1.207126 -0.418274 0.939059
1.218415 -0.398854 0.927879
1.222040 -0.371664 0.932601
1.216155 -0.346592 0.945434
1.203208 -0.330986 0.956257
1.188211 -0.326918 0.957340
1.176190 -0.331167 0.946224
1.170071 -0.337459 0.925878
1.169798 -0.339603 0.902578
1.172844 -0.334064 0.882809
1.175655 -0.321013 0.870548
1.175295 -0.303678 0.865971
1.170580 -0.286512 0.865935
1.137271 -0.258040 0.836979
1.133494 -0.253797 0.820072
1.068332 -0.124117 0.681799
1.257834 -0.275152 0.739982
1.158962 -0.354004 1.064502
1.155282 -0.412867 0.996624
1.177002 -0.444774 0.926557
1.209349 -0.438644 0.881714
1.235355 -0.400915 0.874918
1.243317 -0.350334 0.900712
1.231050 -0.308179 0.940109
1.205374 -0.288621 0.971049
1.177689 -0.293706 0.978616
1.158317 -0.314540 0.960134
1.152343 -0.336971 0.924059
1.158398 -0.348401 0.884640
1.170289 -0.342732 0.855250
1.180321 -0.321864 0.843042
1.182740 -0.293689 0.846815
1.175857 -0.267865 0.858696
1.162129 -0.251446 0.868505
1.146452 -0.246298 0.868458
1.133695 -0.249157 0.856064
1.126667 -0.253849 0.834275
1.125290 -0.254350 0.809388
1.127100 -0.247258 0.787950
1.128647 -0.232784 0.774027
1.127076 -0.214101 0.767882
1.121223 -0.195559 0.766424
1.111832 -0.180684 0.764999
1.100934 -0.170826 0.759579
1.090794 -0.164945 0.748342
1.082929 -0.160431 0.732071
1.077600 -0.154437 0.713421
1.073907 -0.145097 0.695541
1.070345 -0.132131 0.680709
1.065511 -0.116716 0.669526
1.058669 -0.100764 0.660916
1.049941 -0.086012 0.652824
1.040113 -0.073333 0.643205
1.030205 -0.062510 0.630867
1.021008 -0.052497 0.615819
1.012794 -0.041980 0.599085
0.997849 -0.016094 0.566183
0.989814 -0.000757 0.551803
1.037177 -0.176622 0.797488
1.059791 -0.364949 0.831133
1.241346 -0.190041 0.743391
1.205661 -0.121425 0.842527
1.097101 -0.140799 0.915972
1.068092 -0.198258 0.869405
1.068068 -0.248411 0.793344
1.089965 -0.268585 0.720101
1.118801 -0.251901 0.675902
1.138978 -0.207630 0.671165
1.140849 -0.155050 0.698020
1.123923 -0.113859 0.736070
1.095659 -0.095679 0.763162
1.066982 -0.100377 0.765230
1.047095 -0.118132 0.740759
1.039970 -0.135210 0.699155
1.043626 -0.140268 0.655149
1.051914 -0.128569 0.622121
1.057672 -0.102862 0.606927
1.055807 -0.071120 0.607985
1.045075 -0.042454 0.617105
1.027992 -0.023147 0.623888
1.009181 -0.014482 0.620408
0.993110 -0.013026 0.604081
0.982287 -0.012823 0.577827
0.976569 -0.008241 0.548015
0.973644 0.003796 0.521381
1.221149 -0.353647 0.815769
1.252444 -0.457036 1.002000
1.253672 -0.429803 1.011689
1.245446 -0.407709 1.026056
1.231476 -0.396785 1.035226
1.217286 -0.397257 1.033062
1.207569 -0.404413 1.019139
1.213036 -0.374416 0.950862
1.207662 -0.359207 0.952584
1.142114 -0.261345 0.836268
1.154443 -0.399712 1.021240
1.169878 -0.441671 0.948613
1.200944 -0.446984 0.894216
1.230462 -0.417118 0.875951
1.244511 -0.368065 0.893657
1.237910 -0.321478 0.931429
1.215136 -0.294448 0.966927
1.186833 -0.292777 0.982306
1.164195 -0.310367 0.971125
1.154139 -0.333892 0.938965
1.157150 -0.349636 0.899046
1.168163 -0.349243 0.865657
1.179535 -0.332304 0.848177
1.184629 -0.305317 0.847864
1.180446 -0.277915 0.858444
1.168330 -0.258308 0.869897
1.152706 -0.250016 0.873324
1.138709 -0.251136 0.864536
1.129907 -0.256041 0.845015
1.127081 -0.258351 0.820377
1.128349 -0.253705 0.797418
1.130379 -0.241245 0.781145
1.129990 -0.223422 0.772970
1.125454 -0.204460 0.770647
1.116984 -0.188313 0.769752
1.106336 -0.177053 0.765869
1.095823 -0.170296 0.756431
1.087263 -0.165765 0.741489
1.081303 -0.160538 0.723276
1.073976 -0.140468 0.689158
1.069703 -0.125665 0.677028
1.063550 -0.109743 0.667927
1.055391 -0.094582 0.659987
1.045859 -0.081355 0.651059
1.035958 -0.070157 0.639643
1.026588 -0.060133 0.625394
1.003346 -0.025320 0.575891
0.995652 -0.010439 0.561139
0.987013 0.005370 0.547838
1.218709 -0.303027 0.776412
1.168808 -0.443769 1.017302
1.192900 -0.472533 0.949671
1.225836 -0.462928 0.909472
1.250741 -0.423082 0.907451
1.256724 -0.372651 0.936223
1.242695 -0.332711 0.975913
1.216321 -0.316356 1.004908
1.189261 -0.324288 1.009649
1.171498 -0.346639 0.988969
1.167422 -0.369005 0.952334
1.174957 -0.379235 0.914187
1.187483 -0.372090 0.887330
1.197295 -0.350333 0.877886
1.198996 -0.322359 0.883654
1.191424 -0.297804 0.896217
1.177484 -0.283248 0.905496
1.162256 -0.279900 0.904323
1.150494 -0.283968 0.890982
1.144685 -0.289083 0.869020
1.144389 -0.289390 0.844934
1.146896 -0.281892 0.825043
1.148708 -0.267246 0.812911
1.147120 -0.248919 0.808263
1.141222 -0.231298 0.807666
1.131997 -0.217710 0.806442
1.105399 -0.200582 0.773298
1.101042 -0.194961 0.755328
1.029888 -0.065003 0.617418
1.084016 -0.401059 0.876444
1.204049 -0.431011 1.060306
1.205679 -0.451703 1.022870
1.217084 -0.457138 0.989425
1.230584 -0.445013 0.970535
1.238791 -0.420706 0.968999
1.237691 -0.393851 0.979729
1.227835 -0.373585 0.993096
1.213378 -0.364706 0.999793
1.199724 -0.366328 0.994768
1.191029 -0.373191 0.978648
1.188660 -0.378617 0.956533
1.191080 -0.377536 0.935178
1.194956 -0.368350 0.919940
1.196836 -0.353056 0.912751
1.194618 -0.335849 0.911807
1.188219 -0.321009 0.912885
1.158782 -0.301370 0.877154
1.167861 -0.063939 0.695971
1.016611 -0.271908 0.820858
1.183584 -0.074211 0.736143
1.035524 -0.107662 0.818220
1.024118 -0.161734 0.747431
1.037965 -0.192615 0.666978
1.064495 -0.187546 0.607073
1.087844 -0.150301 0.585164
1.095812 -0.097237 0.600345
1.084415 -0.048693 0.635995
1.058329 -0.019793 0.669152
1.027514 -0.014825 0.681414
1.002136 -0.027240 0.665899
0.988334 -0.044254 0.627994
0.986418 -0.053163 0.581073
0.991732 -0.046462 0.539957
0.997320 -0.024024 0.514848
1.087894 -0.410423 0.865754
1.162085 -0.289610 0.886802
1.119385 -0.210819 0.789892
1.112220 -0.203283 0.778313
1.275297 -0.433190 0.964417
1.269902 -0.386556 1.002516
1.299410 -0.283072 0.953949
1.152081 -0.315174 1.049184
1.141356 -0.376121 0.985618
1.158024 -0.414982 0.912469
1.189025 -0.416898 0.859283
1.217322 -0.384606 0.842948
1.229597 -0.334743 0.862144
1.221396 -0.288800 0.900194
1.197714 -0.263101 0.934661
1.169304 -0.262525 0.948174
1.147103 -0.280332 0.935004
1.137583 -0.303048 0.901335
1.140831 -0.317263 0.860674
1.151577 -0.315160 0.827235
1.162220 -0.296840 0.810057
1.166344 -0.269073 0.809974
1.161226 -0.241454 0.820399
1.148409 -0.221920 0.831219
1.132371 -0.213641 0.833652
1.118157 -0.214457 0.823737
1.109174 -0.218664 0.803183
1.106052 -0.219979 0.777737
1.106831 -0.214237 0.754201
1.108189 -0.200770 0.737495
1.107024 -0.182136 0.728903
1.101704 -0.162553 0.726071
1.092511 -0.145885 0.724523
1.081216 -0.134078 0.719857
1.070100 -0.126661 0.709558
1.060924 -0.121324 0.693735
1.054286 -0.115177 0.674663
1.049561 -0.106028 0.655515
1.045351 -0.093175 0.638932
1.040181 -0.077453 0.626020
1.033107 -0.060649 0.616131
1.024018 -0.044613 0.607384
1.013545 -0.030483 0.597625
1.002673 -0.018331 0.585349
0.992283 -0.007298 0.570208
0.965601 0.030731 0.517825
1.243497 -0.208396 0.717808
1.091918 -0.419291 0.965930
1.294520 -0.309453 0.818801
1.269589 -0.228235 0.919329
1.160927 -0.222082 1.022396
1.124887 -0.278575 0.990305
1.118430 -0.336327 0.921809
1.137559 -0.368688 0.848344
1.168299 -0.363716 0.798413
1.193971 -0.326719 0.786575
1.202547 -0.275563 0.809002
1.191093 -0.231292 0.847475
1.115976 -0.228652 0.871603
1.107661 -0.249693 0.834998
1.111456 -0.260768 0.793171
1.053996 -0.304005 0.946784
1.084768 -0.401998 0.800508
1.242122 -0.180468 0.794723
1.197751 -0.128791 0.886239
1.140805 -0.131677 0.933965
1.095259 -0.176296 0.922852
1.076030 -0.234252 0.864597
1.084519 -0.276402 0.787600
1.110454 -0.284817 0.723094
1.137944 -0.258152 0.692542
1.152840 -0.209717 0.700086
1.148411 -0.159831 0.732900
1.127096 -0.126147 0.769073
1.098017 -0.116482 0.788594
1.071980 -0.127093 0.781599
1.056654 -0.146251 0.750651
1.053957 -0.160502 0.707515
1.060243 -0.160461 0.666952
1.068692 -0.143973 0.640382
1.072583 -0.115867 0.631725
1.068044 -0.084911 0.636814
1.055212 -0.059573 0.646279
1.037540 -0.044526 0.650266
1.019823 -0.039312 0.642617
1.005989 -0.039371 0.622801
0.997636 -0.038595 0.595202
0.993765 -0.032081 0.566575
0.991606 -0.017922 0.542978
0.988015 0.002494 0.527440
0.980806 0.025561 0.519175
1.316380 -0.330999 0.855769
1.287234 -0.247976 0.963055
1.135775 -0.313882 1.027457
1.131994 -0.375558 0.954166
1.154842 -0.408474 0.878554
1.188754 -0.401204 0.829934
1.215912 -0.360712 0.822124
1.224039 -0.306831 0.849415
1.210852 -0.261978 0.891540
1.183520 -0.241040 0.924820
1.154028 -0.246115 0.933142
1.133231 -0.267793 0.913469
1.126500 -0.291155 0.874711
1.132444 -0.302922 0.832068
1.144594 -0.296649 0.799938
1.154876 -0.274294 0.786175
1.157201 -0.244134 0.789718
1.149719 -0.216349 0.802274
1.134939 -0.198422 0.812923
1.117968 -0.192396 0.813179
1.103938 -0.194900 0.800154
1.095863 -0.199463 0.776823
1.093743 -0.199709 0.749850
1.095052 -0.191979 0.726300
1.096186 -0.176397 0.710699
1.094110 -0.156237 0.703535
1.087524 -0.136067 0.701644
1.077129 -0.119651 0.700071
1.065010 -0.108503 0.694402
1.053546 -0.101617 0.682512
1.044377 -0.096289 0.665068
1.037849 -0.089510 0.644820
1.033078 -0.079248 0.625155
1.028507 -0.065121 0.608625
1.022648 -0.048295 0.596031
1.014669 -0.030755 0.586356
1.004632 -0.014362 0.577449
0.993316 -0.000104 0.567081
1.013836 -0.191490 0.810083
1.047127 -0.259133 0.974602
1.063944 -0.373562 0.826782
1.242684 -0.188984 0.753545
1.205179 -0.122997 0.852049
1.096998 -0.147797 0.919288
1.069618 -0.205848 0.870264
1.071216 -0.254982 0.793530
1.094086 -0.273226 0.721427
1.122964 -0.254658 0.679497
1.142395 -0.209357 0.677084
1.143186 -0.156941 0.705339
1.125382 -0.116893 0.743426
1.096809 -0.100226 0.769409
1.068459 -0.106144 0.769900
1.049327 -0.124395 0.744133
1.043038 -0.141186 0.702029
1.047288 -0.145448 0.658435
1.055754 -0.132879 0.626470
1.061296 -0.106635 0.612498
1.059005 -0.074899 0.614440
1.047883 -0.046738 0.623820
1.030640 -0.028189 0.630255
1.011972 -0.020222 0.626089
0.996283 -0.019167 0.609101
0.985934 -0.018989 0.582514
0.980620 -0.014146 0.552821
0.977926 -0.001754 0.526685
1.089317 -0.406819 0.981851
1.294678 -0.320233 0.808603
1.274045 -0.234849 0.908680
1.222865 -0.198659 0.991423
1.117701 -0.330893 0.930017
1.084763 -0.364708 1.008094
1.277474 -0.245734 0.871712
1.232861 -0.195553 0.961963
1.176107 -0.200476 1.007933
1.131495 -0.247180 0.995902
1.113874 -0.306780 0.938414
1.124263 -0.349897 0.863988
1.151890 -0.358728 0.803294
1.180486 -0.332358 0.776756
1.195838 -0.284626 0.787403
1.191493 -0.236203 0.821698
1.170364 -0.204716 0.857779
1.141989 -0.197601 0.876379
1.117341 -0.210594 0.868678
1.103956 -0.231564 0.838105
1.103399 -0.246946 0.796784
1.111630 -0.247570 0.759244
1.121562 -0.231714 0.736209
1.126454 -0.204653 0.730735
1.122657 -0.175420 0.737994
1.110661 -0.152440 0.748437
1.094236 -0.140077 0.752567
1.078313 -0.137454 0.744918
1.066738 -0.139678 0.725658
1.060866 -0.140539 0.699598
1.059409 -0.135284 0.673498
1.059391 -0.122328 0.653032
1.057635 -0.103410 0.640634
1.052090 -0.082351 0.634973
1.042498 -0.063156 0.632050
1.030214 -0.048324 0.627254
1.017376 -0.038050 0.617358
1.005903 -0.030518 0.601619
0.996737 -0.022967 0.581689
0.989618 -0.012975 0.560570
0.983378 0.000612 0.541198
0.976558 0.017416 0.525265
1.117648 -0.163912 0.761355
1.006432 -0.038070 0.597318
0.993843 -0.015100 0.557228
0.979258 0.019749 0.529424
0.968996 0.037839 0.519122
1.061493 -0.266279 0.782997
1.089897 -0.417629 0.885315
1.272074 -0.247230 0.811724
1.236470 -0.180768 0.908905
1.180701 -0.168171 0.972133
1.129883 -0.203761 0.978362
1.102583 -0.262099 0.932351
1.104287 -0.312539 0.858963
1.127540 -0.332751 0.789820
1.157133 -0.316326 0.749962
1.177518 -0.272959 0.748563
1.179368 -0.222096 0.776958
1.162634 -0.183254 0.814767
1.135121 -0.167596 0.840622
1.107853 -0.174482 0.841590
1.089857 -0.193761 0.817115
1.084761 -0.211681 0.777035
1.090220 -0.217175 0.735882
1.099855 -0.205950 0.706342
1.106503 -0.181178 0.694372
1.105287 -0.151058 0.697661
1.095299 -0.124634 0.707762
1.079353 -0.107872 0.714570
1.062205 -0.101641 0.710833
1.048250 -0.102187 0.694702
1.039773 -0.103452 0.669589
1.036351 -0.099949 0.641946
1.035476 -0.088915 0.618183
1.033898 -0.071000 0.602088
1.029073 -0.049475 0.593659
1.020087 -0.028470 0.589658
1.007768 -0.011143 0.585424
0.994062 0.001474 0.577006
0.981049 0.010558 0.562664
0.970069 0.018657 0.543226
0.961295 0.028431 0.521349
1.309430 -0.302455 0.979233
1.152027 -0.399294 1.008435
1.169520 -0.438195 0.936045
1.201124 -0.439812 0.884216
1.229647 -0.407212 0.869378
1.241807 -0.357350 0.889712
1.233348 -0.311867 0.928235
1.209508 -0.287015 0.962535
1.181221 -0.287427 0.975560
1.159458 -0.306086 0.961996
1.150590 -0.329336 0.928358
1.154523 -0.343749 0.888271
1.176780 -0.323323 0.839812
1.181021 -0.295765 0.840714
1.175933 -0.268652 0.851736
1.163209 -0.249874 0.862742
1.147438 -0.242453 0.865109
1.133696 -0.244054 0.855134
1.125333 -0.248855 0.834753
1.120211 -0.194609 0.761576
1.019119 -0.048744 0.613049
1.255209 -0.447353 1.007854
1.252075 -0.421461 1.020791
1.240770 -0.403958 1.033844
1.206630 -0.410427 1.013073
1.206091 -0.415361 0.990989
1.209725 -0.412917 0.971299
1.213924 -0.402414 0.958648
1.215383 -0.386620 0.953966
1.212445 -0.370046 0.954624
1.182292 -0.344140 0.933843
1.179127 -0.341921 0.918492
1.178019 -0.336501 0.903648
1.177395 -0.327286 0.891722
1.175691 -0.315311 0.883482
1.172004 -0.302550 0.877978
1.166363 -0.290936 0.873200
1.159568 -0.281554 0.867084
1.152728 -0.274317 0.858385
1.146750 -0.268194 0.847067
1.163481 -0.424727 1.031400
1.182131 -0.462952 0.960198
1.214320 -0.463571 0.910502
1.242762 -0.430277 0.897913
1.254386 -0.380465 0.919793
1.245329 -0.335847 0.958730
1.221211 -0.312372 0.992445
1.193159 -0.314186 1.004445
1.172095 -0.333839 0.990090
1.164152 -0.357484 0.956370
1.168940 -0.371780 0.917039
1.180791 -0.369338 0.885972
1.191944 -0.350831 0.871476
1.196104 -0.323487 0.873588
1.190876 -0.297057 0.885219
1.178169 -0.279287 0.896240
1.162701 -0.272935 0.898300
1.149540 -0.275414 0.888069
1.141921 -0.280768 0.867795
1.140198 -0.282722 0.843462
1.142169 -0.277343 0.821750
1.144395 -0.264299 0.807179
1.143823 -0.246434 0.800553
1.138996 -0.228086 0.799166
1.130411 -0.213036 0.798456
1.119997 -0.203005 0.794213
1.110076 -0.197265 0.784276
1.102328 -0.193334 0.769106
1.097200 -0.188297 0.751179
1.093918 -0.180080 0.733655
1.081006 -0.138228 0.699722
1.073092 -0.123892 0.692270
1.282634 -0.413317 1.029508
1.199794 -0.427092 1.046044
1.203281 -0.445745 1.008123
1.235290 -0.408076 0.960641
1.232604 -0.381618 0.972370
1.221631 -0.362839 0.985170
1.163787 -0.295423 0.892179
1.306606 -0.297908 0.982327
1.160107 -0.339394 1.067722
1.151651 -0.400227 1.002978
1.170141 -0.437390 0.931040
1.165416 -0.339073 0.852548
1.121674 -0.248218 0.806229
1.123099 -0.242302 0.783740
1.124809 -0.228743 0.768356
1.123767 -0.210336 0.760974
1.109467 -0.175638 0.757731
1.098551 -0.164856 0.753048
1.088050 -0.158349 0.742655
1.079646 -0.153677 0.726931
1.073814 -0.147945 0.708310
1.061507 -0.111220 0.662503
1.054866 -0.095074 0.653456
1.046260 -0.079883 0.645296
1.036390 -0.066690 0.635906
1.016750 -0.045223 0.609116
0.995448 -0.225424 0.804228
1.165769 -0.044842 0.682224
1.015403 -0.060802 0.783735
0.999583 -0.115002 0.715751
1.009739 -0.148882 0.633292
1.034445 -0.147760 0.567636
1.067733 -0.060555 0.548348
1.058231 -0.009605 0.581857
1.033068 0.023393 0.616434
1.001590 0.032559 0.632284
0.974089 0.023039 0.620426
0.957391 0.006970 0.584427
0.952693 -0.002694 0.536787
1.000528 -0.240512 0.860736
1.302830 -0.277409 0.899669
1.146592 -0.271904 1.043707
1.126169 -0.337746 0.985038
1.136604 -0.387559 0.906420
1.166793 -0.400912 0.840969
1.199139 -0.375588 0.811468
1.217794 -0.325796 0.822228
1.215121 -0.273880 0.859435
1.193767 -0.239520 0.899720
1.163892 -0.231585 0.922005
1.137544 -0.246098 0.916247
1.123236 -0.270159 0.885632
1.123018 -0.288909 0.842916
1.132725 -0.292000 0.803724
1.144691 -0.277108 0.779819
1.151460 -0.249654 0.774815
1.120633 -0.183347 0.802729
1.104436 -0.181859 0.796434
1.092934 -0.185945 0.777664
1.087707 -0.188831 0.751504
1.087425 -0.185236 0.725207
1.168475 -0.435270 1.025114
1.189471 -0.467974 0.957196
1.221366 -0.463395 0.913366
1.247403 -0.427410 0.906438
1.255870 -0.378238 0.931391
1.244396 -0.336855 0.969892
1.219539 -0.317447 1.000450
1.167630 -0.365404 0.956380
1.105237 -0.392597 0.866922
0.988659 -0.187065 0.834484
0.994750 -0.092077 0.725615
0.998762 -0.132934 0.643357
1.020907 -0.141072 0.570430
1.055174 -0.010464 0.560053
1.033169 0.028432 0.596479
1.002117 0.043942 0.618560
0.972511 0.038569 0.614012
0.952375 0.023163 0.583241
0.944433 0.011026 0.536933
