inf
2.960896758374005899e-01
2.690687825817338341e-01
2.629866861476301554e-01
2.613107489097993841e-01
2.607769621229187318e-01
2.582364441447345671e-01
2.573230263619312730e-01
2.556726069688146641e-01
2.518914218306514963e-01
2.516567906263518228e-01
2.504309304767784461e-01
2.494844211042410442e-01
2.441599353867116851e-01
2.426523415258695360e-01
2.418861716083246793e-01
2.413481811508157715e-01
2.405028759593710042e-01
2.400038476909476248e-01
2.396420060988252443e-01
2.390279276152433852e-01
2.390074224998787467e-01
2.387633137925659621e-01
2.385324357732129807e-01
2.379154541652018784e-01
2.375528376428528987e-01
2.357057378487225074e-01
2.340758690546207721e-01
2.309046303194597083e-01
2.307625744220316577e-01
2.298869925108619761e-01
2.294650789839923211e-01
2.264125019989363663e-01
2.256899349253106701e-01
2.234148362876346439e-01
2.214283032746448554e-01
2.211499908386978797e-01
2.199957201583921662e-01
2.181063990135136410e-01
2.178116001373293087e-01
2.170654686189716076e-01
2.128719379227720643e-01
2.107202649693165619e-01
2.096050607481125261e-01
2.095635122854074550e-01
2.094155022643049979e-01
2.079952333840872913e-01
2.079239079098946785e-01
2.067681963561565917e-01
2.057554808156415449e-01
2.050508544371279773e-01
2.042753459069871491e-01
2.035405655458876750e-01
2.026129585883494344e-01
2.017881042478324727e-01
2.014236664237779306e-01
2.011132880572651382e-01
2.005313394859106479e-01
1.999841531207751377e-01
1.997603005187069403e-01
1.990809788926658774e-01
1.989227001648109505e-01
1.972285981839320135e-01
1.970671049709624145e-01
1.970319630389280596e-01
1.968196802152218094e-01
1.966161982311145917e-01
1.963863868302331006e-01
1.958938442409031699e-01
1.957722864920699857e-01
1.954287341746377138e-01
1.948786465399791890e-01
1.944964708653308949e-01
1.942514408559804506e-01
1.938452234457153367e-01
1.938100898764086311e-01
1.937830677173859595e-01
1.936467190971887797e-01
1.935256397634337322e-01
1.933013309233898025e-01
1.931992574318650846e-01
1.923295264063779597e-01
1.923223871366167292e-01
1.921744977409373667e-01
1.918293101383483634e-01
1.915598355515381879e-01
1.915237543172935986e-01
1.912121264401269727e-01
1.912034399646445060e-01
1.911300445641956336e-01
1.910078550808836650e-01
1.909491930452271169e-01
1.909092446675806631e-01
1.904293313293048684e-01
1.898903260486685118e-01
1.894665008943044460e-01
1.892710479216713759e-01
1.891834524305748833e-01
1.882751401254353085e-01
1.873783904111100684e-01
1.872137275184161120e-01
1.869928595009573147e-01
1.865394372509020793e-01
1.862166270005295721e-01
1.860947165078419008e-01
1.860511396523008842e-01
1.860426017015124334e-01
1.854722283413091366e-01
1.854415178517131724e-01
1.848302538239304793e-01
1.843140067176211594e-01
1.840259595248697200e-01
1.839769082506856057e-01
1.839496933905573339e-01
1.839219314321961507e-01
1.835427315660513592e-01
1.832703364872760865e-01
1.828473621227737766e-01
1.827560548843714661e-01
1.822386549072601836e-01
1.820047987983613447e-01
1.818644717522144016e-01
1.817991169934203011e-01
1.817610927880630167e-01
1.815609111888563665e-01
1.815278013134546675e-01
1.811258947214284265e-01
1.804688095968280948e-01
1.803861780131200132e-01
1.803237634054725425e-01
1.803044111832257934e-01
1.799824252742940334e-01
1.798992265807895508e-01
1.797582834698323306e-01
1.797066813996431034e-01
1.790124541150448223e-01
1.786355087040956136e-01
1.786326406445549186e-01
1.785700195595371631e-01
1.779492516023758464e-01
1.777005269565125611e-01
1.767384149052247666e-01
1.767070974008921325e-01
1.766357872462409606e-01
1.764552976013668006e-01
1.764087762934540560e-01
1.761583204622990118e-01
1.761337174706373021e-01
1.758807708148521498e-01
1.755837360532908897e-01
1.755535989000656105e-01
1.754954400547742432e-01
1.754148835464915679e-01
1.750893470209038405e-01
1.747791656694097362e-01
1.744911240277938203e-01
1.740622392277755559e-01
1.735757711598495956e-01
1.735195833148346634e-01
1.731527348342186412e-01
1.731354201305845553e-01
1.730189427359651866e-01
1.728350335201086496e-01
1.721601819557908308e-01
1.721539372248171718e-01
1.719739331891206036e-01
1.717594504731907723e-01
1.717499897117134300e-01
1.716916457174274546e-01
1.716318946820778735e-01
1.716310680130495592e-01
1.714990561796274904e-01
1.711569605426428720e-01
1.711529228672680480e-01
1.710539702444249799e-01
1.708909020034854731e-01
1.708885224262345903e-01
1.707798348721177584e-01
1.707604731321703539e-01
1.707603178493808105e-01
1.707061793026133367e-01
1.706896480269011196e-01
1.706062441959898812e-01
1.704819981578333810e-01
1.703840021041572450e-01
1.702778192390761169e-01
1.702422431612465592e-01
1.702326077500730950e-01
1.701699126219493319e-01
1.698014761342901968e-01
1.694108616229684783e-01
1.691723945520824668e-01
1.690993919243307941e-01
1.689421413791911963e-01
1.689004764962310778e-01
1.687924140450578481e-01
1.684191897283412453e-01
1.682148957560747060e-01
1.681356998942731551e-01
1.676512643154104143e-01
1.676370530388763824e-01
1.675640413274095131e-01
1.673942262467039976e-01
1.671144672342280979e-01
1.670344081920477064e-01
1.668681200689760280e-01
1.667875509272966350e-01
1.664214022900750156e-01
1.662626367324680221e-01
1.659099812915827699e-01
1.656478313363552723e-01
1.655669698788242439e-01
1.655201590389856203e-01
1.651467777832981987e-01
1.648366171415823200e-01
1.647908418610971593e-01
1.647198069576525925e-01
1.644172510599112291e-01
1.641411058016673530e-01
1.640760299877610517e-01
1.640594544016269474e-01
1.640014454765307550e-01
1.639708786879373603e-01
1.639447537570004054e-01
1.639314769124461113e-01
1.638964559386708320e-01
1.638020508679626508e-01
1.637680027046741760e-01
1.637478412827481633e-01
1.637334680699192024e-01
1.636097592535058209e-01
1.635998007507764307e-01
1.635966690132470702e-01
1.631190110422144346e-01
1.631071293503442987e-01
1.630227276439566442e-01
1.628162439398242733e-01
1.625863432523385332e-01
1.623020773566309083e-01
1.621781954065328046e-01
1.620276041671855349e-01
1.619999038489170484e-01
1.619225750988304291e-01
1.619019181576197008e-01
1.617708817327464521e-01
1.617393906602396514e-01
1.614763035280910031e-01
1.613399116473081263e-01
1.611522588286616597e-01
1.611333524730100830e-01
1.610903313963969741e-01
1.607715376854738365e-01
1.607703370555915168e-01
1.607641033201473724e-01
1.607291239659126292e-01
1.606878734997182756e-01
1.606681161248904588e-01
1.606221353871479240e-01
1.605567053924455145e-01
1.605141958671496560e-01
1.603459953770756674e-01
1.597848928604495289e-01
1.596891696364240165e-01
1.596641062157768132e-01
1.596217251118682290e-01
1.595876326825738656e-01
1.595133855761474984e-01
1.594656715180607365e-01
1.592488165000897071e-01
1.591389247369509319e-01
1.591236774323197267e-01
1.590969762244520691e-01
1.589952834622883893e-01
1.589197273739985927e-01
1.585611751451369844e-01
1.585528997377383675e-01
1.584093833791934136e-01
1.582876270722428369e-01
1.581939170051668564e-01
1.581326479463191492e-01
1.581047042508162415e-01
1.580837865125583330e-01
1.578870328917824639e-01
1.578340901183285794e-01
1.577077845195198336e-01
1.576698133842669158e-01
1.576625260219892133e-01
1.576207596636213515e-01
1.575702528995078233e-01
1.575412683426546667e-01
1.573813997683703725e-01
1.573443109713733856e-01
1.565125770595026111e-01
1.564517196194675774e-01
1.563517359053815114e-01
1.562068861561524691e-01
1.561888834495138156e-01
1.561855835516665902e-01
1.561813859787025416e-01
1.559881244464212946e-01
1.559068604108680700e-01
1.558786430652894794e-01
1.558745243747255427e-01
1.558219521989699652e-01
1.557598043007157596e-01
1.557531906365106078e-01
1.556369528052907181e-01
1.556318830822804311e-01
1.556077640236911974e-01
1.555504060478916373e-01
1.554499825021756765e-01
1.553537659407407956e-01
1.553131255668867838e-01
1.552123709352033754e-01
1.550911827284233158e-01
1.550556549082192648e-01
1.550205342064598646e-01
1.548953503714949054e-01
1.547093846723912036e-01
1.546195351077594704e-01
1.545489280290719136e-01
1.545477737913202310e-01
1.544234483402103786e-01
1.543027593911349415e-01
1.541287533104215013e-01
1.540476976741635695e-01
1.539548799335443141e-01
1.536177792575960377e-01
1.536112942766179601e-01
1.533419221198055737e-01
1.532922699204497807e-01
1.532810840719196765e-01
1.531844188342534052e-01
1.530368531843797619e-01
1.530268334462705770e-01
1.530005480651870364e-01
1.528258315740866624e-01
1.527198281618637188e-01
1.526956194989030624e-01
1.525328928501218095e-01
1.525025377185833808e-01
1.523119180164364539e-01
1.522826256452343985e-01
1.522550351981826200e-01
1.522080028507096228e-01
1.522064690405136589e-01
1.521084510603926132e-01
1.518430700911681253e-01
1.517995996076874354e-01
1.517805388010051160e-01
1.514304552677410154e-01
1.513648312328083612e-01
1.510962017790243583e-01
1.509260048366166951e-01
1.508956693400155813e-01
1.507478026918777081e-01
1.506963182439295390e-01
1.506807357529411917e-01
1.504827269691813574e-01
1.504304966412884081e-01
1.504043555422828193e-01
1.503690388955211954e-01
1.503500329328120166e-01
1.502565979681077524e-01
1.502110988512233847e-01
1.501777296707790532e-01
0.000000000000000000e+00
