3 189
-0.266599 -0.228528 2.173176
-0.267538 -0.250370 2.110676
-0.271301 -0.273702 2.050763
-0.277778 -0.298751 1.993479
-0.286900 -0.325775 1.938891
-0.298644 -0.355054 1.887092
-0.313025 -0.386895 1.838206
-0.330100 -0.421626 1.792398
-0.349961 -0.459599 1.749876
-0.372739 -0.501183 1.710903
-0.398598 -0.546766 1.675807
-0.075991 0.026286 2.221973
-0.064421 0.019825 2.151845
-0.054957 0.013981 2.083983
-0.047283 0.008695 2.018297
-0.041131 0.003899 1.954708
-0.036268 -0.000480 1.893142
-0.032499 -0.004518 1.833528
-0.029663 -0.008289 1.775802
-0.027622 -0.011867 1.719903
-0.026268 -0.015322 1.665771
-0.025512 -0.018725 1.613351
0.219086 0.212797 2.020584
0.223294 0.233705 1.961537
0.229839 0.256153 1.904918
0.238673 0.280396 1.850766
0.249787 0.306713 1.799142
0.263214 0.335406 1.750135
-0.022812 -0.128864 2.168042
-0.037022 -0.130123 2.100125
-0.049888 -0.132891 2.034517
-0.061759 -0.137181 1.971146
-0.072946 -0.143017 1.909946
-0.083730 -0.150436 1.850865
-0.094365 -0.159490 1.793858
-0.105084 -0.170253 1.738892
-0.116105 -0.182819 1.685944
-0.127637 -0.197309 1.635002
0.170704 0.139745 2.056735
0.170577 0.155616 1.994302
0.172580 0.172372 1.934108
0.176601 0.190215 1.876138
0.182567 0.209364 1.820386
0.190442 0.230058 1.766864
0.200228 0.252554 1.715600
0.211962 0.277133 1.666643
-0.117026 -0.240969 2.179272
-0.135614 -0.249692 2.113523
-0.153391 -0.260839 2.050394
-0.170770 -0.274497 1.989855
-0.188128 -0.290772 1.931905
-0.205816 -0.309794 1.876563
-0.224162 -0.331721 1.823876
-0.243481 -0.356743 1.773920
-0.264080 -0.385081 1.726805
-0.286261 -0.416992 1.682682
-0.310326 -0.452766 1.641749
-0.000806 0.113058 2.213432
0.013892 0.112312 2.143794
0.026922 0.112931 2.076494
0.038649 0.114918 2.011447
0.049398 0.118276 1.948578
0.059459 0.123019 1.887821
0.069091 0.129171 1.829122
0.078528 0.136771 1.772429
0.087982 0.145878 1.717704
0.097653 0.156571 1.664913
0.107729 0.168951 1.614033
-0.350718 -0.494783 2.053193
-0.377302 -0.526205 2.005810
-0.239002 -0.188187 2.186642
-0.237669 -0.207588 2.122158
-0.239079 -0.228163 2.060149
-0.243089 -0.250118 2.000624
-0.249598 -0.273684 1.943613
-0.258550 -0.299118 1.889164
-0.274265 -0.336427 1.820685
-0.356863 -0.493451 1.634500
0.017989 0.081119 1.965074
0.026571 0.082645 1.903358
0.034451 0.085239 1.843653
0.041847 0.088903 1.785899
0.048954 0.093648 1.730041
0.055946 0.099502 1.676027
0.062983 0.106511 1.623813
-0.381615 -0.416934 2.071155
-0.394800 -0.451132 2.021588
-0.411119 -0.488203 1.975513
-0.430609 -0.528447 1.933183
-0.453346 -0.572178 1.894911
-0.336297 -0.470561 1.593744
-0.263585 -0.399376 2.129579
-0.286999 -0.421011 2.073013
-0.310805 -0.446171 2.019779
-0.335425 -0.475019 1.970009
-0.361259 -0.507737 1.923882
-0.388686 -0.544536 1.881637
-0.418069 -0.585645 1.843572
-0.185152 -0.112478 2.207950
-0.179791 -0.127367 2.140446
-0.177004 -0.142816 2.075275
-0.176583 -0.158982 2.012395
-0.178364 -0.176043 1.951780
-0.182227 -0.194200 1.893413
-0.188095 -0.213673 1.837291
-0.195926 -0.234702 1.783429
-0.205718 -0.257546 1.731857
-0.217503 -0.282486 1.682625
-0.231347 -0.309827 1.635811
-0.247350 -0.339897 1.591521
0.118051 0.231431 2.125989
0.135337 0.240917 2.061819
0.152054 0.252767 2.000185
0.168580 0.267074 1.941068
0.185263 0.283950 1.884471
-0.157860 -0.239341 1.600624
0.119446 0.063545 2.096472
0.114902 0.074406 2.031197
0.112293 0.085461 1.968071
0.111434 0.096849 1.907037
0.112181 0.108720 1.848045
-0.213662 -0.168891 2.146272
-0.212608 -0.187028 2.082202
-0.214093 -0.206216 2.020523
-0.217982 -0.226660 1.961234
-0.224179 -0.248589 1.904350
-0.232634 -0.272256 1.849903
-0.247402 -0.306990 1.781198
0.069071 0.148806 1.987669
0.080979 0.155241 1.926132
0.092486 0.163361 1.866757
0.103860 0.173229 1.809503
0.115349 0.184923 1.754341
0.127182 0.198549 1.701253
0.139581 0.214237 1.650234
0.152758 0.232145 1.601296
-0.218385 -0.351914 2.157199
-0.240464 -0.369171 2.096956
-0.262499 -0.389653 2.039789
-0.284920 -0.413498 1.985771
-0.308132 -0.440873 1.935011
-0.332516 -0.471970 1.887665
-0.358436 -0.507010 1.843940
-0.386247 -0.546236 1.804100
-0.416294 -0.589917 1.768477
-0.143248 -0.058004 2.214767
-0.135345 -0.069617 2.145841
-0.129848 -0.081336 2.079190
-0.126507 -0.093279 2.014748
-0.125115 -0.105583 1.952459
-0.125510 -0.118401 1.892273
-0.127567 -0.131901 1.834150
0.203437 0.272765 1.613948
-0.155380 -0.280689 2.158730
-0.175006 -0.292798 2.095151
-0.194164 -0.307637 2.034322
-0.213268 -0.325320 1.976251
-0.232702 -0.345981 1.920972
-0.252825 -0.369784 1.868553
-0.281318 -0.406743 1.803290
-0.007421 0.032282 1.859580
-0.002463 0.031309 1.801001
0.001846 0.030905 1.744281
0.005651 0.031037 1.689358
0.009076 0.031678 1.636176
-0.278176 -0.384514 1.595093
0.068872 0.185982 2.181282
0.085519 0.190851 2.113941
0.101046 0.197704 2.049053
0.115841 0.206594 1.986561
0.130255 0.217589 1.926425
0.144610 0.230775 1.868621
0.255455 0.333663 1.700365
-0.058526 -0.163628 2.136384
-0.073412 -0.168006 2.070121
-0.087301 -0.174190 2.006206
-0.100545 -0.182225 1.944581
-0.113459 -0.192169 1.885203
-0.126334 -0.204100 1.828041
-0.139438 -0.218118 1.773078
-0.153024 -0.234350 1.720314
-0.167336 -0.252951 1.669765
-0.187955 -0.281763 1.605875
0.052604 -0.031941 2.143326
0.042842 -0.027043 2.075695
0.034776 -0.022808 2.010234
0.028130 -0.019179 1.946864
0.022670 -0.016092 1.885509
0.018195 -0.013487 1.826100
