inf
7.606063651398409231e-01
7.157997470048562683e-01
7.044876317544287447e-01
5.163519281091909496e-01
4.868438790169277719e-01
4.824143604074453417e-01
4.771288148552402797e-01
4.712637488070383074e-01
4.675693433490600293e-01
4.515911875946224674e-01
4.492680905554642390e-01
4.287219639530012727e-01
4.273460798103932978e-01
4.152578654088112109e-01
4.088884689777685377e-01
4.029799356310058700e-01
3.954403470781908125e-01
3.923820164874399774e-01
3.884663405654493751e-01
3.873762264658864862e-01
3.836896571202313422e-01
3.798599262832442203e-01
3.769000141403590631e-01
3.741555485355417265e-01
3.741129361749216398e-01
3.724805481401042839e-01
3.654494259785565080e-01
3.635010792971705706e-01
3.629791170843704173e-01
3.627960717016674996e-01
3.619331776267750711e-01
3.616159365352535904e-01
3.530888522196525270e-01
3.453127468039582926e-01
3.371832760849011179e-01
3.358790984405961022e-01
3.353989709438351952e-01
3.353511890204955437e-01
3.339490254711388051e-01
3.332386997705356624e-01
3.331597610033515955e-01
3.276739301926959169e-01
3.242362694511524701e-01
3.219271304428093505e-01
3.202829914508505960e-01
3.179228485988107034e-01
3.099316717287378675e-01
3.052194495995880219e-01
3.038729764635241803e-01
2.959911794997734935e-01
2.920036439706808484e-01
2.856538682916130445e-01
2.847314670912463042e-01
2.828687748863862872e-01
2.813983664317029065e-01
2.796763441860679600e-01
2.793695147863941575e-01
2.781860181756029560e-01
2.750923009402532204e-01
2.739445722171420239e-01
2.718173721616450877e-01
2.707640730648374627e-01
2.701060813592207066e-01
2.699516204992679080e-01
2.673928056334987091e-01
2.646213131243635996e-01
2.641356252643772273e-01
2.625146928835250248e-01
2.625124248682821348e-01
2.598889664380581999e-01
2.574780243664530066e-01
2.552805929392455986e-01
2.548186544722365610e-01
2.546435759668971288e-01
2.543223384640295737e-01
2.526841228344281487e-01
2.519905326130716938e-01
2.518367402239924946e-01
2.484516104706499529e-01
2.481161329269124804e-01
2.461271457591885370e-01
2.451819929793295216e-01
2.451049627579208190e-01
2.450580122630955648e-01
2.430138165823065299e-01
2.428785385225251947e-01
2.422967042534341364e-01
2.422525321159108846e-01
2.419186559188258867e-01
2.402302766342846729e-01
2.383183814069022299e-01
2.381134559314609933e-01
2.380382122641445941e-01
2.377608004271084818e-01
2.377015355146296638e-01
2.374037991896959798e-01
2.372394763362382919e-01
2.363163843783113172e-01
2.348226013849020466e-01
2.347994249013727330e-01
2.339791603243716878e-01
2.317981588083745104e-01
2.314827752595810806e-01
2.297212618419509078e-01
2.296355756982203788e-01
2.286117759260256621e-01
2.281851522909781882e-01
2.269450654022522329e-01
2.265189232799372787e-01
2.260366249589789156e-01
2.255103654375698041e-01
2.254084961312634583e-01
2.253129699619619286e-01
2.238185895929665492e-01
2.222399985072823492e-01
2.219511772113883785e-01
2.219351355726189579e-01
2.214881438590849683e-01
2.194844735450485751e-01
2.185961054445635376e-01
2.182606955146348948e-01
2.180781553529662908e-01
2.165364573764633760e-01
2.159450390241947626e-01
2.158513403203872194e-01
2.154416190194069769e-01
2.150960547835271408e-01
2.142563246176319991e-01
2.104155143086380297e-01
2.103702838993616597e-01
2.099919342827416546e-01
2.098591421193169437e-01
2.096150057171747849e-01
2.095878697619168174e-01
2.092196052841120424e-01
2.083573066671420837e-01
2.073572090371070265e-01
2.065846373629247335e-01
2.055210786930853351e-01
2.053969182311461972e-01
2.051503649880745406e-01
2.018918138549486985e-01
2.017060254675072939e-01
2.011405471185165605e-01
1.997995026606333990e-01
1.995143165305083288e-01
1.992545889930727177e-01
1.960690621998519290e-01
1.946321858626705037e-01
1.936249717756283184e-01
1.930865896800949555e-01
1.930173136153871816e-01
1.923906559745659772e-01
1.922770164329505871e-01
1.921601097641414679e-01
1.919935010985032720e-01
1.917379862571024496e-01
1.907527214246147462e-01
1.905618525541782071e-01
1.899107582282966444e-01
1.888057036440200231e-01
1.885983748983502684e-01
1.876282948616826152e-01
1.853307843149953893e-01
1.847450910746782360e-01
1.841285289290031379e-01
1.836717331333361514e-01
1.834643441581204626e-01
1.827624503334495387e-01
1.817733695494324897e-01
1.816246827101806738e-01
1.814395360968692472e-01
1.812668590197256957e-01
1.805522609768122622e-01
1.805510361213712722e-01
1.805031339756050790e-01
1.802514285504167590e-01
1.797582834698323306e-01
1.796929973705784500e-01
1.796659899003064942e-01
1.795062363338620071e-01
1.785700195595371631e-01
1.782564443771317564e-01
1.781400858171483803e-01
1.773213847646984975e-01
1.766932946381949421e-01
1.763050545009936243e-01
1.750504412069830151e-01
1.741619694510367078e-01
1.730080020724472090e-01
1.723114701781573721e-01
1.719698528608056831e-01
1.718054047808288132e-01
1.717544955484549551e-01
1.710823481312991612e-01
1.709562677558945087e-01
1.709406488697546855e-01
1.708091943685136893e-01
1.698545415324376473e-01
1.687505889792039193e-01
1.687464699888612252e-01
1.683741119489076399e-01
1.682317138029370551e-01
1.677727779222595583e-01
1.675252039038516716e-01
1.664131073225168789e-01
1.659646415551299659e-01
1.653450684819537664e-01
1.650346652146970350e-01
1.640372736241436091e-01
1.637760184407099084e-01
1.637281361421750736e-01
1.637074454201800644e-01
1.620703736334028755e-01
1.617708817327464521e-01
1.615743219372633155e-01
1.615129307817246007e-01
1.614299402229231739e-01
1.613561134909599626e-01
1.610952606893970573e-01
1.605141958671496560e-01
1.600959612273823995e-01
1.600930063373579848e-01
1.599881869081831443e-01
1.599302147703689503e-01
1.596217251118682290e-01
1.596188112311621721e-01
1.594200216159746830e-01
1.594097438879988060e-01
1.587091000734999757e-01
1.581939170051668564e-01
1.578030789458839678e-01
1.577419383364853100e-01
1.576633825182219562e-01
1.576359366281153973e-01
1.574372241838299935e-01
1.566471896642272488e-01
1.565269514347730762e-01
1.563240084663273799e-01
1.561216688639155969e-01
1.558747597690018361e-01
1.558219521989699652e-01
1.557531906365106078e-01
1.552182164350155991e-01
1.551805209150613762e-01
1.545261921945333405e-01
1.545019076088525734e-01
1.536545183682876403e-01
1.533551934782734494e-01
1.532391457688871694e-01
1.531435272214009824e-01
1.530698492711064229e-01
1.525953225293648630e-01
1.525337373475818548e-01
1.522826256452343985e-01
1.521729161373487904e-01
1.519970418627110131e-01
1.515845981572710721e-01
1.514304552677410154e-01
1.512445724851789741e-01
1.500484905671563285e-01
0.000000000000000000e+00
