inf
4.712324955009703498e-01
4.491890808866006446e-01
3.584530621117682503e-01
3.558054402208068456e-01
3.391668561140107063e-01
3.335109754559715256e-01
3.256145412918742821e-01
3.254593406047538995e-01
3.138209529663294473e-01
3.092045792579494190e-01
3.027476898114438431e-01
3.018607302752402965e-01
2.921165545924201412e-01
2.899264325885725357e-01
2.824183912181565947e-01
2.819291211398933794e-01
2.790294777581245333e-01
2.769914556739099809e-01
2.768867129999852961e-01
2.768224975771216845e-01
2.764477397403395931e-01
2.763783388258119200e-01
2.690687825817338341e-01
2.665475309945490312e-01
2.659379236239596267e-01
2.653867140155525273e-01
2.642473584660692820e-01
2.608396362393704537e-01
2.602974979781835785e-01
2.600697373252166544e-01
2.594898460716968391e-01
2.580395807897583049e-01
2.575090717745576741e-01
2.542718752793837189e-01
2.530690071978154987e-01
2.529040522306194028e-01
2.506771564728976220e-01
2.494844211042410442e-01
2.492687265303882849e-01
2.491637890925857690e-01
2.490752091767925447e-01
2.460072365509560766e-01
2.439418307232155969e-01
2.433697824515045072e-01
2.432251081745989418e-01
2.423549774019107539e-01
2.423127155391146814e-01
2.418280076931123568e-01
2.410242389621822801e-01
2.406771836831484157e-01
2.394093447383698336e-01
2.393531974006947172e-01
2.387633137925659621e-01
2.385324357732129807e-01
2.384734728671047965e-01
2.378569551288534090e-01
2.377527365100514933e-01
2.375528376428528987e-01
2.374592120662781802e-01
2.358956118195243701e-01
2.357057378487225074e-01
2.356254674508899416e-01
2.341420026904250662e-01
2.341133052789314828e-01
2.328284981295319356e-01
2.328041336754939628e-01
2.314925077773359041e-01
2.302541632479850331e-01
2.294215832072169781e-01
2.285908082241467354e-01
2.271051625580093880e-01
2.256758007633191954e-01
2.254372783628832422e-01
2.249677657865088720e-01
2.245841861507857085e-01
2.226504685373574266e-01
2.220592387448036276e-01
2.213722016170115436e-01
2.208683065721012972e-01
2.199437796883371155e-01
2.191996970346536677e-01
2.181063990135136410e-01
2.178116001373293087e-01
2.163584337456320172e-01
2.123986322134088223e-01
2.123799105273388166e-01
2.117438081771390035e-01
2.092142736823974780e-01
2.087384973130440857e-01
2.086118844531252015e-01
2.079952333840872913e-01
2.078083317687320630e-01
2.075867487146760837e-01
2.068692812524136337e-01
2.067681963561565917e-01
2.057554808156415449e-01
2.056616889282291138e-01
2.016979416967906447e-01
2.005397477155918817e-01
2.005313394859106479e-01
2.004191311546939802e-01
2.001386480885593844e-01
2.000222157604369666e-01
2.000220726394709991e-01
1.998000338316237856e-01
1.997456326433614260e-01
1.976394155127585983e-01
1.972285981839320135e-01
1.967863965851493202e-01
1.966161982311145917e-01
1.963863868302331006e-01
1.954787650286969602e-01
1.949588790456844578e-01
1.938100898764086311e-01
1.937830677173859595e-01
1.937448906264366000e-01
1.935256397634337322e-01
1.933013309233898025e-01
1.932651902074743744e-01
1.923295264063779597e-01
1.921744977409373667e-01
1.918293101383483634e-01
1.916027839843440772e-01
1.915237543172935986e-01
1.915049559056212214e-01
1.912121264401269727e-01
1.912034399646445060e-01
1.909491930452271169e-01
1.904293313293048684e-01
1.898903260486685118e-01
1.892710479216713759e-01
1.891834524305748833e-01
1.890709096565104663e-01
1.888653032977848645e-01
1.887813469801367106e-01
1.882751401254353085e-01
1.881750525972724075e-01
1.881244226101838890e-01
1.881078612347544810e-01
1.874811314335749768e-01
1.869928595009573147e-01
1.865394372509020793e-01
1.859438113838363382e-01
1.848302538239304793e-01
1.846255082648592671e-01
1.843140067176211594e-01
1.834632789640961714e-01
1.828473621227737766e-01
1.827560548843714661e-01
1.823156651237951842e-01
1.822386549072601836e-01
1.820047987983613447e-01
1.817991169934203011e-01
1.813642021721910413e-01
1.811875619092356560e-01
1.808159532019004423e-01
1.805703081085099637e-01
1.803861780131200132e-01
1.803237634054725425e-01
1.803044111832257934e-01
1.800388582934629722e-01
1.799824252742940334e-01
1.798992265807895508e-01
1.797582834698323306e-01
1.792165618542833350e-01
1.790124541150448223e-01
1.786909785416051499e-01
1.786326406445549186e-01
1.784997225058134185e-01
1.783503049966243814e-01
1.777005269565125611e-01
1.772177273006647069e-01
1.770084283284469318e-01
1.769652267803218382e-01
1.767930503396278885e-01
1.767493463633997841e-01
1.765378190261681357e-01
1.764743555789906881e-01
1.762566180645097069e-01
1.761337174706373021e-01
1.755837624365190752e-01
1.755837360532908897e-01
1.755535989000656105e-01
1.754954400547742432e-01
1.751830256790229967e-01
1.747791656694097362e-01
1.744850250218553667e-01
1.740622392277755559e-01
1.735757711598495956e-01
1.731527348342186412e-01
1.728350335201086496e-01
1.724627916119336746e-01
1.721539372248171718e-01
1.715722092239432006e-01
1.714640463967528894e-01
1.710225360520538085e-01
1.708909020034854731e-01
1.708885224262345903e-01
1.707798348721177584e-01
1.706896480269011196e-01
1.702778192390761169e-01
1.702326077500730950e-01
1.701699126219493319e-01
1.700715745780789212e-01
1.698014761342901968e-01
1.697739311721723210e-01
1.694108616229684783e-01
1.692979169356846336e-01
1.690993919243307941e-01
1.689004764962310778e-01
1.686045191857951653e-01
1.682632754339028758e-01
1.681356998942731551e-01
1.680453002411417540e-01
1.677641383769231387e-01
1.676512643154104143e-01
1.671248556543351582e-01
1.671144672342280979e-01
1.670344081920477064e-01
1.668681200689760280e-01
1.666094008945314675e-01
1.658343466952677814e-01
1.651467777832981987e-01
1.648366171415823200e-01
1.647908418610971593e-01
1.644699303760930320e-01
1.644172510599112291e-01
1.640760299877610517e-01
1.640014454765307550e-01
1.639447537570004054e-01
1.638964559386708320e-01
1.637478412827481633e-01
1.637334680699192024e-01
1.636097592535058209e-01
1.635998007507764307e-01
1.631505766259850054e-01
1.631190110422144346e-01
1.631071293503442987e-01
1.630155936629059388e-01
1.628162439398242733e-01
1.623138954633548403e-01
1.621781954065328046e-01
1.619999038489170484e-01
1.617708817327464521e-01
1.614763035280910031e-01
1.613961006457314273e-01
1.611522588286616597e-01
1.607703370555915168e-01
1.607291239659126292e-01
1.606878734997182756e-01
1.606221353871479240e-01
1.601669874501479018e-01
1.601523447072469575e-01
1.597848928604495289e-01
1.596217251118682290e-01
1.595876326825738656e-01
1.595133855761474984e-01
1.594656715180607365e-01
1.593554977202338574e-01
1.593296717555442166e-01
1.593097296896975046e-01
1.592016064777700968e-01
1.591389247369509319e-01
1.589952834622883893e-01
1.589214979737485767e-01
1.589197273739985927e-01
1.587091000734999757e-01
1.584093833791934136e-01
1.582927220805215307e-01
1.582876270722428369e-01
1.581326479463191492e-01
1.580837865125583330e-01
1.579653264623377407e-01
1.578870328917824639e-01
1.578340901183285794e-01
1.577958704956871350e-01
1.575412683426546667e-01
1.573813997683703725e-01
1.573443109713733856e-01
1.571758099155835808e-01
1.569474898889630377e-01
1.565125770595026111e-01
1.563517359053815114e-01
1.561855835516665902e-01
1.560665124551897376e-01
1.559068604108680700e-01
1.558332421390371536e-01
1.557481840602640000e-01
1.556369528052907181e-01
1.556318830822804311e-01
1.556077640236911974e-01
1.555504060478916373e-01
1.554499825021756765e-01
1.553131255668867838e-01
1.552123709352033754e-01
1.550205342064598646e-01
1.546195351077594704e-01
1.545477737913202310e-01
1.542710729972939787e-01
1.540476976741635695e-01
1.539548799335443141e-01
1.538409896838696944e-01
1.536177792575960377e-01
1.536112942766179601e-01
1.533551934782734494e-01
1.532810840719196765e-01
1.531620735621267992e-01
1.530268334462705770e-01
1.530005480651870364e-01
1.528258315740866624e-01
1.527741235743694248e-01
1.526228662352962229e-01
1.523119180164364539e-01
1.522826256452343985e-01
1.522064690405136589e-01
1.519970418627110131e-01
1.519219280570088815e-01
1.518430700911681253e-01
1.517995996076874354e-01
1.513648312328083612e-01
1.513123508788287996e-01
1.511252433043959453e-01
1.509874364381386391e-01
1.508956693400155813e-01
1.507478026918777081e-01
1.506963182439295390e-01
1.504304966412884081e-01
1.503690388955211954e-01
1.503500329328120166e-01
1.502565979681077524e-01
1.501777296707790532e-01
0.000000000000000000e+00
