inf
2.287848237316113253e-01
2.217748498806167978e-01
2.036842372587951977e-01
2.024038135757286472e-01
1.814667744525212956e-01
1.799159028714521769e-01
1.798992265807895508e-01
1.735757711598495956e-01
1.733903590640360481e-01
1.706896480269011196e-01
1.692264634686195535e-01
1.690993919243307941e-01
1.689004764962310778e-01
1.682147663897979872e-01
1.676512643154104143e-01
1.628162439398242733e-01
1.591389247369509319e-01
1.589952834622883893e-01
1.552123709352033754e-01
1.536112942766179601e-01
1.523119180164364539e-01
1.522064690405136589e-01
1.503690388955211954e-01
0.000000000000000000e+00
