inf
9.686055866943350523e-01
8.346283336827383659e-01
7.237618397381868629e-01
6.244267217802437209e-01
6.166992916942375391e-01
5.914448277965336231e-01
5.862189109040605306e-01
5.218940331190657922e-01
5.038181576256881566e-01
5.036096197195346624e-01
5.014684383109064836e-01
4.906961159898701186e-01
4.431655417668861063e-01
4.397813783897511208e-01
4.305093145457667414e-01
4.257242737093901996e-01
4.237535035642172043e-01
4.181341809073913507e-01
4.072511689548711789e-01
3.983188431312096878e-01
3.966196420227044994e-01
3.897751981526350606e-01
3.865956575875831303e-01
3.811388787725844551e-01
3.658083820983265566e-01
3.646582583506917663e-01
3.623469547874045849e-01
3.616885731057845610e-01
3.591954440594650744e-01
3.589928290598972116e-01
3.579801452461789935e-01
3.575767841334242525e-01
3.575153023903571148e-01
3.559188290088629025e-01
3.546720237931331732e-01
3.540970168159978670e-01
3.491857220665219308e-01
3.481741054323727047e-01
3.466639725161779206e-01
3.386088177213902317e-01
3.351882273879174812e-01
3.351054241176528725e-01
3.324782130508422417e-01
3.298452656468497945e-01
3.256728750097273029e-01
3.236523756418954734e-01
3.219217598460392127e-01
3.105310169080724436e-01
3.086293308600394636e-01
3.084999529477150948e-01
3.071692245949543820e-01
3.071110028042213225e-01
3.055927505732938254e-01
3.054407792896852158e-01
3.042397811559085508e-01
3.032308595729546474e-01
2.975445508565562891e-01
2.971114913782277323e-01
2.956492799969455132e-01
2.933421673224061998e-01
2.898608198930567315e-01
2.894263838081019835e-01
2.884134322655856342e-01
2.879735909277677530e-01
2.878777860053867710e-01
2.874749524508689036e-01
2.835993045059223006e-01
2.823954258787441107e-01
2.807901299938726503e-01
2.800057237733639126e-01
2.768621863290643415e-01
2.757206701980324248e-01
2.756446424701671782e-01
2.753640134183082400e-01
2.751634102142251903e-01
2.745453559982934388e-01
2.727137855044380887e-01
2.719950248771334511e-01
2.717868932269231763e-01
2.712548408673196021e-01
2.709125769785873938e-01
2.706475133995140947e-01
2.696621174403879273e-01
2.687986324583482300e-01
2.653797780943084050e-01
2.648907620521388506e-01
2.647960322969916125e-01
2.636383430377774451e-01
2.631201594428234647e-01
2.630009808496022727e-01
2.626065568149735241e-01
2.624951634282377544e-01
2.616151197488288394e-01
2.613138013216068645e-01
2.612835508133617979e-01
2.578948255503388243e-01
2.561111791666755844e-01
2.554039805044736045e-01
2.539465237063752157e-01
2.539129212651256018e-01
2.532858444714105040e-01
2.528897179115090488e-01
2.520359350146524902e-01
2.513495331053069437e-01
2.511989934906224131e-01
2.492805913713352917e-01
2.484230746728665895e-01
2.474698418132531552e-01
2.473144340430967203e-01
2.468891631992764513e-01
2.467330981643605370e-01
2.451049627579208190e-01
2.448209924345874922e-01
2.441201621683729561e-01
2.440192746185727291e-01
2.431883132640742795e-01
2.425497473823070016e-01
2.425460065976374480e-01
2.424868867394757710e-01
2.421682160826710561e-01
2.412426482111855175e-01
2.409125730762994022e-01
2.404070070517538849e-01
2.391982653770513556e-01
2.389366759165511001e-01
2.383771285711255294e-01
2.382942634865428400e-01
2.373646583555647782e-01
2.373602397794376540e-01
2.370796279653161753e-01
2.366660053831802779e-01
2.361160677379363915e-01
2.357152317043379741e-01
2.354300543191925055e-01
2.348289182648018725e-01
2.342899661353792240e-01
2.335112479614014913e-01
2.331085937451249646e-01
2.315662152618026826e-01
2.309416476250912009e-01
2.300923931248923526e-01
2.288028262601322915e-01
2.278737723786952718e-01
2.272618613640892959e-01
2.259495768535632332e-01
2.257780682626774338e-01
2.227605478902091041e-01
2.212114103900494622e-01
2.205958616539225869e-01
2.179370955910952257e-01
2.175337092104190351e-01
2.164306245995747391e-01
2.154465717312214201e-01
2.137592137620837329e-01
2.125725261804922162e-01
2.102495537559599670e-01
2.099843050969494029e-01
2.091116497350695991e-01
2.089380462841788910e-01
2.088861597981719886e-01
2.079157642699907271e-01
2.078163129543933174e-01
2.065571362856987447e-01
2.063546960847436884e-01
2.034028267737110762e-01
2.027077381731241801e-01
2.025204455779000545e-01
2.016884106122217579e-01
2.004188029460658160e-01
2.001286331579231470e-01
1.994909795955720211e-01
1.990613748839672181e-01
1.987495809229004873e-01
1.982579240252753394e-01
1.980326094280999150e-01
1.977170249417998515e-01
1.976052719362483279e-01
1.970740190106188283e-01
1.967366634718539231e-01
1.964599603605181322e-01
1.956577173359813904e-01
1.944428539788326249e-01
1.936010060185676951e-01
1.935621964639522574e-01
1.935139053749373728e-01
1.931075631091447586e-01
1.926572038110526131e-01
1.925782511321549317e-01
1.904073951639578266e-01
1.892182505256972125e-01
1.890734296676603587e-01
1.886640737337598184e-01
1.882201253503087701e-01
1.879346242251499488e-01
1.878171961833323966e-01
1.873261758965507340e-01
1.867637094541950982e-01
1.851046470707321256e-01
1.846699498262237005e-01
1.844836579352653327e-01
1.844221188116399179e-01
1.844154407828684783e-01
1.836507228766764699e-01
1.835301265290429362e-01
1.828454187686279209e-01
1.825764253628577860e-01
1.822036946288222437e-01
1.810320984955958168e-01
1.795444809789698837e-01
1.793905722129202074e-01
1.792150303547012935e-01
1.791762258310670708e-01
1.786377649941258416e-01
1.778366505361013983e-01
1.773713134967691007e-01
1.772128488057174156e-01
1.770717483741741927e-01
1.758471904354054482e-01
1.757966972820529938e-01
1.755964665266710467e-01
1.733715352323833003e-01
1.726541664353224426e-01
1.723795857685316846e-01
1.722312437825606612e-01
1.715213247115703610e-01
1.710342653775186461e-01
1.709723796322908107e-01
1.704597507002126866e-01
1.704100324242973086e-01
1.703891894446944166e-01
1.699983562319122565e-01
1.694412936908642475e-01
1.690944729160212545e-01
1.688021175558766795e-01
1.687862773094187530e-01
1.680440656878358918e-01
1.680138618179970178e-01
1.674719705643549217e-01
1.663238573773823670e-01
1.649688596724357692e-01
1.646741385421420234e-01
1.640517371517237200e-01
1.626872701410962407e-01
1.624894416846192069e-01
1.621101911678697050e-01
1.620876671547669401e-01
1.620414580726273479e-01
1.616660170301201793e-01
1.605456567745916219e-01
1.600968651663242648e-01
1.600127870901538463e-01
1.589335820416056255e-01
1.588701075498757664e-01
1.588510321483907195e-01
1.578360683434071321e-01
1.576936966688619046e-01
1.560885995873644849e-01
1.547867149847424184e-01
1.546472506606362263e-01
1.545030736828170992e-01
1.535545464286671713e-01
1.525025597064046667e-01
1.507471602085035944e-01
1.502938542494038354e-01
0.000000000000000000e+00
