3 2214
0.255600 0.403074 1.198605
0.281847 0.446865 1.171473
0.311147 0.495858 1.147571
0.343867 0.550618 1.127360
0.380408 0.611748 1.111422
0.407105 0.656352 1.103522
0.435831 0.704256 1.098099
0.466730 0.755650 1.095451
0.499950 0.810717 1.095921
0.535646 0.869630 1.099903
0.573973 0.932542 1.107845
0.615087 0.999578 1.120259
0.659143 1.070825 1.137721
0.706287 1.146315 1.160880
0.756656 1.226009 1.190459
0.783087 1.267396 1.207901
0.810366 1.309777 1.227254
0.838505 1.353117 1.248627
0.867512 1.397372 1.272136
0.897392 1.442489 1.297901
0.928149 1.488403 1.326043
0.970296 -0.272400 3.998594
0.919447 -0.296007 3.947752
0.869595 -0.316795 3.897275
0.820822 -0.334968 3.847293
0.773199 -0.350730 3.797909
0.726785 -0.364276 3.749211
0.681627 -0.375797 3.701267
0.637765 -0.385477 3.654128
0.595225 -0.393491 3.607834
0.554027 -0.400005 3.562412
0.514183 -0.405176 3.517878
0.475695 -0.409152 3.474240
0.438563 -0.412071 3.431498
0.402776 -0.414062 3.389646
0.368322 -0.415245 3.348674
0.335182 -0.415732 3.308566
0.303333 -0.415625 3.269306
0.243402 -0.414002 3.193241
0.188286 -0.411041 3.120301
0.137707 -0.407303 3.050292
0.091364 -0.403250 2.983025
0.048941 -0.399261 2.918315
0.010117 -0.395647 2.855994
-0.025429 -0.392657 2.795906
-0.058015 -0.390491 2.737917
-0.087946 -0.389310 2.681906
-0.115522 -0.389240 2.627772
-0.141024 -0.390381 2.575427
-0.164723 -0.392811 2.524802
-0.186875 -0.396593 2.475839
-0.207720 -0.401777 2.428492
-0.227484 -0.408406 2.382730
-0.255563 -0.421134 2.317011
-0.282345 -0.437300 2.254781
-0.308430 -0.457009 2.196056
-0.334364 -0.480372 2.140905
-0.360645 -0.507513 2.089443
-0.387734 -0.538571 2.041839
-0.416058 -0.573705 1.998318
-0.446017 -0.613085 1.959168
-0.477990 -0.656892 1.924745
-0.512335 -0.705309 1.895488
-0.549394 -0.758505 1.871922
-0.589490 -0.816623 1.854672
-0.618057 -0.858150 1.847038
-0.648193 -0.901915 1.842781
-0.679972 -0.947906 1.842170
-0.713465 -0.996086 1.845498
-0.748728 -1.046386 1.853084
-1.532349 -1.844497 2.875643
-1.555352 -1.848060 2.934459
-1.577551 -1.848885 2.994068
-1.598854 -1.846861 3.054275
-1.619163 -1.841893 3.114872
-1.638385 -1.833900 3.175639
-1.656423 -1.822820 3.236342
-1.673185 -1.808609 3.296738
-1.688578 -1.791245 3.356577
-1.702516 -1.770728 3.415602
-1.714912 -1.747080 3.473553
-1.725688 -1.720349 3.530170
-1.734771 -1.690606 3.585194
-1.742092 -1.657948 3.638373
-1.747594 -1.622496 3.689462
-1.497968 -0.695612 4.072737
-1.469487 -0.649731 4.060794
-1.440095 -0.605472 4.046314
-1.409902 -0.562938 4.029463
-1.379020 -0.522213 4.010412
-1.347559 -0.483361 3.989334
-1.315627 -0.446431 3.966399
-1.283328 -0.411454 3.941776
-1.250768 -0.378445 3.915628
-1.218043 -0.347407 3.888116
-1.185249 -0.318328 3.859391
-1.152476 -0.291183 3.829600
-1.119811 -0.265941 3.798880
-1.087332 -0.242558 3.767361
-1.055116 -0.220983 3.735164
-0.991746 -0.183030 3.669181
-0.930193 -0.151570 3.601728
-0.870867 -0.126042 3.533473
-0.814093 -0.105863 3.464959
-0.760121 -0.090448 3.396621
-0.709130 -0.079231 3.328798
-0.661237 -0.071678 3.261746
-0.616505 -0.067292 3.195655
-0.574950 -0.065621 3.130662
-0.536548 -0.066261 3.066859
-0.501245 -0.068852 3.004304
-0.468960 -0.073082 2.943031
-0.439594 -0.078684 2.883055
-0.413033 -0.085430 2.824378
-0.389152 -0.093130 2.766991
-0.367824 -0.101628 2.710881
-0.348917 -0.110802 2.656031
-0.332299 -0.120554 2.602422
-0.317842 -0.130812 2.550035
-0.305422 -0.141526 2.498853
-0.294922 -0.152665 2.448859
-0.286230 -0.164214 2.400037
-0.276360 -0.182310 2.328977
-0.270018 -0.201385 2.260497
-0.266939 -0.221543 2.194579
-0.266904 -0.242935 2.131223
-0.269741 -0.265746 2.070444
-0.275323 -0.290195 2.012278
-0.283568 -0.316531 1.956783
-0.294438 -0.345025 1.904041
-0.307936 -0.375977 1.854168
-0.324104 -0.409707 1.807313
-0.343024 -0.446559 1.763670
-0.364813 -0.486897 1.723481
-0.389625 -0.531103 1.687052
-0.417645 -0.579572 1.654759
-0.449091 -0.632709 1.627066
-0.484207 -0.690913 1.604538
-0.509789 -0.732720 1.592719
-0.537205 -0.777056 1.583731
-0.566541 -0.824013 1.577838
-0.597885 -0.873670 1.575336
-0.631323 -0.926084 1.576557
-0.666940 -0.981285 1.581867
-0.704813 -1.039269 1.591668
-0.745012 -1.099985 1.606404
-0.787597 -1.163328 1.626553
-0.832607 -1.229128 1.652629
-0.880063 -1.297132 1.685175
-0.929957 -1.366993 1.724759
-0.982244 -1.438253 1.771959
-1.009261 -1.474229 1.798595
-1.036840 -1.510325 1.827350
-1.064963 -1.546444 1.858292
-1.093607 -1.582482 1.891485
-1.122745 -1.618323 1.926990
-1.347178 -0.305704 4.128068
-1.307157 -0.264060 4.096109
-1.266892 -0.225118 4.062506
-1.226515 -0.188849 4.027482
-1.186148 -0.155207 3.991247
-1.145909 -0.124130 3.953997
-1.105906 -0.095545 3.915915
-1.066240 -0.069366 3.877168
-1.027005 -0.045498 3.837910
-0.988284 -0.023839 3.798280
-0.950155 -0.004285 3.758404
-0.912686 0.013276 3.718393
-0.875940 0.028954 3.678346
-0.839970 0.042863 3.638350
-0.804822 0.055114 3.598483
-0.770536 0.065817 3.558809
-0.737147 0.075081 3.519384
-0.704680 0.083012 3.480256
-0.673158 0.089711 3.441465
-0.613006 0.099804 3.365017
-0.556763 0.106095 3.290231
-0.504435 0.109245 3.217217
-0.455970 0.109844 3.146028
-0.411273 0.108405 3.076672
-0.370214 0.105375 3.009127
-0.332635 0.101135 2.943350
-0.298361 0.096006 2.879285
-0.267205 0.090258 2.816870
-0.238970 0.084112 2.756038
-0.213460 0.077749 2.696725
-0.190476 0.071314 2.638866
-0.169826 0.064920 2.582402
-0.151323 0.058654 2.527276
-0.134786 0.052583 2.473436
-0.120047 0.046752 2.420834
-0.106943 0.041193 2.369426
-0.095324 0.035925 2.319171
-0.085050 0.030956 2.270031
-0.071879 0.024061 2.198340
-0.061049 0.017812 2.128977
-0.052214 0.012160 2.061850
-0.045076 0.007046 1.996872
-0.039377 0.002397 1.933965
-0.034899 -0.001860 1.873057
-0.031457 -0.005801 1.814079
-0.028900 -0.009500 1.756969
-0.027100 -0.013029 1.701666
-0.025954 -0.016459 1.648111
-0.025380 -0.019858 1.596249
-0.025313 -0.023293 1.546029
-0.025933 -0.028041 1.481533
-0.027293 -0.033119 1.419751
-0.029354 -0.038686 1.360574
-0.032109 -0.044902 1.303902
-0.035580 -0.051945 1.249641
-0.039820 -0.060007 1.197704
-0.044905 -0.069306 1.148014
-0.052614 -0.083051 1.088960
-0.062086 -0.099694 1.033206
-0.073675 -0.119928 0.980686
-0.087834 -0.144604 0.931389
-0.105129 -0.174765 0.885375
-0.126266 -0.211691 0.842815
-0.146522 -0.247148 0.811467
-0.170332 -0.288897 0.782805
-0.198335 -0.338069 0.757228
-0.222536 -0.380600 0.740408
-0.249879 -0.428669 0.725974
-0.280772 -0.482971 0.714352
-0.315672 -0.544267 0.706092
-0.341414 -0.589421 0.702794
-0.369326 -0.638307 0.701554
-0.399582 -0.691191 0.702673
0.219552 0.623594 2.897182
0.257633 0.622515 2.845308
0.292755 0.622902 2.795942
0.325281 0.624865 2.748952
0.355553 0.628482 2.704233
0.383892 0.633809 2.661705
0.423432 0.645083 2.601899
0.460228 0.660353 2.546789
0.495110 0.679639 2.496353
0.528816 0.702926 2.450654
0.561995 0.730172 2.409823
0.595216 0.761317 2.374060
0.628975 0.796276 2.343627
0.663700 0.834936 2.318845
0.699752 0.877149 2.300092
0.737430 0.922715 2.287799
0.776967 0.971368 2.282444
0.818533 1.022757 2.284545
0.862223 1.076421 2.294643
0.908055 1.131774 2.313286
0.939769 1.169253 2.330725
0.972361 1.206893 2.352342
1.005764 1.244395 2.378266
1.039890 1.281421 2.408601
1.074623 1.317595 2.443421
1.109823 1.352501 2.482761
1.131588 0.539350 3.571851
1.090658 0.506100 3.532640
1.050121 0.476870 3.490844
1.010298 0.451560 3.446950
0.971473 0.430025 3.401398
0.933896 0.412085 3.354587
0.897778 0.397537 3.306871
0.863297 0.386164 3.258561
0.830597 0.377743 3.209929
0.799792 0.372053 3.161210
0.770967 0.368878 3.112607
0.744183 0.368015 3.064293
0.719479 0.369272 3.016418
0.696873 0.372476 2.969109
0.676369 0.377470 2.922476
0.649528 0.388014 2.854002
0.627314 0.401878 2.787538
0.609614 0.418754 2.723321
0.596291 0.438414 2.661561
0.587202 0.460706 2.602456
0.582202 0.485539 2.546200
0.581155 0.512878 2.492995
0.583941 0.542733 2.443058
0.590455 0.575149 2.396622
0.600613 0.610198 2.353952
0.614348 0.647965 2.315342
0.631617 0.688540 2.281126
0.652388 0.732007 2.251679
0.676646 0.778427 2.227427
0.704382 0.827828 2.208843
0.735589 0.880182 2.196455
0.770250 0.935391 2.190842
0.808336 0.993258 2.192631
0.849783 1.053468 2.202489
0.879232 1.094685 2.213882
0.910084 1.136559 2.229372
0.942281 1.178869 2.249160
0.975744 1.221351 2.273436
1.010380 1.263698 2.302375
1.046069 1.305552 2.336129
0.863827 0.336352 3.313101
0.826584 0.325579 3.260589
0.791393 0.317878 3.207974
0.758355 0.312981 3.155482
0.727541 0.310635 3.103304
0.698995 0.310600 3.051599
0.672735 0.312660 3.000499
0.648762 0.316618 2.950114
0.627060 0.322301 2.900538
0.607599 0.329556 2.851847
0.590339 0.338254 2.804110
0.575235 0.348284 2.757384
0.556503 0.365639 2.689305
0.542313 0.385572 2.623778
0.532478 0.407942 2.560954
0.526814 0.432678 2.500984
0.525157 0.459773 2.444028
0.527361 0.489269 2.390263
0.533307 0.521252 2.339889
0.542902 0.555837 2.293132
0.556080 0.593162 2.250257
0.572801 0.633379 2.211567
0.593049 0.676638 2.177413
0.616831 0.723084 2.148200
0.644168 0.772833 2.124392
0.675093 0.825966 2.106518
0.709642 0.882502 2.095174
0.747842 0.942378 2.091026
0.789705 1.005424 2.094803
0.819640 1.049069 2.102113
0.851175 1.093854 2.113540
0.884283 1.139606 2.129335
0.918917 1.186108 2.149748
0.955014 1.233092 2.175027
0.698331 0.240721 3.134371
0.665826 0.239910 3.078418
0.635849 0.241301 3.023191
0.608389 0.244651 2.968791
0.583415 0.249746 2.915301
0.560881 0.256403 2.862783
0.540731 0.264461 2.811291
0.522899 0.273789 2.760866
0.507314 0.284278 2.711544
0.493900 0.295841 2.663355
0.477689 0.315062 2.593257
0.465947 0.336414 2.525862
0.458441 0.359834 2.461261
0.454960 0.385330 2.399556
0.455321 0.412966 2.340866
0.459376 0.442858 2.285330
0.467009 0.475158 2.233116
0.478139 0.510050 2.184424
0.492722 0.547743 2.139493
0.510744 0.588457 2.098609
0.532225 0.632423 2.062110
0.557209 0.679862 2.030395
0.585766 0.730984 2.003932
0.617981 0.785965 1.983267
0.653951 0.844932 1.969029
0.693773 0.907938 1.961937
0.722504 0.952168 1.961577
0.753006 0.998127 1.965016
0.785293 1.045739 1.972536
0.819368 1.094885 1.984430
0.855222 1.145406 2.001009
0.551953 0.153561 2.984436
0.523263 0.158241 2.926659
0.497259 0.164395 2.870009
0.473856 0.171830 2.814513
0.452959 0.180386 2.760187
0.434469 0.189932 2.707043
0.418283 0.200363 2.655086
0.404299 0.211599 2.604320
0.392414 0.223583 2.554748
0.382533 0.236275 2.506374
0.371265 0.256601 2.436065
0.364011 0.278472 2.368480
0.360521 0.301947 2.303655
0.360584 0.327142 2.241642
0.364032 0.354216 2.182514
0.370739 0.383371 2.126369
0.380621 0.414838 2.073337
0.393636 0.448877 2.023579
0.409782 0.485772 1.977299
0.429096 0.525824 1.934748
0.451649 0.569346 1.896232
0.477547 0.616655 1.862126
0.506924 0.668069 1.832878
0.539939 0.723886 1.809025
0.576771 0.784375 1.791203
0.603539 0.827407 1.783039
0.632144 0.872659 1.778137
0.662644 0.920157 1.776777
0.695089 0.969900 1.779262
0.729528 1.021858 1.785923
0.766000 1.075959 1.797117
0.804533 1.132086 1.813226
0.845140 1.190067 1.834654
0.887814 1.249663 1.861820
0.932527 1.310561 1.895156
0.979218 1.372359 1.935095
1.027794 1.434561 1.982056
1.078119 1.496563 2.036434
1.103883 1.527268 2.066515
1.130010 1.557643 2.098575
1.156471 1.587581 2.132647
1.183229 1.616965 2.168756
1.210245 1.645671 2.206922
1.237476 1.673567 2.247154
1.264873 1.700515 2.289457
1.292384 1.726372 2.333820
1.319953 1.750985 2.380224
1.669289 1.875472 3.198503
1.687952 1.862865 3.262900
1.705240 1.846865 3.326906
1.721053 1.827452 3.390245
1.735295 1.804632 3.452633
1.747875 1.778437 3.513786
1.758707 1.748925 3.573416
1.767714 1.716183 3.631241
1.774823 1.680326 3.686987
1.779972 1.641494 3.740386
1.783107 1.599856 3.791188
1.784186 1.555602 3.839157
1.783176 1.508948 3.884077
1.780056 1.460127 3.925755
1.774818 1.409392 3.964022
1.767464 1.357009 3.998738
1.758009 1.303254 4.029789
1.746480 1.248411 4.057090
1.732916 1.192768 4.080587
1.717368 1.136614 4.100256
1.699896 1.080233 4.116099
1.680573 1.023902 4.128149
1.659479 0.967890 4.136464
1.636703 0.912451 4.141128
1.612344 0.857826 4.142245
1.586504 0.804237 4.139942
1.559294 0.751887 4.134362
1.530827 0.700959 4.125661
1.501219 0.651616 4.114009
1.470591 0.603998 4.099585
1.439062 0.558223 4.082573
1.406754 0.514388 4.063163
1.373785 0.472571 4.041544
1.340274 0.432826 4.017907
1.306337 0.395192 3.992438
1.272085 0.359688 3.965320
1.237627 0.326317 3.936729
1.203066 0.295068 3.906835
1.168502 0.265915 3.875800
1.134029 0.238822 3.843776
1.099734 0.213742 3.810908
1.065699 0.190619 3.777329
1.032002 0.169390 3.743163
0.998712 0.149985 3.708525
0.965895 0.132331 3.673518
0.933608 0.116351 3.638239
0.870831 0.089091 3.567198
0.810737 0.067555 3.495988
0.753594 0.051092 3.425072
0.699595 0.039076 3.354805
0.648864 0.030912 3.285453
0.601465 0.026054 3.217206
0.557410 0.024004 3.150195
0.516670 0.024315 3.084505
0.479181 0.026595 3.020184
0.444850 0.030503 2.957253
0.413565 0.035743 2.895715
0.385198 0.042068 2.835559
0.359610 0.049271 2.776765
0.336658 0.057180 2.719307
0.316195 0.065658 2.663157
0.298074 0.074599 2.608285
0.282153 0.083921 2.554663
0.268293 0.093565 2.502261
0.256363 0.103492 2.451054
0.246237 0.113681 2.401018
0.237801 0.124126 2.352131
0.228081 0.140287 2.280913
0.221599 0.157104 2.212184
0.218082 0.174690 2.145902
0.217305 0.193194 2.082040
0.219086 0.212797 2.020584
0.223294 0.233705 1.961537
0.229839 0.256153 1.904918
0.238673 0.280396 1.850766
0.249787 0.306713 1.799142
0.263214 0.335406 1.750135
0.279021 0.366800 1.703866
0.297313 0.401246 1.660491
0.318228 0.439118 1.620218
0.341942 0.480815 1.583306
0.368661 0.526757 1.550082
0.398626 0.577384 1.520955
0.432107 0.633149 1.496428
0.469404 0.694505 1.477120
0.496547 0.738733 1.467513
0.525630 0.785764 1.460818
0.556756 0.835708 1.457331
0.590029 0.888660 1.457383
0.625553 0.944692 1.461347
0.663429 1.003844 1.469639
0.703751 1.066117 1.482719
0.746606 1.131463 1.501090
0.792065 1.199770 1.525304
0.840180 1.270848 1.555954
0.890982 1.344412 1.593670
0.917390 1.382008 1.615384
0.944465 1.420066 1.639113
0.972200 1.458518 1.664942
1.000585 1.497282 1.692956
1.029606 1.536269 1.723239
1.059248 1.575379 1.755873
1.089487 1.614498 1.790937
1.120299 1.653505 1.828508
1.151653 1.692262 1.868656
1.183513 1.730621 1.911447
1.215838 1.768420 1.956936
1.248580 1.805486 2.005173
1.281686 1.841631 2.056193
1.315095 1.876655 2.110020
1.348742 1.910345 2.166665
1.382550 1.942480 2.226119
1.416439 1.972823 2.288357
1.450320 2.001134 2.353331
1.484095 2.027160 2.420973
1.517661 2.050645 2.491187
1.550904 2.071331 2.563854
1.583707 2.088959 2.638825
1.615942 2.103270 2.715921
1.647478 2.114014 2.794937
1.678175 2.120951 2.875631
1.707890 2.123854 2.957737
1.736475 2.122513 3.040953
1.763780 2.116742 3.124952
1.789650 2.106382 3.209377
1.844972 1.113782 4.363802
1.821044 1.038698 4.379320
1.794687 0.964158 4.389586
1.766029 0.890561 4.394746
1.735212 0.818276 4.394984
1.702386 0.747644 4.390518
1.667713 0.678968 4.381592
1.631359 0.612518 4.368474
1.593495 0.548524 4.351448
1.554295 0.487179 4.330810
1.513935 0.428638 4.306865
1.472589 0.373021 4.279916
1.430430 0.320412 4.250267
1.387626 0.270862 4.218216
1.344340 0.224392 4.184052
1.300730 0.180994 4.148051
1.256947 0.140637 4.110478
1.213132 0.103268 4.071578
1.169420 0.068815 4.031584
1.125936 0.037188 3.990709
1.082796 0.008287 3.949149
1.040107 -0.018002 3.907082
0.997966 -0.041797 3.864669
0.956460 -0.063226 3.822053
0.915669 -0.082418 3.779362
0.875662 -0.099506 3.736707
0.836500 -0.114622 3.694186
0.798235 -0.127899 3.651883
0.760913 -0.139465 3.609869
0.724569 -0.149448 3.568205
0.689236 -0.157972 3.526940
0.654935 -0.165154 3.486116
0.621684 -0.171110 3.445764
0.589494 -0.175948 3.405912
0.558372 -0.179772 3.366576
0.499334 -0.184762 3.289505
0.444532 -0.186797 3.214606
0.393872 -0.186506 3.141877
0.347215 -0.184431 3.071278
0.304391 -0.181040 3.002742
0.265203 -0.176726 2.936189
0.229437 -0.171818 2.871529
0.196870 -0.166592 2.808673
0.167273 -0.161271 2.747531
0.140419 -0.156037 2.688018
0.116082 -0.151036 2.630056
0.094042 -0.146383 2.573570
0.074089 -0.142167 2.518494
0.056019 -0.138457 2.464768
0.039641 -0.135303 2.412336
0.024775 -0.132744 2.361150
0.011249 -0.130805 2.311165
-0.001093 -0.129504 2.262342
-0.017711 -0.128776 2.191209
-0.032453 -0.129537 2.122503
-0.045726 -0.131800 2.056135
-0.057893 -0.135581 1.992025
-0.069275 -0.140898 1.930108
-0.080164 -0.147785 1.870326
-0.090821 -0.156286 1.812632
-0.101487 -0.166470 1.756989
-0.112385 -0.178423 1.703371
-0.123724 -0.192256 1.651760
-0.135708 -0.208109 1.602155
-0.148537 -0.226148 1.554567
-0.162412 -0.246571 1.509024
-0.177538 -0.269607 1.465578
-0.194130 -0.295521 1.424304
-0.212416 -0.324616 1.385307
-0.232639 -0.357233 1.348732
-0.255062 -0.393755 1.314768
-0.279970 -0.434607 1.283661
-0.307675 -0.480255 1.255729
-0.338516 -0.531206 1.231372
-0.372862 -0.588004 1.211096
-0.411114 -0.651220 1.195535
-0.438995 -0.697218 1.188160
-0.468937 -0.746500 1.183505
-0.501078 -0.799235 1.181886
-0.535560 -0.855578 1.183668
-0.572530 -0.915668 1.189266
-0.612130 -0.979619 1.199149
-0.654504 -1.047509 1.213847
-0.699788 -1.119366 1.233954
-0.748106 -1.195157 1.260130
-0.799568 -1.274764 1.293101
-0.826505 -1.315934 1.312381
-0.854259 -1.357966 1.333661
-0.882835 -1.400812 1.357051
-0.912235 -1.444415 1.382661
-0.942461 -1.488705 1.410605
-0.973508 -1.533604 1.441000
-1.005370 -1.579019 1.473963
-1.038037 -1.624844 1.509609
-1.071491 -1.670958 1.548057
-1.105712 -1.717224 1.589420
-1.140675 -1.763492 1.633809
-1.176345 -1.809589 1.681331
-1.212683 -1.855330 1.732083
-1.249642 -1.900507 1.786156
-1.287169 -1.944895 1.843627
-1.325198 -1.988250 1.904562
-1.363659 -2.030307 1.969007
-1.402470 -2.070787 2.036990
-1.441539 -2.109389 2.108518
-1.480765 -2.145797 2.183569
-1.520035 -2.179681 2.262095
-1.559226 -2.210700 2.344013
-1.598204 -2.238501 2.429208
-1.636826 -2.262728 2.517524
-1.183896 0.090514 4.167684
-1.132573 0.126564 4.119519
-1.081717 0.159196 4.070849
-1.031462 0.188581 4.021895
-0.981925 0.214897 3.972855
-0.933212 0.238327 3.923900
-0.885417 0.259059 3.875179
-0.838621 0.277279 3.826817
-0.792893 0.293173 3.778922
-0.748292 0.306920 3.731582
-0.704867 0.318698 3.684867
-0.662656 0.328677 3.638835
-0.621689 0.337020 3.593529
-0.581986 0.343883 3.548982
-0.543563 0.349413 3.505215
-0.506424 0.353750 3.462241
-0.470572 0.357024 3.420068
-0.435999 0.359359 3.378694
-0.402696 0.360869 3.338116
-0.370648 0.361660 3.298322
-0.310235 0.361476 3.221038
-0.254567 0.359508 3.146713
-0.203410 0.356350 3.075193
-0.156500 0.352499 3.006316
-0.113551 0.348369 2.939919
-0.074268 0.344299 2.875845
-0.038351 0.340566 2.813948
-0.005501 0.337394 2.754095
0.024575 0.334962 2.696168
0.052163 0.333414 2.640063
0.077537 0.332863 2.585689
0.100960 0.333400 2.532969
0.122680 0.335095 2.481837
0.142935 0.338006 2.432241
0.161944 0.342178 2.384136
0.179918 0.347650 2.337490
0.205363 0.358368 2.270204
0.229526 0.372192 2.206098
0.252961 0.389227 2.145164
0.276176 0.409588 2.087433
0.299635 0.433406 2.032978
0.323769 0.460836 1.981913
0.348983 0.492056 1.934398
0.375658 0.527269 1.890648
0.404163 0.566698 1.850935
0.434854 0.610587 1.815603
0.468079 0.659191 1.785075
0.504180 0.712763 1.759864
0.543493 0.771543 1.740589
0.571648 0.813726 1.731396
0.601469 0.858361 1.725416
0.633046 0.905480 1.722928
0.666465 0.955087 1.724238
0.701801 1.007163 1.729682
0.739123 1.061651 1.739627
0.778488 1.118448 1.754467
0.819935 1.177401 1.774624
0.863485 1.238291 1.800543
0.909136 1.300825 1.832684
0.956853 1.364620 1.871519
1.006569 1.429197 1.917513
1.058174 1.493965 1.971115
1.365553 1.815174 2.416045
1.394199 1.837533 2.469386
1.422687 1.858036 2.524743
1.450934 1.876501 2.582032
1.478855 1.892747 2.641155
1.506359 1.906593 2.701991
1.533350 1.917862 2.764403
1.559727 1.926381 2.828232
1.585389 1.931987 2.893300
1.610227 1.934525 2.959409
1.634134 1.933852 3.026341
1.656997 1.929844 3.093860
1.678707 1.922390 3.161713
1.699150 1.911403 3.229631
1.718215 1.896818 3.297330
1.735795 1.878594 3.364518
1.751782 1.856717 3.430890
1.766076 1.831201 3.496137
1.778579 1.802093 3.559950
1.789203 1.769466 3.622018
1.797863 1.733426 3.682037
1.804488 1.694110 3.739712
1.809013 1.651683 3.794760
1.811385 1.606339 3.846914
1.811561 1.558299 3.895928
1.809512 1.507806 3.941580
1.805221 1.455127 3.983672
1.798684 1.400543 4.022037
1.789909 1.344351 4.056537
1.778919 1.286857 4.087065
1.765750 1.228375 4.113550
1.750449 1.169219 4.135951
1.733077 1.109701 4.154261
1.713705 1.050127 4.168504
1.692417 0.990794 4.178734
1.669304 0.931985 4.185032
1.644469 0.873967 4.187508
1.618019 0.816991 4.186292
1.590071 0.761283 4.181536
1.560744 0.707051 4.173407
1.530165 0.654476 4.162089
1.498459 0.603718 4.147775
1.465756 0.554912 4.130665
1.432185 0.508167 4.110966
1.397876 0.463572 4.088885
1.362955 0.421192 4.064631
1.327548 0.381070 4.038408
1.291776 0.343229 4.010416
1.255755 0.307676 3.980849
1.219598 0.274398 3.949893
0.903766 0.069335 3.634600
0.839204 0.043615 3.560928
0.777598 0.023615 3.487441
0.719192 0.008632 3.414567
0.664155 -0.002002 3.342625
0.612582 -0.008910 3.271844
0.564509 -0.012662 3.202380
0.519923 -0.013771 3.134334
0.478768 -0.012690 3.067759
0.440956 -0.009816 3.002680
0.406371 -0.005494 2.939096
0.374880 -0.000014 2.876989
0.346337 0.006378 2.816333
0.320585 0.013477 2.757092
0.297464 0.021118 2.699228
0.276815 0.029169 2.642703
0.258477 0.037524 2.587478
0.242297 0.046108 2.533514
0.228127 0.054864 2.480777
0.215825 0.063754 2.429234
0.205258 0.072759 2.378854
0.196303 0.081872 2.329609
0.185646 0.095759 2.257816
0.178015 0.109962 2.188446
0.173117 0.124580 2.121436
0.170704 0.139745 2.056735
0.170577 0.155616 1.994302
0.172580 0.172372 1.934108
0.176601 0.190215 1.876138
0.182567 0.209364 1.820386
0.190442 0.230058 1.766864
0.200228 0.252554 1.715600
0.211962 0.277133 1.666643
0.225713 0.304095 1.620066
0.241584 0.333769 1.575971
0.259709 0.366507 1.534496
0.280257 0.402692 1.495822
0.303427 0.442737 1.460181
0.329454 0.487082 1.427871
0.358603 0.536197 1.399266
0.391172 0.590577 1.374834
0.427491 0.650731 1.355154
0.453964 0.694296 1.345023
0.482376 0.740804 1.337570
0.512843 0.790399 1.333081
0.545487 0.843212 1.331882
0.580429 0.899358 1.334341
0.617791 0.958926 1.340872
0.657691 1.021977 1.351940
0.700242 1.088523 1.368062
0.745549 1.158523 1.389811
0.793699 1.231865 1.417814
0.844760 1.308347 1.452749
0.871396 1.347674 1.473041
0.898772 1.387660 1.495342
0.926888 1.428246 1.519747
0.955740 1.469363 1.546356
0.985321 1.510931 1.575266
1.015622 1.552861 1.606576
1.046627 1.595049 1.640385
1.078319 1.637380 1.676788
1.110674 1.679726 1.715880
1.143663 1.721943 1.757749
1.177252 1.763875 1.802478
1.211401 1.805349 1.850143
1.246064 1.846176 1.900812
1.281186 1.886154 1.954540
1.316707 1.925063 2.011370
1.352557 1.962669 2.071329
1.388659 1.998725 2.134426
1.424928 2.032966 2.200650
1.461269 2.065120 2.269967
1.497580 2.094901 2.342319
1.533747 2.122014 2.417617
1.569650 2.146162 2.495744
1.605160 2.167040 2.576552
1.640136 2.184349 2.659857
1.674434 2.197790 2.745439
1.707898 2.207076 2.833044
1.740369 2.211933 2.922378
1.771680 2.212106 3.013112
1.801660 2.207365 3.104881
1.830137 2.197508 3.197287
1.856934 2.182370 3.289899
1.881877 2.161825 3.382259
1.904794 2.135793 3.473887
1.925516 2.104242 3.564285
1.943881 2.067194 3.652943
1.959736 2.024727 3.739347
1.972938 1.976973 3.822986
1.983357 1.924126 3.903359
1.990879 1.866433 3.979984
1.995406 1.804198 4.052408
1.996858 1.737776 4.120210
1.995178 1.667568 4.183012
1.990327 1.594016 4.240482
1.982290 1.517597 4.292343
1.971074 1.438813 4.338376
1.956708 1.358185 4.378420
1.939247 1.276245 4.412378
1.918763 1.193524 4.440213
1.895353 1.110548 4.461950
1.869131 1.027825 4.477671
1.840229 0.945842 4.487514
1.808798 0.865057 4.491665
1.774999 0.785894 4.490354
1.739007 0.708736 4.483850
1.701007 0.633925 4.472452
1.661189 0.561758 4.456484
1.619750 0.492485 4.436288
1.576888 0.426313 4.412218
1.532803 0.363402 4.384633
1.487691 0.303868 4.353892
1.441748 0.247789 4.320347
1.395162 0.195201 4.284344
1.348115 0.146108 4.246213
1.300783 0.100483 4.206270
1.253331 0.058268 4.164810
1.205916 0.019384 4.122110
1.158684 -0.016268 4.078425
1.111771 -0.048805 4.033990
1.065302 -0.078358 3.989015
1.019389 -0.105068 3.943692
0.974137 -0.129080 3.898188
0.929637 -0.150550 3.852655
0.885970 -0.169632 3.807221
0.843208 -0.186481 3.762000
0.801412 -0.201255 3.717088
0.760635 -0.214104 3.672566
0.720919 -0.225178 3.628500
0.682299 -0.234621 3.584947
0.644803 -0.242573 3.541949
0.608451 -0.249166 3.499541
0.573256 -0.254529 3.457748
0.539225 -0.258780 3.416588
0.506360 -0.262033 3.376072
0.474658 -0.264397 3.336207
0.414707 -0.266845 3.258428
0.359263 -0.266849 3.183217
0.308168 -0.265029 3.110500
0.261223 -0.261918 3.040175
0.218202 -0.257963 2.972125
0.178862 -0.253538 2.906231
0.142946 -0.248952 2.842373
0.110193 -0.244459 2.780435
0.080343 -0.240265 2.720312
0.053138 -0.236535 2.661905
0.028328 -0.233402 2.605126
0.005671 -0.230969 2.549895
-0.015063 -0.229318 2.496143
-0.034095 -0.228513 2.443809
-0.051633 -0.228604 2.392839
-0.067871 -0.229628 2.343188
-0.082995 -0.231616 2.294815
-0.103962 -0.236463 2.224582
-0.123339 -0.243613 2.157062
-0.141609 -0.253135 2.092191
-0.159209 -0.265108 2.029927
-0.176541 -0.279625 1.970250
-0.193971 -0.296800 1.913166
-0.211842 -0.316771 1.858703
-0.230478 -0.339708 1.806916
-0.250191 -0.365809 1.757893
-0.271283 -0.395308 1.711756
-0.294058 -0.428472 1.668672
-0.318820 -0.465604 1.628856
-0.345881 -0.507038 1.592585
-0.375564 -0.553137 1.560207
-0.408203 -0.604289 1.532155
-0.444145 -0.660897 1.508968
-0.470120 -0.701868 1.496531
-0.497833 -0.745561 1.486773
-0.527397 -0.792086 1.479955
-0.558923 -0.841542 1.476369
-0.592522 -0.894012 1.476346
-0.628305 -0.949557 1.480254
-0.666377 -1.008207 1.488507
-0.706834 -1.069953 1.501558
-0.749765 -1.134736 1.519907
-0.795243 -1.202435 1.544098
-0.843320 -1.272849 1.574714
-0.894025 -1.345688 1.612375
-0.920362 -1.382894 1.634049
-0.947351 -1.420545 1.657728
-0.974985 -1.458570 1.683496
-1.003253 -1.496888 1.711434
-1.032142 -1.535409 1.741625
-1.061634 -1.574031 1.774148
-1.091708 -1.612644 1.809079
-1.122338 -1.651124 1.846493
-1.153492 -1.689335 1.886458
-1.185136 -1.727129 1.929035
-1.217226 -1.764346 1.974278
-1.249717 -1.800814 2.022232
-1.282555 -1.836347 2.072931
-1.315678 -1.870746 2.126395
-1.349022 -1.903804 2.182632
-1.382510 -1.935300 2.241630
-1.416064 -1.965003 2.303362
-1.449592 -1.992674 2.367777
-1.483001 -2.018068 2.434804
-1.516186 -2.040934 2.504348
-1.549037 -2.061017 2.576286
-1.581436 -2.078065 2.650470
-1.613257 -2.091828 2.726721
-1.644372 -2.102060 2.804833
-1.674642 -2.108528 2.884569
-1.703927 -2.111012 2.965661
-1.732081 -2.109310 3.047814
-1.758957 -2.103242 3.130703
-1.784403 -2.092656 3.213978
-1.808271 -2.077428 3.297265
-1.830412 -2.057471 3.380169
-1.850677 -2.032734 3.462279
-1.868927 -2.003207 3.543171
-1.885024 -1.968926 3.622414
-1.898842 -1.929971 3.699576
-1.910261 -1.886466 3.774229
-1.919175 -1.838584 3.845956
-1.925490 -1.786544 3.914356
-1.929127 -1.730606 3.979051
-1.930021 -1.671072 4.039691
-1.928126 -1.608283 4.095963
-1.923413 -1.542608 4.147591
-1.915872 -1.474447 4.194340
-1.905511 -1.404220 4.236026
-1.892358 -1.332361 4.272510
-1.876459 -1.259313 4.303703
-1.857878 -1.185519 4.329568
-1.836696 -1.111420 4.350114
-1.813012 -1.037443 4.365399
-1.786938 -0.963999 4.375525
-1.758601 -0.891477 4.380635
-1.728140 -0.820238 4.380907
-1.695703 -0.750614 4.376554
-1.661448 -0.682903 4.367813
-1.625537 -0.617369 4.354945
-1.588139 -0.554237 4.338227
-1.549425 -0.493698 4.317948
-1.509567 -0.435904 4.294403
-1.468735 -0.380974 4.267890
-1.427099 -0.328991 4.238705
-1.384824 -0.280006 4.207139
-1.342072 -0.234043 4.173474
-1.298995 -0.191095 4.137982
-1.255744 -0.151133 4.100920
-1.212456 -0.114107 4.062530
-1.169265 -0.079948 4.023041
-1.126294 -0.048570 3.982662
-1.083657 -0.019876 3.941586
-1.041460 0.006244 3.899987
-0.999798 0.029906 3.858026
-0.958758 0.051232 3.815844
-0.918418 0.070350 3.773566
-0.878847 0.087387 3.731305
-0.840106 0.102474 3.689157
-0.802247 0.115738 3.647205
-0.765315 0.127309 3.605522
-0.729346 0.137308 3.564167
-0.694370 0.145858 3.523192
-0.660412 0.153074 3.482638
-0.627489 0.159070 3.442537
-0.595613 0.163951 3.402916
-0.535023 0.170772 3.325187
-0.478642 0.174288 3.249548
-0.426409 0.175160 3.176030
-0.378211 0.173967 3.104615
-0.333897 0.171206 3.035255
-0.293288 0.167303 2.967882
-0.256183 0.162615 2.902415
-0.222368 0.157440 2.838768
-0.191622 0.152025 2.776854
-0.163720 0.146570 2.716590
-0.138441 0.141238 2.657897
-0.115565 0.136157 2.600699
-0.094881 0.131427 2.544929
-0.076186 0.127127 2.490524
-0.059287 0.123313 2.437428
-0.044000 0.120029 2.385590
-0.030153 0.117304 2.334963
-0.017585 0.115160 2.285506
-0.000806 0.113058 2.213432
0.013892 0.112312 2.143794
0.026922 0.112931 2.076494
0.038649 0.114918 2.011447
0.049398 0.118276 1.948578
0.059459 0.123019 1.887821
0.069091 0.129171 1.829122
0.078528 0.136771 1.772429
0.087982 0.145878 1.717704
0.097653 0.156571 1.664913
0.107729 0.168951 1.614033
0.118390 0.183145 1.565052
0.129816 0.199304 1.517970
0.142186 0.217610 1.472799
0.160472 0.245729 1.415603
0.181233 0.278639 1.361995
0.198732 0.306889 1.324272
0.218141 0.338576 1.288820
0.239716 0.374086 1.255813
0.976369 1.552397 1.395988
1.008998 1.599276 1.430193
1.042467 1.646600 1.467182
1.076761 1.694242 1.507078
1.111859 1.742061 1.550004
1.147733 1.789897 1.596078
1.184350 1.837570 1.645416
1.221669 1.884882 1.698121
1.259642 1.931616 1.754292
1.298210 1.977533 1.814013
1.337310 2.022375 1.877354
1.376864 2.065861 1.944367
1.416788 2.107693 2.015082
1.456985 2.147552 2.089507
1.497348 2.185102 2.167622
1.537760 2.219992 2.249373
1.578090 2.251856 2.334674
1.618196 2.280319 2.423401
1.657927 2.305003 2.515387
1.697117 2.325523 2.610422
1.735593 2.341502 2.708251
1.773169 2.352571 2.808567
1.809652 2.358378 2.911018
1.844841 2.358595 3.015202
1.878527 2.352922 3.120669
1.910498 2.341099 3.226923
1.940541 2.322913 3.333426
1.968440 2.298201 3.439603
1.993983 2.266861 3.544850
2.016964 2.228858 3.648538
2.037183 2.184225 3.750022
2.054452 2.133073 3.848656
2.068599 2.075585 3.943795
2.079465 2.012023 4.034815
2.086914 1.942726 4.121118
2.090830 1.868101 4.202145
2.091123 1.788624 4.277387
2.087729 1.704830 4.346394
2.080610 1.617305 4.408784
2.069760 1.526673 4.464248
2.055198 1.433590 4.512558
2.036977 1.338728 4.553566
2.015173 1.242765 4.587209
1.989895 1.146373 4.613504
1.961273 1.050204 4.632548
1.929463 0.954884 4.644511
1.894642 0.860999 4.649629
1.857004 0.769089 4.648199
1.816760 0.679643 4.640569
1.774134 0.593093 4.627127
1.729357 0.509810 4.608293
1.682669 0.430105 4.584512
1.634311 0.354226 4.556239
1.584524 0.282361 4.523938
1.533550 0.214644 4.488068
1.481623 0.151150 4.449078
1.428971 0.091909 4.407405
1.375815 0.036905 4.363463
1.322362 -0.013919 4.317643
1.268812 -0.060653 4.270310
1.215348 -0.103416 4.221802
1.162145 -0.142352 4.172424
1.109359 -0.177624 4.122455
1.057135 -0.209408 4.072142
1.005604 -0.237893 4.021704
-0.564185 -0.786815 1.823432
-0.775313 -1.093319 1.827702
-0.814624 -1.148579 1.844673
-0.855868 -1.205621 1.867025
-0.899045 -1.264181 1.895167
-0.944124 -1.323916 1.929512
-0.991044 -1.384401 1.970472
-1.039708 -1.445112 2.018441
-1.089974 -1.505422 2.073783
-1.141652 -1.564593 2.136806
-1.167945 -1.593489 2.171274
-1.194494 -1.621771 2.207743
-1.221259 -1.649315 2.246224
-1.248194 -1.675988 2.286723
-1.275251 -1.701654 2.329233
-1.302377 -1.726169 2.373740
-1.329513 -1.749384 2.420217
-1.356597 -1.771145 2.468624
-1.383563 -1.791295 2.518908
-1.410338 -1.809675 2.571002
-1.436848 -1.826124 2.624825
-1.463011 -1.840481 2.680277
-1.488744 -1.852589 2.737244
-1.513959 -1.862293 2.795595
-1.768937 -1.609369 3.750793
-1.771056 -1.567581 3.799111
-1.771155 -1.523355 3.844584
-1.769209 -1.476906 3.887014
-1.765203 -1.428466 3.926226
-1.759134 -1.378284 3.962068
-1.751011 -1.326621 3.994417
-1.740853 -1.273745 4.023174
-1.728692 -1.219932 4.048270
-1.714570 -1.165458 4.069664
-1.698541 -1.110600 4.087343
-1.680669 -1.055628 4.101322
-1.661026 -1.000806 4.111640
-1.639695 -0.946386 4.118363
-1.616765 -0.892609 4.121579
-1.592333 -0.839698 4.121395
-1.566502 -0.787861 4.117938
-1.539379 -0.737288 4.111350
-1.021265 -0.178154 3.719219
-0.956836 -0.142819 3.650581
-0.894534 -0.113914 3.580908
-0.834737 -0.090823 3.510820
-0.777736 -0.072920 3.440812
-0.237800 -0.201000 2.143377
-0.238314 -0.221163 2.080543
-0.241470 -0.242633 2.020188
-0.247155 -0.265634 1.962335
-0.255297 -0.290415 1.907025
-0.265866 -0.317251 1.854325
-0.573458 0.146909 3.355303
-0.516155 0.151992 3.279402
-0.462946 0.154127 3.205510
0.017989 0.081119 1.965074
0.026571 0.082645 1.903358
0.034451 0.085239 1.843653
0.041847 0.088903 1.785899
0.048954 0.093648 1.730041
0.055946 0.099502 1.676027
0.062983 0.106511 1.623813
0.070213 0.114734 1.573359
0.077777 0.124253 1.524630
0.088620 0.139138 1.462298
0.100622 0.156807 1.402945
0.114117 0.177639 1.346558
0.129460 0.202094 1.293163
0.147040 0.230729 1.242836
0.167290 0.264210 1.195717
0.190706 0.303319 1.152032
0.217852 0.348976 1.112124
0.241046 0.388148 1.084960
0.267012 0.432104 1.060476
0.296092 0.481400 1.039032
0.328668 0.536640 1.021091
0.365158 0.598475 1.007236
0.391883 0.643699 1.000627
0.420696 0.692367 0.996422
0.451750 0.744688 0.994924
-0.101706 -0.452560 2.775629
-0.133772 -0.451781 2.720368
-0.163358 -0.452244 2.667140
-0.190771 -0.454054 2.615850
-0.216298 -0.457291 2.566422
-0.240215 -0.462020 2.518795
-0.262779 -0.468291 2.472925
-0.294613 -0.480676 2.407350
-0.324696 -0.496733 2.345614
-0.353710 -0.516556 2.287729
-0.382269 -0.540233 2.233765
-0.410931 -0.567856 2.183852
-0.440204 -0.599523 2.138175
-0.470548 -0.635339 2.096982
-0.502390 -0.675411 2.060588
-0.536119 -0.719845 2.029378
-0.572093 -0.768731 2.003817
-0.610642 -0.822131 1.984453
-0.652061 -0.880061 1.971926
-0.681398 -0.921171 1.967732
-0.712195 -0.964227 1.967143
-0.744507 -1.009161 1.970418
-0.778379 -1.055877 1.977836
-0.813844 -1.104237 1.989688
-0.850916 -1.154065 2.006281
-0.889592 -1.205132 2.027928
-0.929844 -1.257152 2.054945
-0.971621 -1.309774 2.087643
-1.014841 -1.362579 2.126319
-1.059386 -1.415068 2.171241
-1.105102 -1.466661 2.222637
-1.151791 -1.516696 2.280680
-1.199208 -1.564425 2.345460
-1.247056 -1.609025 2.416976
-1.294988 -1.649600 2.495102
-1.318861 -1.668084 2.536566
-1.342599 -1.685202 2.579571
-1.366144 -1.700833 2.624057
-1.389432 -1.714851 2.669954
-1.412399 -1.727135 2.717180
-1.434977 -1.737562 2.765640
-1.457095 -1.746015 2.815227
-1.478679 -1.752380 2.865822
-1.499653 -1.756550 2.917292
-1.519941 -1.758423 2.969495
-1.539464 -1.757909 3.022272
-1.558143 -1.754927 3.075458
-1.575898 -1.749406 3.128874
-1.592650 -1.741290 3.182332
-1.608320 -1.730539 3.235637
-1.622832 -1.717124 3.288585
-1.636110 -1.701038 3.340969
-1.648084 -1.682289 3.392578
-1.658685 -1.660905 3.443197
-1.667849 -1.636930 3.492615
-1.675517 -1.610430 3.540622
-1.681637 -1.581490 3.587011
-1.686161 -1.550212 3.631585
-1.689050 -1.516717 3.674155
-1.690271 -1.481142 3.714543
-1.689798 -1.443641 3.752584
-1.687617 -1.404383 3.788130
-1.683718 -1.363547 3.821046
-1.678102 -1.321324 3.851219
-1.670779 -1.277914 3.878552
-1.661767 -1.233523 3.902969
-1.651092 -1.188360 3.924415
-1.638790 -1.142636 3.942854
-1.624905 -1.096562 3.958271
-1.609486 -1.050346 3.970671
-1.592594 -1.004189 3.980079
-1.554651 -0.912827 3.990100
-1.511665 -0.823926 3.988865
-1.464297 -0.738744 3.977127
-1.413262 -0.658324 3.955806
-1.359299 -0.583476 3.925934
-1.303153 -0.514772 3.888602
-1.245550 -0.452565 3.844910
-1.187185 -0.397001 3.795927
-1.128700 -0.348056 3.742660
-1.070684 -0.305559 3.686032
-1.013657 -0.269227 3.626870
-0.958071 -0.238694 3.565896
-0.904308 -0.213540 3.503730
-0.852683 -0.193311 3.440893
-0.803446 -0.177543 3.377817
-0.756784 -0.165776 3.314850
-0.712835 -0.157567 3.252273
-0.671683 -0.152498 3.190303
-0.633374 -0.150182 3.129108
-0.597916 -0.150267 3.068816
-0.565287 -0.152439 3.009520
-0.535440 -0.156419 2.951286
-0.508312 -0.161966 2.894164
-0.483821 -0.168874 2.838184
-0.461876 -0.176969 2.783368
-0.442380 -0.186106 2.729730
-0.425232 -0.196172 2.677276
-0.410328 -0.207075 2.626011
-0.397567 -0.218749 2.575940
-0.386850 -0.231147 2.527064
-0.378082 -0.244241 2.479387
-0.368391 -0.265165 2.410131
-0.362614 -0.287652 2.343612
-0.360516 -0.311784 2.279871
-0.361902 -0.337693 2.218968
-0.366622 -0.365557 2.160987
-0.374564 -0.395589 2.106037
-0.385662 -0.428032 2.054259
-0.399890 -0.463155 2.005830
-0.417260 -0.501250 1.960973
-0.437823 -0.542621 1.919958
-0.461663 -0.587585 1.883119
-0.488898 -0.636460 1.850855
-0.519671 -0.689556 1.823650
-0.592519 -0.809533 1.786817
-0.620354 -0.853854 1.780539
-0.650058 -0.900411 1.777683
-0.681687 -0.949215 1.778544
-0.715290 -1.000248 1.783442
-0.750910 -1.053456 1.792721
-1.562996 -1.890111 2.890807
-1.586833 -1.892875 2.953493
-1.609792 -1.892645 3.016965
-1.631770 -1.889306 3.081006
-1.652664 -1.882756 3.145384
-1.672370 -1.872913 3.209852
-1.690784 -1.859715 3.274151
-1.707806 -1.843123 3.338011
-1.723336 -1.823121 3.401155
-1.737280 -1.799719 3.463298
-1.749548 -1.772953 3.524156
-1.760056 -1.742887 3.583443
-1.768726 -1.709612 3.640878
-1.775488 -1.673249 3.696186
-1.495727 -0.643452 4.111088
-1.464954 -0.596180 4.096215
-1.433303 -0.550768 4.078789
-1.400894 -0.507308 4.058998
-1.367845 -0.465874 4.037034
-1.334274 -0.426519 4.013085
-1.300297 -0.389277 3.987336
-1.266025 -0.354165 3.959971
-1.231565 -0.321182 3.931163
-1.197019 -0.290316 3.901081
-1.162487 -0.261538 3.869885
-1.128061 -0.234811 3.837727
-0.721763 -0.044082 3.383581
-0.669700 -0.034394 3.313851
-0.620946 -0.028232 3.245154
-0.575535 -0.025076 3.177642
-0.533453 -0.024460 3.111419
-0.494651 -0.025970 3.046547
-0.459046 -0.029242 2.983058
-0.426534 -0.033965 2.920962
-0.396994 -0.039872 2.860252
-0.370290 -0.046738 2.800912
-0.346281 -0.054379 2.742918
-0.324821 -0.062643 2.686244
-0.305763 -0.071413 2.630859
-0.288963 -0.080596 2.576735
-0.274281 -0.090125 2.523844
-0.261582 -0.099953 2.472157
-0.250739 -0.110051 2.421651
-0.241632 -0.120408 2.372303
-0.230987 -0.136433 2.300408
-0.223667 -0.153096 2.231016
0.170984 0.259737 1.475354
0.186964 0.284537 1.433418
0.204555 0.312399 1.393707
0.223992 0.343649 1.356348
0.245531 0.378657 1.321514
0.269449 0.417832 1.289428
0.296046 0.461627 1.260377
0.325652 0.510537 1.234730
0.358625 0.565093 1.212951
0.395353 0.625861 1.195621
0.422131 0.670111 1.186891
0.450897 0.717557 1.180714
0.481785 0.768368 1.177386
0.514939 0.822711 1.177244
0.550502 0.880735 1.180675
0.588620 0.942572 1.188116
0.629437 1.008322 1.200065
0.673095 1.078045 1.217081
0.719726 1.151746 1.239786
0.769449 1.229358 1.268874
0.795504 1.269586 1.286045
0.822367 1.310724 1.305101
0.850048 1.352734 1.326147
0.878553 1.395570 1.349291
0.907886 1.439176 1.374644
0.938046 1.483485 1.402321
1.632841 2.262923 2.503839
1.671130 2.283852 2.594975
1.708765 2.300525 2.688846
1.745570 2.312591 2.785174
1.781365 2.319713 2.883636
1.815959 2.321576 2.983863
1.849156 2.317890 3.085441
1.880754 2.308399 3.187913
1.910551 2.292888 3.290782
1.938341 2.271189 3.393514
1.963924 2.243189 3.495547
1.987099 2.208834 3.596292
2.007676 2.168133 3.695146
2.025473 2.121166 3.791496
2.040319 2.068081 3.884734
1.691785 0.488286 4.559895
1.645700 0.412904 4.535066
1.598113 0.341242 4.506102
1.549255 0.273458 4.473438
1.499352 0.209656 4.437501
1.448627 0.149892 4.398712
1.397293 0.094180 4.357473
1.345557 0.042489 4.314168
1.293613 -0.005242 4.269156
1.241646 -0.049108 4.222772
1.189828 -0.089227 4.175327
1.138319 -0.125742 4.127099
1.087265 -0.158807 4.078344
1.036801 -0.188594 4.029287
0.987045 -0.215281 3.980129
0.938107 -0.239053 3.931045
0.890080 -0.260097 3.882185
0.843047 -0.278601 3.833679
0.797081 -0.294752 3.785636
0.752239 -0.308732 3.738144
0.708573 -0.320719 3.691279
0.666121 -0.330884 3.645097
0.624915 -0.339393 3.599644
0.584976 -0.346402 3.554952
0.546319 -0.352061 3.511044
0.508951 -0.356510 3.467935
0.472872 -0.359883 3.425631
0.438079 -0.362302 3.384133
0.404561 -0.363885 3.343435
0.372302 -0.364738 3.303528
0.311486 -0.364648 3.226035
0.255439 -0.362745 3.151523
0.203928 -0.359627 3.079840
0.156687 -0.355800 3.010821
0.113431 -0.351681 2.944300
0.073865 -0.347613 2.880119
0.037687 -0.343878 2.818132
0.004596 -0.340702 2.758204
-0.025702 -0.338266 2.700214
-0.053495 -0.336718 2.644057
-0.079058 -0.336170 2.589642
-0.102656 -0.336716 2.536891
-0.124539 -0.338426 2.485737
-0.144945 -0.341359 2.436127
-0.164098 -0.345561 2.388017
-0.182206 -0.351070 2.341373
-0.207841 -0.361861 2.274106
-0.232182 -0.375777 2.210036
-0.255790 -0.392923 2.149158
-0.279173 -0.413415 2.091504
-0.302799 -0.437383 2.037147
-0.327103 -0.464982 1.986204
-0.352490 -0.496388 1.938840
-0.379344 -0.531803 1.895271
-0.408035 -0.571448 1.855775
-0.438919 -0.615565 1.820699
-0.472346 -0.664403 1.790472
-0.508657 -0.718212 1.765614
-0.548186 -0.777224 1.746748
-0.576488 -0.819554 1.737862
-0.606457 -0.864329 1.732219
-0.638183 -0.911572 1.730099
-0.689246 -0.987065 1.734208
-0.725710 -1.040428 1.742308
-0.764184 -1.096125 1.755139
-0.804714 -1.154022 1.773107
-0.847327 -1.213927 1.796647
-0.892029 -1.275575 1.826209
-0.938799 -1.338621 1.862256
-0.987582 -1.402625 1.905253
-1.038285 -1.467041 1.955651
-1.064314 -1.499202 1.983759
-1.090767 -1.531208 2.013873
-1.117617 -1.562957 2.046035
-1.144835 -1.594339 2.080286
-1.172387 -1.625234 2.116659
-1.200236 -1.655515 2.155181
-1.228339 -1.685047 2.195870
-1.256649 -1.713687 2.238737
-1.285114 -1.741284 2.283782
-1.313679 -1.767679 2.330992
-1.342281 -1.792710 2.380343
-1.370854 -1.816204 2.431797
-1.399326 -1.837990 2.485301
-1.427619 -1.857888 2.540787
-1.455652 -1.875719 2.598168
-1.483338 -1.891304 2.657340
-1.510586 -1.904465 2.718180
-1.537299 -1.915027 2.780547
-1.563378 -1.922821 2.844278
-1.613217 -1.929477 2.975090
-1.636762 -1.928051 3.041749
-1.659244 -1.923290 3.108934
-1.680554 -1.915090 3.176388
-1.700579 -1.903370 3.243842
-1.719211 -1.888070 3.311014
-1.736342 -1.869157 3.377609
-1.751868 -1.846622 3.443327
-1.765690 -1.820488 3.507860
-1.784384 -1.330817 4.057864
-1.773005 -1.273499 4.087393
-1.759472 -1.215263 4.112902
-1.743834 -1.156419 4.134356
-1.726153 -1.097276 4.151755
-1.706504 -1.038135 4.165129
-1.684969 -0.979287 4.174535
-1.661643 -0.921009 4.180061
-1.636627 -0.863563 4.181818
-1.610030 -0.807192 4.179938
-1.581968 -0.752117 4.174576
-1.552562 -0.698539 4.165900
-1.521935 -0.646633 4.154092
-1.104680 -0.187503 3.840406
-1.069248 -0.163420 3.805631
-1.034168 -0.141338 3.770270
-0.999514 -0.121179 3.734446
-0.965354 -0.102864 3.698268
-0.931749 -0.086308 3.661837
-0.898755 -0.071424 3.625244
-0.866421 -0.058124 3.588568
-0.803902 -0.035920 3.515250
-0.744471 -0.018994 3.442361
-0.688327 -0.006667 3.370261
-0.635593 0.001695 3.299215
-0.586331 0.006682 3.229409
-0.540547 0.008823 3.160965
-0.498204 0.008593 3.093958
-0.459227 0.006410 3.028424
-0.423512 0.002635 2.964374
-0.390936 -0.002421 2.901798
-0.361358 -0.008495 2.840674
-0.334627 -0.015369 2.780971
-0.310587 -0.022862 2.722655
-0.289078 -0.030831 2.665687
-0.269943 -0.039159 2.610029
-0.253027 -0.047762 2.555645
-0.238179 -0.056573 2.502499
-0.225259 -0.065550 2.450559
-0.214130 -0.074667 2.399793
-0.204667 -0.083911 2.350173
-0.196753 -0.093285 2.301675
-0.187554 -0.107617 2.230979
-0.181281 -0.122348 2.162686
-0.177661 -0.137595 2.096742
-0.176471 -0.153503 2.033102
-0.177533 -0.170244 1.971735
-0.180714 -0.188013 1.912619
-0.185920 -0.207021 1.855749
-0.193099 -0.227504 1.801131
-0.202235 -0.249712 1.748790
-0.213350 -0.273921 1.698771
-0.226498 -0.300427 1.651141
-0.241768 -0.329549 1.605996
-0.259283 -0.361634 1.563466
-0.279197 -0.397055 1.523721
-0.301699 -0.436216 1.486983
-0.327009 -0.479546 1.453533
-0.355382 -0.527506 1.423728
-0.387102 -0.580578 1.398011
-0.422489 -0.639262 1.376937
-0.448287 -0.681753 1.365796
-0.475978 -0.727110 1.357256
-0.505674 -0.775476 1.351591
-0.537495 -0.826983 1.349109
-0.571558 -0.881748 1.350161
-0.604306 0.239450 3.485233
-0.569716 0.244552 3.443803
-0.536278 0.248576 3.402992
-0.086161 0.228507 2.710739
-0.059552 0.224660 2.652497
-0.035302 0.221386 2.595853
-0.013177 0.218786 2.540731
0.007051 0.216936 2.487064
0.025597 0.215900 2.434791
0.042663 0.215722 2.383859
0.058441 0.216440 2.334225
0.073111 0.218083 2.285847
0.093401 0.222331 2.215567
0.112093 0.228780 2.147949
0.129658 0.237496 2.082926
0.146521 0.248549 2.020450
0.163071 0.262026 1.960495
0.179664 0.278031 1.903056
1.827491 2.095861 3.323906
1.849667 2.074127 3.408786
1.869884 2.047442 3.492739
1.887995 2.015806 3.575323
1.903861 1.979268 3.656087
1.917352 1.937923 3.734581
1.928347 1.891915 3.810362
1.936738 1.841436 3.882998
1.942433 1.786727 3.952078
1.945352 1.728074 4.017215
1.945434 1.665803 4.078057
1.942635 1.600280 4.134286
1.936932 1.531901 4.185630
1.928319 1.461092 4.231862
1.916811 1.388297 4.272803
1.902442 1.313971 4.308328
1.885266 1.238581 4.338364
1.865356 1.162587 4.362889
-0.260802 -0.398820 1.367454
-0.285692 -0.439269 1.335033
-0.313324 -0.484435 1.305848
-0.366390 -0.571536 1.265516
-0.403041 -0.631753 1.247179
-0.429729 -0.675555 1.237817
-0.458367 -0.722474 1.231035
-0.489089 -0.772672 1.227123
-0.522030 -0.826304 1.226412
-1.657172 -2.250397 2.605439
-1.693835 -2.266514 2.696389
-1.729686 -2.278205 2.789688
-1.764552 -2.285153 2.885027
-1.798250 -2.287059 2.982055
-1.830593 -2.283649 3.080377
-1.861389 -2.274682 3.179561
-1.890445 -2.259955 3.279135
-1.917565 -2.239308 3.378594
-1.942557 -2.212633 3.477404
-1.965230 -2.179876 3.575010
-1.985403 -2.141044 3.670840
-2.002901 -2.096209 3.764313
-2.017562 -2.045506 3.854853
-2.029238 -1.989139 3.941892
-2.037796 -1.927379 4.024881
-2.043124 -1.860558 4.103305
-2.045128 -1.789072 4.176681
-2.043741 -1.713369 4.244581
-2.038915 -1.633946 4.306625
-2.030630 -1.551343 4.362498
-2.018892 -1.466127 4.411953
-2.003732 -1.378888 4.454809
-1.985206 -1.290230 4.490961
-1.963397 -1.200754 4.520372
-1.938409 -1.111054 4.543078
-1.910371 -1.021707 4.559182
-1.879430 -0.933258 4.568849
-1.845753 -0.846223 4.572300
-1.809520 -0.761074 4.569807
-1.770928 -0.678235 4.561685
-1.730182 -0.598082 4.548284
-1.687493 -0.520940 4.529977
-1.643080 -0.447077 4.507161
-1.597164 -0.376710 4.480240
-1.549964 -0.310005 4.449625
-1.501699 -0.247076 4.415722
-1.452582 -0.187992 4.378929
-1.402819 -0.132778 4.339634
-1.352611 -0.081422 4.298205
-1.302147 -0.033876 4.254990
-1.251607 0.009937 4.210316
0.164058 0.318394 2.288907
0.187491 0.328949 2.222117
0.209837 0.342445 2.158340
0.231608 0.358985 2.097567
0.253271 0.378686 2.039824
0.275257 0.401687 1.985172
0.297970 0.428148 1.933711
0.321787 0.458261 1.885582
0.347072 0.492242 1.840977
0.374177 0.530336 1.800142
0.403447 0.572811 1.763389
0.435225 0.619953 1.731106
0.469852 0.672058 1.703770
0.507670 0.729419 1.681958
0.534822 0.770716 1.670824
0.563643 0.814541 1.662691
0.594230 0.860954 1.657826
0.626678 0.909993 1.656525
0.661075 0.961677 1.659118
0.287319 -0.031994 2.764715
0.262717 -0.024967 2.705870
0.240641 -0.017663 2.648421
0.220914 -0.010194 2.592319
0.203367 -0.002648 2.537517
0.187836 0.004914 2.483969
0.174165 0.012447 2.431637
0.162207 0.019924 2.380481
0.151826 0.027331 2.330466
0.142893 0.034666 2.281560
0.131955 0.045552 2.210217
0.123660 0.056351 2.141214
0.117703 0.067152 2.074471
0.113828 0.078063 2.009920
0.111820 0.089213 1.947497
0.111511 0.100745 1.887148
-0.535551 -0.750454 1.801254
-0.214608 -0.163048 2.168163
-0.212669 -0.180875 2.103292
-0.213325 -0.199691 2.040817
-0.216426 -0.219692 1.980731
-0.221861 -0.241099 1.923043
-0.229567 -0.264157 1.867778
-0.239517 -0.289133 1.814986
-0.869696 -1.316812 1.567251
0.069071 0.148806 1.987669
0.080979 0.155241 1.926132
0.092486 0.163361 1.866757
0.103860 0.173229 1.809503
0.115349 0.184923 1.754341
0.127182 0.198549 1.701253
0.139581 0.214237 1.650234
0.152758 0.232145 1.601296
0.166926 0.252463 1.554467
0.294399 0.454533 1.312723
0.323157 0.501694 1.285105
0.974818 1.526706 1.470674
1.006300 1.571300 1.503150
1.038563 1.616274 1.538262
1.071592 1.661507 1.576124
1.105364 1.706867 1.616845
1.139852 1.752203 1.660531
1.175025 1.797349 1.707282
1.210842 1.842121 1.757193
1.247258 1.886319 1.810347
1.284217 1.929721 1.866819
1.321657 1.972092 1.926667
1.359508 2.013174 1.989936
1.397689 2.052695 2.056650
1.436110 2.090365 2.126810
1.474672 2.125878 2.200395
1.513265 2.158915 2.277354
1.551769 2.189145 2.357604
1.590054 2.216230 2.441032
2.035161 1.984186 3.960783
2.043234 1.921103 4.043562
2.048036 1.852979 4.121650
2.049478 1.780223 4.194570
2.047494 1.703298 4.261894
2.042041 1.622714 4.323252
2.033103 1.539021 4.378337
2.020691 1.452800 4.426910
2.004839 1.364650 4.468803
1.985611 1.275180 4.503921
1.963092 1.185000 4.532243
1.937393 1.094706 4.553818
1.908648 1.004876 4.568762
1.877009 0.916058 4.577254
1.842646 0.828763 4.579529
1.805746 0.743460 4.575870
1.766508 0.660569 4.566604
1.725140 0.580460 4.552090
0.358500 -0.340069 3.260614
-0.172172 -0.326600 2.286818
-0.195791 -0.337758 2.220486
-0.218385 -0.351914 2.157199
-0.240464 -0.369171 2.096956
-0.262499 -0.389653 2.039789
-0.284920 -0.413498 1.985771
-0.308132 -0.440873 1.935011
-0.332516 -0.471970 1.887665
-0.358436 -0.507010 1.843940
-0.386247 -0.546236 1.804100
-0.416294 -0.589917 1.768477
-0.448923 -0.638333 1.737484
-0.484474 -0.691773 1.711624
-0.523287 -0.750515 1.691506
-0.551142 -0.792747 1.681640
-0.580694 -0.837511 1.674896
-0.612038 -0.884854 1.671555
-0.645266 -0.934802 1.671923
-0.680463 -0.987355 1.676342
-0.717706 -1.042482 1.685185
-0.757061 -1.100107 1.698856
-0.798582 -1.160102 1.717791
-0.842304 -1.222279 1.742455
-0.888237 -1.286373 1.773335
-0.936367 -1.352033 1.810933
-0.986643 -1.418806 1.855756
-1.038974 -1.486127 1.908302
-1.065869 -1.519782 1.937618
-1.093221 -1.553304 1.969038
-1.610922 -1.970016 2.908797
-1.706551 -1.955608 3.190301
-1.727357 -1.942823 3.261339
-1.746685 -1.926202 3.332049
-1.764420 -1.905710 3.402113
-1.780450 -1.881341 3.471200
-1.794667 -1.853120 3.538980
-1.806970 -1.821109 3.605116
-1.817267 -1.785398 3.669278
-1.825471 -1.746115 3.731142
-1.831509 -1.703418 3.790393
-1.835314 -1.657500 3.846736
-1.836835 -1.608581 3.899893
-1.836033 -1.556912 3.949608
-1.832879 -1.502765 3.995655
-1.827362 -1.446437 4.037836
-1.819484 -1.388240 4.075987
-1.809259 -1.328500 4.109978
-1.796719 -1.267552 4.139712
-1.781907 -1.205735 4.165131
-1.764881 -1.143388 4.186213
-1.745711 -1.080845 4.202968
-1.724481 -1.018430 4.215443
-1.701283 -0.956457 4.223716
-1.676222 -0.895220 4.227893
-1.649410 -0.834997 4.228108
-1.620968 -0.776042 4.224518
-1.591021 -0.718586 4.217299
-1.559701 -0.662835 4.206644
-1.527142 -0.608969 4.192760
-1.493482 -0.557140 4.175861
-1.458858 -0.507475 4.156171
-1.423408 -0.460075 4.133914
-1.387268 -0.415016 4.109314
-1.350571 -0.372350 4.082594
-1.313448 -0.332107 4.053972
-1.276026 -0.294296 4.023660
-1.238424 -0.258908 3.991859
-1.200758 -0.225916 3.958763
-1.163139 -0.195280 3.924555
-1.125668 -0.166945 3.889404
-1.088443 -0.140846 3.853471
-1.051552 -0.116909 3.816902
-1.015078 -0.095052 3.779832
-0.979096 -0.075188 3.742383
-0.943674 -0.057224 3.704667
-0.908874 -0.041067 3.666784
-0.874751 -0.026617 3.628822
-0.841353 -0.013780 3.590860
-0.808721 -0.002456 3.552969
-0.776892 0.007450 3.515208
-0.715756 0.023383 3.440278
-0.658124 0.034745 3.366407
-0.604099 0.042210 3.293828
-0.553721 0.046395 3.222698
-0.506972 0.047852 3.153112
-0.463792 0.047072 3.085118
-0.424085 0.044481 3.018729
-0.387726 0.040451 2.953935
-0.354570 0.035293 2.890707
-0.324460 0.029274 2.829007
-0.297225 0.022612 2.768790
-0.272694 0.015487 2.710009
-0.250693 0.008042 2.652615
-0.231050 0.000393 2.596561
-0.213598 -0.007376 2.541802
-0.198176 -0.015200 2.488295
-0.184631 -0.023035 2.436002
-0.172818 -0.030855 2.384883
-0.162602 -0.038644 2.334907
-0.153857 -0.046403 2.286043
-0.143248 -0.058004 2.214767
-0.135345 -0.069617 2.145841
-0.129848 -0.081336 2.079190
-0.126507 -0.093279 2.014748
-0.125115 -0.105583 1.952459
-0.125510 -0.118401 1.892273
1.107038 1.558302 2.014222
1.134479 1.590468 2.048143
1.162282 1.622202 2.084217
1.190411 1.653378 2.122475
1.218824 1.683860 2.162943
1.247476 1.713505 2.205635
1.276317 1.742160 2.250558
1.305291 1.769666 2.297706
1.334338 1.795857 2.347060
1.187143 0.236468 3.929100
1.150563 0.207186 3.895531
1.114150 0.180103 3.861065
1.077995 0.155158 3.825852
1.042182 0.132279 3.790029
1.006789 0.111387 3.753724
0.971887 0.092401 3.717051
0.937541 0.075231 3.680117
0.332237 0.499239 1.372753
0.362788 0.550506 1.346477
0.396899 0.607335 1.324515
0.492383 0.764558 1.293893
0.524281 0.816502 1.291628
-0.120381 -0.266323 2.270871
-0.141814 -0.274086 2.202652
-0.162001 -0.284428 2.137231
-0.181423 -0.297436 2.074570
-0.200518 -0.313210 2.014658
-0.219691 -0.331869 1.957512
-0.239316 -0.353558 1.903177
-0.273980 -0.396919 1.819095
-0.011168 0.033267 1.899697
-0.005686 0.031892 1.839843
-0.000962 0.031113 1.781891
0.003163 0.030891 1.725776
0.006829 0.031195 1.671440
0.010153 0.032002 1.618826
0.013238 0.033297 1.567879
0.017134 0.035774 1.502454
0.020950 0.039122 1.439786
0.024848 0.043380 1.379764
0.028976 0.048618 1.322285
0.033475 0.054938 1.267253
0.038486 0.062475 1.214581
0.044152 0.071401 1.164190
0.052399 0.084843 1.104304
0.062262 0.101316 1.047768
0.074148 0.121478 0.994514
0.088542 0.146155 0.944530
0.106037 0.176371 0.897877
0.127353 0.213396 0.854727
0.147746 0.248957 0.822944
0.171693 0.290829 0.793882
0.199834 0.340138 0.767943
0.224141 0.382780 0.750880
0.251593 0.430965 0.736228
0.282598 0.485384 0.724416
0.317613 0.546797 0.715999
0.343433 0.592028 0.712614
0.371423 0.640986 0.711305
0.401757 0.693938 0.712372
-0.215317 -0.618181 2.893689
-0.253247 -0.617128 2.841641
-0.288233 -0.617535 2.792089
-0.320633 -0.619512 2.744901
-0.350791 -0.623140 2.699972
-0.379026 -0.628474 2.657222
-0.418424 -0.639754 2.597067
-0.455095 -0.655029 2.541584
-0.489867 -0.674321 2.490755
-0.523476 -0.697619 2.444641
-0.556571 -0.724890 2.403375
-0.589723 -0.756078 2.367156
-0.623428 -0.791104 2.336247
-0.658116 -0.829866 2.310969
-0.694150 -0.872222 2.291705
-0.731834 -0.917983 2.278887
-0.771406 -0.966894 2.272999
-0.813041 -1.018614 2.274567
-0.856841 -1.072696 2.284142
-0.902832 -1.128562 2.302287
-0.934682 -1.166444 2.319416
-0.967437 -1.204536 2.340748
-1.001033 -1.242543 2.366418
-1.035383 -1.280128 2.396539
-1.070375 -1.316913 2.431194
-1.105872 -1.352484 2.470427
-1.073486 -0.487676 3.520795
-1.032705 -0.459822 3.477556
-0.992778 -0.435888 3.432403
-0.953979 -0.415707 3.385768
-0.916542 -0.399081 3.338034
-0.880668 -0.385794 3.289540
-0.846521 -0.375619 3.240582
-0.814231 -0.368327 3.191419
-0.783901 -0.363693 3.142272
-0.755605 -0.361502 3.093330
-0.729393 -0.361550 3.044757
-0.705293 -0.363651 2.996692
-0.683317 -0.367632 2.949252
-0.663460 -0.373342 2.902542
-0.637609 -0.384859 2.834034
-0.616392 -0.399591 2.767622
-0.599683 -0.417250 2.703528
-0.587336 -0.437629 2.641952
-0.579202 -0.460592 2.583086
-0.575135 -0.486066 2.527121
-0.574997 -0.514032 2.474256
-0.578671 -0.544514 2.424707
-0.586054 -0.577570 2.378712
-0.597067 -0.613281 2.336539
-0.611649 -0.651742 2.298488
-0.629761 -0.693049 2.264900
-0.651378 -0.737291 2.236162
-0.676490 -0.784533 2.212710
-0.705093 -0.834800 2.195030
-0.737183 -0.888062 2.183667
-0.772749 -0.944211 2.179217
-0.811760 -1.003040 2.182324
-0.854153 -1.064212 2.193673
-0.884242 -1.106059 2.206166
-0.915741 -1.148542 2.222846
-0.948585 -1.191428 2.243917
-0.982696 -1.234442 2.269572
-1.017974 -1.277261 2.299988
-0.831007 -0.319574 3.274757
-0.794915 -0.311194 3.221601
-0.760989 -0.305697 3.168543
-0.729306 -0.302818 3.115782
-0.699913 -0.302310 3.063480
-0.672832 -0.303946 3.011775
-0.648065 -0.307521 2.960780
-0.625598 -0.312853 2.910589
-0.605401 -0.319782 2.861280
-0.587434 -0.328171 2.812921
-0.571650 -0.337905 2.765571
-0.551948 -0.354826 2.696545
-0.536842 -0.374324 2.630056
-0.526136 -0.396245 2.566250
-0.519640 -0.420509 2.505268
-0.517182 -0.447102 2.447265
-0.518609 -0.476064 2.392406
-0.523794 -0.507476 2.340881
-0.532637 -0.541456 2.292907
-0.545068 -0.578145 2.248733
-0.561041 -0.617699 2.208652
-0.580540 -0.660282 2.173001
-0.603569 -0.706047 2.142168
-0.630151 -0.755132 2.116605
-0.660322 -0.807638 2.096825
-0.694125 -0.863614 2.083410
-0.731597 -0.923034 2.077016
-0.772764 -0.985769 2.078366
-0.802262 -1.029314 2.083956
-0.833390 -1.074105 2.093585
-0.866127 -1.119988 2.107506
-0.900437 -1.166766 2.125979
-0.936268 -1.214194 2.149261
-0.689344 -0.230396 3.130859
-0.656629 -0.229809 3.074416
-0.626477 -0.231401 3.018734
-0.598872 -0.234927 2.963911
-0.573778 -0.240172 2.910024
-0.551146 -0.246949 2.857132
-0.530915 -0.255099 2.805283
-0.513015 -0.264489 2.754516
-0.497370 -0.275012 2.704864
-0.483905 -0.286582 2.656352
-0.472539 -0.299134 2.609008
-0.459262 -0.319708 2.540230
-0.450290 -0.342308 2.474212
-0.445399 -0.366926 2.411045
-0.444391 -0.393611 2.350831
-0.447103 -0.422470 2.293697
-0.453404 -0.453647 2.239790
-0.463202 -0.487325 2.189291
-0.476440 -0.523709 2.142418
-0.493093 -0.563027 2.099430
-0.513173 -0.605515 2.060639
-0.536718 -0.651411 2.026412
-0.573620 -0.718301 1.988640
-0.605544 -0.772999 1.966886
-1.798937 -1.555516 3.871064
-1.797297 -1.506742 3.916274
-1.793476 -1.455798 3.958068
-1.787469 -1.402952 3.996277
-0.306582 -0.434892 1.543230
-0.331109 -0.477292 1.508147
-0.358654 -0.524137 1.476704
-0.389482 -0.575892 1.449325
-0.423892 -0.633035 1.426535
0.007669 0.182789 2.398857
0.023169 0.182069 2.348400
0.037449 0.182149 2.299177
0.056941 0.183815 2.227574
0.074571 0.187387 2.158558
0.090799 0.192912 2.092042
0.106041 0.200438 2.027958
0.120672 0.210021 1.966255
0.135032 0.221736 1.906899
0.149434 0.235675 1.849869
0.233807 0.355517 1.408305
0.255800 0.390889 1.372446
0.359153 0.559862 1.268010
0.395025 0.618818 1.248736
0.421148 0.661719 1.238663
0.449183 0.707690 1.231087
0.479263 0.756895 1.226289
0.528511 0.837105 1.225008
0.564297 0.895052 1.228646
0.602611 0.956714 1.236382
0.643588 1.022172 1.248712
0.687361 1.091464 1.266190
0.734054 1.164571 1.289435
1.635001 2.239696 2.550964
1.672109 2.258365 2.640449
1.708507 2.272804 2.732454
1.744026 2.282684 2.826696
1.778487 2.287694 2.922847
1.811707 2.287544 3.020541
0.298703 -0.334084 3.176180
0.246365 -0.331558 3.103492
0.198322 -0.328045 3.033422
0.154310 -0.323990 2.965818
0.114050 -0.319763 2.900532
0.077254 -0.315665 2.837421
0.043633 -0.311943 2.776354
0.012901 -0.308796 2.717210
-0.015221 -0.306382 2.659884
-0.041007 -0.304828 2.604280
-0.064715 -0.304234 2.550317
-0.086594 -0.304680 2.497926
-0.106879 -0.306228 2.447045
-0.125792 -0.308928 2.397627
-0.143542 -0.312820 2.349631
-1.137983 -1.610612 2.014129
-1.166584 -1.643591 2.051509
-1.195534 -1.676008 2.091171
-1.224793 -1.707720 2.133143
-1.254312 -1.738575 2.177443
-1.284040 -1.768414 2.224079
-1.313919 -1.797067 2.273050
-1.343885 -1.824356 2.324338
-1.373870 -1.850098 2.377913
-1.403799 -1.874104 2.433727
-1.433591 -1.896178 2.491716
-1.463161 -1.916124 2.551799
-1.492417 -1.933742 2.613871
-1.521263 -1.948835 2.677810
-1.549595 -1.961205 2.743471
-1.577308 -1.970664 2.810688
-1.655603 -1.979797 3.019675
-1.679696 -1.975901 3.091007
-0.115065 -0.114259 1.838503
-0.726942 -1.167067 1.223922
-0.777528 -1.246150 1.254665
0.405664 0.597220 1.470212
0.441112 0.655895 1.448573
0.773034 1.180111 1.482244
0.820896 1.251618 1.511361
0.871511 1.325845 1.547441
1.848510 1.076028 4.400985
1.822699 0.998943 4.413966
1.794448 0.922660 4.421583
1.763897 0.847580 4.424014
-0.036451 -0.160541 2.228512
-0.053277 -0.162564 2.159005
-0.068579 -0.166347 2.091944
-0.082760 -0.171925 2.027254
-0.096182 -0.179338 1.964871
-0.109172 -0.188638 1.904748
-0.122030 -0.199896 1.846850
-0.135028 -0.213206 1.791155
-0.148427 -0.228684 1.737657
-0.162470 -0.246476 1.686367
-0.177396 -0.266758 1.637312
-0.193443 -0.289736 1.590544
-0.210849 -0.315655 1.546141
-0.229859 -0.344791 1.504212
-0.250731 -0.377463 1.464907
-0.273736 -0.414024 1.428420
-0.299164 -0.454870 1.395003
-0.327323 -0.500433 1.364980
-0.358549 -0.551180 1.338755
-0.393199 -0.607609 1.316840
-0.431658 -0.670236 1.299867
-0.459615 -0.715690 1.291676
-0.489571 -0.764282 1.286300
-0.521657 -0.816155 1.284051
-0.048869 0.270909 2.715822
-0.021354 0.267793 2.657913
0.003802 0.265399 2.601669
0.026849 0.263828 2.547010
0.048025 0.263161 2.493867
0.067557 0.263459 2.442179
0.085659 0.264773 2.391894
0.102532 0.267142 2.342969
0.118365 0.270600 2.295368
0.140550 0.277886 2.226385
0.161343 0.287770 2.160242
0.181243 0.300338 2.096895
0.200707 0.315689 2.036328
0.220153 0.333937 1.978554
0.239967 0.355221 1.923614
0.260512 0.379707 1.871584
0.282134 0.407591 1.822572
0.305167 0.439100 1.776732
0.329938 0.474494 1.734263
0.356774 0.514061 1.695425
0.386004 0.558119 1.660541
0.417961 0.607005 1.630018
0.452987 0.661070 1.604354
0.491431 0.720668 1.584161
0.519133 0.763640 1.574095
0.548617 0.809309 1.567040
0.579987 0.857754 1.563281
0.613346 0.909034 1.563137
0.648793 0.963185 1.566965
0.226496 -0.092160 2.745573
0.201230 -0.085906 2.686435
0.178460 -0.079635 2.628752
0.157990 -0.073457 2.572464
0.139632 -0.067454 2.517513
0.123205 -0.061691 2.463846
0.108537 -0.056210 2.411416
0.095466 -0.051043 2.360176
0.083841 -0.046207 2.310088
0.073522 -0.041710 2.261112
0.060208 -0.035601 2.189662
0.049143 -0.030231 2.120536
0.039979 -0.025561 2.053637
0.032415 -0.021534 1.988882
0.026189 -0.018093 1.926192
0.021078 -0.015173 1.865493
0.001717 -0.003673 1.383776
0.000872 -0.003335 1.325976
0.000194 -0.003164 1.270591
-0.000367 -0.003136 1.217520
-0.000852 -0.003234 1.166665
-0.001398 -0.003518 1.106073
-0.001922 -0.003976 1.048629
-0.002466 -0.004611 0.994169
-0.003064 -0.005442 0.942538
-0.003900 -0.006736 0.884109
-0.004923 -0.008425 0.829305
-0.006203 -0.010611 0.777902
-0.008131 -0.013972 0.721952
-0.010693 -0.018493 0.670042
-0.014691 -0.025608 0.615304
-0.020283 -0.035626 0.565105
-0.029322 -0.051908 0.513669
-0.042620 -0.075984 0.467267
-0.059674 -0.106988 0.430172
-0.080340 -0.144677 0.401086
-0.103866 -0.187679 0.379015
-0.128812 -0.233345 0.363078
-0.153128 -0.277897 0.352352
