inf
3.256145412918742821e-01
3.254593406047538995e-01
3.138209529663294473e-01
2.865190192261345414e-01
2.821618054908693884e-01
2.819291211398933794e-01
2.790294777581245333e-01
2.764477397403395931e-01
2.694848018578377968e-01
2.690687825817338341e-01
2.653867140155525273e-01
2.575090717745576741e-01
2.494844211042410442e-01
2.468477923574870225e-01
2.433697824515045072e-01
2.432251081745989418e-01
2.423549774019107539e-01
2.418280076931123568e-01
2.394093447383698336e-01
2.375528376428528987e-01
2.358956118195243701e-01
2.352341931555125276e-01
2.341133052789314828e-01
2.328041336754939628e-01
2.314925077773359041e-01
2.256758007633191954e-01
2.254372783628832422e-01
2.213722016170115436e-01
2.163584337456320172e-01
2.117438081771390035e-01
2.092142736823974780e-01
2.079952333840872913e-01
2.078083317687320630e-01
2.067681963561565917e-01
2.005313394859106479e-01
1.998000338316237856e-01
1.976394155127585983e-01
1.967863965851493202e-01
1.966161982311145917e-01
1.963863868302331006e-01
1.938100898764086311e-01
1.937830677173859595e-01
1.937448906264366000e-01
1.933013309233898025e-01
1.923295264063779597e-01
1.921744977409373667e-01
1.918293101383483634e-01
1.916027839843440772e-01
1.915237543172935986e-01
1.915049559056212214e-01
1.912121264401269727e-01
1.912034399646445060e-01
1.909491930452271169e-01
1.904293313293048684e-01
1.898903260486685118e-01
1.891834524305748833e-01
1.881244226101838890e-01
1.881078612347544810e-01
1.859438113838363382e-01
1.858113859599436479e-01
1.838182639525788586e-01
1.835427315660513592e-01
1.827560548843714661e-01
1.823156651237951842e-01
1.822386549072601836e-01
1.820047987983613447e-01
1.817991169934203011e-01
1.803861780131200132e-01
1.803237634054725425e-01
1.803044111832257934e-01
1.798992265807895508e-01
1.797582834698323306e-01
1.786909785416051499e-01
1.786326406445549186e-01
1.784997225058134185e-01
1.777005269565125611e-01
1.774756799025422882e-01
1.767493463633997841e-01
1.755837624365190752e-01
1.755837360532908897e-01
1.755535989000656105e-01
1.754954400547742432e-01
1.747791656694097362e-01
1.735757711598495956e-01
1.731527348342186412e-01
1.728350335201086496e-01
1.715722092239432006e-01
1.714640463967528894e-01
1.710225360520538085e-01
1.707798348721177584e-01
1.706896480269011196e-01
1.702326077500730950e-01
1.690993919243307941e-01
1.689004764962310778e-01
1.676512643154104143e-01
1.671144672342280979e-01
1.670344081920477064e-01
1.669940431622342070e-01
1.662085051897737864e-01
1.648947312643144480e-01
1.648366171415823200e-01
1.644699303760930320e-01
1.640760299877610517e-01
1.637478412827481633e-01
1.637334680699192024e-01
1.636097592535058209e-01
1.631190110422144346e-01
1.631071293503442987e-01
1.628162439398242733e-01
1.622913478079582306e-01
1.621781954065328046e-01
1.611522588286616597e-01
1.607703370555915168e-01
1.606878734997182756e-01
1.606221353871479240e-01
1.601523447072469575e-01
1.596217251118682290e-01
1.595876326825738656e-01
1.594656715180607365e-01
1.593554977202338574e-01
1.593296717555442166e-01
1.593097296896975046e-01
1.591389247369509319e-01
1.589952834622883893e-01
1.584093833791934136e-01
1.580837865125583330e-01
1.579653264623377407e-01
1.578340901183285794e-01
1.577958704956871350e-01
1.575412683426546667e-01
1.573813997683703725e-01
1.573443109713733856e-01
1.572747416802309506e-01
1.565571784127621213e-01
1.563517359053815114e-01
1.561855835516665902e-01
1.556369528052907181e-01
1.555504060478916373e-01
1.554499825021756765e-01
1.553131255668867838e-01
1.552123709352033754e-01
1.542710729972939787e-01
1.540476976741635695e-01
1.536177792575960377e-01
1.536112942766179601e-01
1.533419221198055737e-01
1.531649266492983164e-01
1.528258315740866624e-01
1.523119180164364539e-01
1.522826256452343985e-01
1.522064690405136589e-01
1.519219280570088815e-01
1.518430700911681253e-01
1.517995996076874354e-01
1.516241019551528846e-01
1.515160290183266700e-01
1.513123508788287996e-01
1.511252433043959453e-01
1.509874364381386391e-01
1.508815117922760463e-01
1.508754349095079994e-01
1.507478026918777081e-01
1.506963182439295390e-01
1.504304966412884081e-01
1.503690388955211954e-01
1.502565979681077524e-01
0.000000000000000000e+00
