inf
7.370749031426621078e-01
7.358965875441531024e-01
7.328729385112807693e-01
7.044876317544287447e-01
6.215314607607653752e-01
6.161372038894989966e-01
5.625304693642471099e-01
5.385304922737943478e-01
5.229521892380053494e-01
4.985355590352676391e-01
4.972707558180354814e-01
4.913987104009797102e-01
4.712637488070383074e-01
4.709381613427734981e-01
4.382688551092737139e-01
4.351380220308060376e-01
3.991824994766771106e-01
3.934871166432997724e-01
3.898128981061373399e-01
3.813975371322492758e-01
3.806712603858627975e-01
3.805087942848254801e-01
3.797417835342348225e-01
3.726571319129634574e-01
3.670513676801675507e-01
3.631219638379087900e-01
3.589547371854047708e-01
3.588316679079830984e-01
3.563313238320922061e-01
3.450112604527590943e-01
3.448398806039482678e-01
3.444856740800758543e-01
3.438595038233670520e-01
3.354706949476662925e-01
3.203316743840586844e-01
3.170823267493785291e-01
3.167169327584538618e-01
3.150290380917163402e-01
3.098995207641199734e-01
3.093386449422301787e-01
3.086466223601774250e-01
3.070378173928367538e-01
3.068137634662741475e-01
3.060822796058997319e-01
3.034483243693564813e-01
3.020747879630288346e-01
3.010874719160964164e-01
3.008588935278228016e-01
2.960321747916821455e-01
2.936216628397068096e-01
2.911118971797448940e-01
2.886608554047510045e-01
2.847314670912463042e-01
2.821474919368304191e-01
2.809467530345097219e-01
2.781231216199340772e-01
2.771262050163014190e-01
2.753457340099201289e-01
2.750923009402532204e-01
2.749474076681426293e-01
2.724600934844141342e-01
2.715039649834250501e-01
2.711634956882147951e-01
2.683854526889887238e-01
2.673771458031866666e-01
2.644209090182690902e-01
2.641865821473016185e-01
2.640755926936757536e-01
2.638472707325668631e-01
2.632918644946185549e-01
2.626065568149735241e-01
2.622576196578321195e-01
2.611068442029980119e-01
2.585926005989680476e-01
2.576583648633082868e-01
2.574729993243494164e-01
2.571033308184064170e-01
2.568605100001807306e-01
2.564388060671122793e-01
2.561111791666755844e-01
2.550890461385872943e-01
2.534725320822069916e-01
2.534500827700553183e-01
2.523748786670895194e-01
2.521670726875360202e-01
2.510069554429271710e-01
2.503612086659511848e-01
2.500945532662671167e-01
2.495407463253291047e-01
2.492837975264340644e-01
2.483401136472155046e-01
2.481643301558121295e-01
2.481161329269124804e-01
2.478879640333812029e-01
2.452364358130141586e-01
2.451049627579208190e-01
2.442603549170145605e-01
2.434049608820076649e-01
2.429253927243341105e-01
2.423262624839292168e-01
2.418287835756851301e-01
2.408991748124701959e-01
2.408817994771167981e-01
2.404435301365407673e-01
2.401524917692209049e-01
2.391206456891576404e-01
2.390122848375320908e-01
2.385581929418885971e-01
2.385342540300778857e-01
2.383799474234572502e-01
2.381985632321125534e-01
2.381800199385008254e-01
2.380106776207027153e-01
2.375715666191004771e-01
2.374718663439277233e-01
2.372515543988964748e-01
2.367637285997823415e-01
2.357354796467649727e-01
2.355104943899606895e-01
2.353836887593713789e-01
2.345852347143957684e-01
2.345715830676782243e-01
2.344100658172033613e-01
2.324221336065944998e-01
2.320976117132092231e-01
2.317941480480740224e-01
2.301568129451834477e-01
2.286758171088118519e-01
2.267545014941398096e-01
2.258434539700993338e-01
2.253129699619619286e-01
2.251214120938268282e-01
2.249698147573188922e-01
2.240948179035486820e-01
2.236718926879789626e-01
2.236021465219116544e-01
2.227113588175601844e-01
2.223648747350803478e-01
2.216249459115540998e-01
2.206541489318144256e-01
2.205742132190873783e-01
2.192334572028036832e-01
2.189412470560631874e-01
2.186942180644093070e-01
2.182606955146348948e-01
2.181001268155609574e-01
2.180781553529662908e-01
2.179599394474136809e-01
2.169247948880795862e-01
2.159782601224282395e-01
2.159530212270374672e-01
2.152957162591329632e-01
2.145209827933357016e-01
2.145102959582246283e-01
2.144127964604739534e-01
2.142067865154310136e-01
2.134056343649081977e-01
2.123269552175001962e-01
2.123039975628152887e-01
2.122032140460505534e-01
2.115923610809324062e-01
2.113696215444410276e-01
2.108123186587110287e-01
2.105552310723085019e-01
2.104155143086380297e-01
2.100291408051149777e-01
2.098955832646595132e-01
2.095112841789999181e-01
2.094261260519342249e-01
2.087921253680323774e-01
2.078115175472082798e-01
2.067605416637304516e-01
2.066579639656031531e-01
2.065571362856987447e-01
2.064002205187020766e-01
2.054279783740937948e-01
2.051737673910040693e-01
2.043312525104497013e-01
2.040985866061676979e-01
2.039316137730025069e-01
2.037901058629607576e-01
2.034096710862071666e-01
2.031343540147450832e-01
2.025371274276717981e-01
2.016716983466560476e-01
2.011405471185165605e-01
2.010717455031583722e-01
2.005867327203341710e-01
2.003490525783760412e-01
1.999748212183534990e-01
1.997872773798381185e-01
1.994673668074922745e-01
1.986086282989473206e-01
1.984650143743613704e-01
1.980415982614322778e-01
1.970976174826815364e-01
1.962772575934731145e-01
1.960829388486531322e-01
1.956254896900168627e-01
1.939311836510677345e-01
1.937379108610041423e-01
1.936249717756283184e-01
1.933973487803495039e-01
1.924942483149361117e-01
1.922807231001741612e-01
1.920532395769125877e-01
1.917648460378314212e-01
1.911011776105129567e-01
1.908797163155692977e-01
1.908733144775855151e-01
1.908092099913713535e-01
1.902830328984251584e-01
1.902644452615100956e-01
1.900970991617826622e-01
1.900745928295659859e-01
1.892182505256972125e-01
1.884073648119666267e-01
1.883149326626535058e-01
1.882820790750000250e-01
1.881380689986399679e-01
1.879858213802064193e-01
1.866444318441403127e-01
1.858032392768805552e-01
1.855795459610136422e-01
1.847398189216175601e-01
1.845724443953230820e-01
1.842363105518583510e-01
1.837767242590634120e-01
1.835068883028536657e-01
1.831205224926437392e-01
1.827065658851969587e-01
1.826211498412009804e-01
1.816722755897765273e-01
1.816589916643675806e-01
1.813437678623233129e-01
1.807951678774850079e-01
1.805719788376973778e-01
1.805522609768122622e-01
1.804058140280817568e-01
1.801949760810495071e-01
1.799665284793365849e-01
1.798647039486317711e-01
1.794279624936597761e-01
1.792266230060981236e-01
1.789444160975164344e-01
1.778017959894807876e-01
1.775673930008542512e-01
1.774081724278986638e-01
1.772881314402340869e-01
1.771625489515706031e-01
1.770685676228477279e-01
1.769219032587905638e-01
1.765442708127469562e-01
1.763519470079233098e-01
1.763214946716748222e-01
1.762751944127956272e-01
1.760362223840226392e-01
1.760087823923983941e-01
1.758701122981231602e-01
1.752227510131412758e-01
1.750100325705354898e-01
1.748408370315629179e-01
1.740007367355156376e-01
1.734673536938252658e-01
1.734218840060076650e-01
1.733078496125914081e-01
1.731561448814459281e-01
1.731169835934205370e-01
1.728006183640067028e-01
1.726666804395896870e-01
1.726413269473174306e-01
1.724586755077546218e-01
1.718821441632217284e-01
1.712730549140129566e-01
1.710520976357995659e-01
1.703681443976556298e-01
1.693102278448506137e-01
1.691764866234211906e-01
1.677596055144394416e-01
1.674344009118315102e-01
1.673588836250645695e-01
1.671103102657972295e-01
1.664370958417820956e-01
1.662744395000832487e-01
1.661469813781828175e-01
1.659928325078793288e-01
1.659620498977340264e-01
1.659284110449108784e-01
1.657316237706977780e-01
1.655854895111035507e-01
1.653522478720746425e-01
1.651221354135552488e-01
1.646311297242729621e-01
1.644853009817630607e-01
1.641468591524849474e-01
1.640648206422868349e-01
1.640431856787019360e-01
1.639698297021586759e-01
1.638293096044203534e-01
1.636577516065265137e-01
1.636545479065864561e-01
1.630589074897708379e-01
1.625679466125127259e-01
1.623334269334896496e-01
1.623261971870077203e-01
1.620153818864658035e-01
1.617574798215560272e-01
1.608017325477912596e-01
1.604537833113416634e-01
1.603687005897213302e-01
1.601568871172737163e-01
1.596081768937786527e-01
1.593565140639740529e-01
1.590306295943791359e-01
1.590169516846824671e-01
1.588299958365013143e-01
1.581247492815287536e-01
1.579552422727800720e-01
1.578133933529589361e-01
1.576755998085425658e-01
1.574330381068641260e-01
1.572718446126747383e-01
1.572711260472060835e-01
1.571819395424352284e-01
1.568139800506671011e-01
1.563911756265467523e-01
1.562994760333656641e-01
1.562762479155224149e-01
1.558747597690018361e-01
1.556969191656533968e-01
1.555731397973151020e-01
1.555152402618021901e-01
1.554285517833296215e-01
1.550989122941556220e-01
1.550198578123065940e-01
1.549849322118693751e-01
1.547679548081380418e-01
1.545477737913202310e-01
1.544241544750805106e-01
1.541428524853059034e-01
1.540912510691788972e-01
1.540598615298779395e-01
1.536618430378165479e-01
1.536574541661938909e-01
1.536545183682876403e-01
1.529920691680848877e-01
1.526524690049517463e-01
1.523205950877644099e-01
1.519835111966502394e-01
1.512830006668867688e-01
1.512489142888620575e-01
1.506735888075589058e-01
1.504482365469515803e-01
0.000000000000000000e+00
