inf
7.966099897437662891e-01
7.663984862796625608e-01
7.611760359775063822e-01
7.563912004643120746e-01
7.044876317544287447e-01
6.942959976778053655e-01
6.215314607607653752e-01
6.029659186018618833e-01
5.693616000695618240e-01
5.606834532429264550e-01
4.930202171926905130e-01
4.750934856252089777e-01
4.575250857588018527e-01
4.440109780157069919e-01
4.215062275436233796e-01
4.131811079552742405e-01
4.098846846261999799e-01
3.982039263315274580e-01
3.884702863367112124e-01
3.876246167096520368e-01
3.766353846908585545e-01
3.707905117282192520e-01
3.678403958404015683e-01
3.562929141441278924e-01
3.542422540510198337e-01
3.471324345819216117e-01
3.469525956217865970e-01
3.448398806039482678e-01
3.409149927561092586e-01
3.374384577206999136e-01
3.354706949476662925e-01
3.347088453145877218e-01
3.342310615264178497e-01
3.334815765990745695e-01
3.323769321282600275e-01
3.259263077960185551e-01
3.234237841572890626e-01
3.168872394383148161e-01
3.128981613834670994e-01
3.118442099550717828e-01
3.117622026790850542e-01
3.106246880735704652e-01
3.066346495796710148e-01
3.059298874577734972e-01
3.052194495995880219e-01
3.042402813544529683e-01
3.031639219009872876e-01
2.953866752239430737e-01
2.906460143962689147e-01
2.904043611291282079e-01
2.889984319433346327e-01
2.863673785191483967e-01
2.858370417762552407e-01
2.815468048353047537e-01
2.797665387527361047e-01
2.785295481750554858e-01
2.783379698417485226e-01
2.757222585001842252e-01
2.749934079764174144e-01
2.749096071560238608e-01
2.748612613375950864e-01
2.737693210666913846e-01
2.735138722574469439e-01
2.726265041918953802e-01
2.726013277868070128e-01
2.715039649834250501e-01
2.698592375755999306e-01
2.691801887086044398e-01
2.690335298995756852e-01
2.683854526889887238e-01
2.653306783202583063e-01
2.647311332228804437e-01
2.645460960437630016e-01
2.638048841733650063e-01
2.634456442211547955e-01
2.632607471947820965e-01
2.630198722437953607e-01
2.626065568149735241e-01
2.613138013216068645e-01
2.603494963570798792e-01
2.585926005989680476e-01
2.584474066283093396e-01
2.578008521731203762e-01
2.561111791666755844e-01
2.550890461385872943e-01
2.550527309784454411e-01
2.543341802402799279e-01
2.539497426320626583e-01
2.537715966728259498e-01
2.534725320822069916e-01
2.533851716737490767e-01
2.520412787279781019e-01
2.513940548238171591e-01
2.510539276567699818e-01
2.503612086659511848e-01
2.501110295202886302e-01
2.494337353497835807e-01
2.482345738877748120e-01
2.477211410539276459e-01
2.454550674755937578e-01
2.451049627579208190e-01
2.449217626546865978e-01
2.447525021298651293e-01
2.432887016845229067e-01
2.432338615378666358e-01
2.426807182473870728e-01
2.424402012536090445e-01
2.423262624839292168e-01
2.421468242024516493e-01
2.420153526787734710e-01
2.416519069192752112e-01
2.406897470958903607e-01
2.405949033188223285e-01
2.404435301365407673e-01
2.398776067478472773e-01
2.386982845262869690e-01
2.385679536151410207e-01
2.380106776207027153e-01
2.375715666191004771e-01
2.372147439080263542e-01
2.366898188680464921e-01
2.356767183114218400e-01
2.355104943899606895e-01
2.354300543191925055e-01
2.335408105183559568e-01
2.334687292053127250e-01
2.325601208895661243e-01
2.322953249743456572e-01
2.317941480480740224e-01
2.295894769697360283e-01
2.294494795254272412e-01
2.292766756435762887e-01
2.275921889020635636e-01
2.275651338684528124e-01
2.260824705615859520e-01
2.240948179035486820e-01
2.227113588175601844e-01
2.225911272309440692e-01
2.223867007892475212e-01
2.223648747350803478e-01
2.214484951122521195e-01
2.205742132190873783e-01
2.203344521255840016e-01
2.203184055073258152e-01
2.193662598461426361e-01
2.191114445816565448e-01
2.186942180644093070e-01
2.184291747236449255e-01
2.184208717777138542e-01
2.182454441051805694e-01
2.180781553529662908e-01
2.179599394474136809e-01
2.178613765960099591e-01
2.176424727548674776e-01
2.169247948880795862e-01
2.159782601224282395e-01
2.157945100744160793e-01
2.143800425105265306e-01
2.142522147185032255e-01
2.140682369900223647e-01
2.129253933483967465e-01
2.123269552175001962e-01
2.121049452494899457e-01
2.099867259226071980e-01
2.098955832646595132e-01
2.095565655917444592e-01
2.086475683088730715e-01
2.077407974760775988e-01
2.073122726007596839e-01
2.051934810573229906e-01
2.048853774478719969e-01
2.046714328054581866e-01
2.043870826107063443e-01
2.031343540147450832e-01
2.031267213421888429e-01
2.025034063204649293e-01
2.016716983466560476e-01
2.012046864795496715e-01
2.011405471185165605e-01
2.010717455031583722e-01
2.009797885791726191e-01
2.008689565786860309e-01
2.008684689665652112e-01
2.007005199184418442e-01
2.006534030699974880e-01
1.987452212274646857e-01
1.986086282989473206e-01
1.973594567802735289e-01
1.969385138165937188e-01
1.961351674790053623e-01
1.959485629579313937e-01
1.958588172985494258e-01
1.955911735936111118e-01
1.955149369742816279e-01
1.945887383017866068e-01
1.943768724587831287e-01
1.942406210190189275e-01
1.933973487803495039e-01
1.924942483149361117e-01
1.922807231001741612e-01
1.912357644451737615e-01
1.908797163155692977e-01
1.908092099913713535e-01
1.903377225897756042e-01
1.902624570137216309e-01
1.893670035965548393e-01
1.892182505256972125e-01
1.882820790750000250e-01
1.881011367034857162e-01
1.879137546733303243e-01
1.873277255068851732e-01
1.872208895164324260e-01
1.871999986391038040e-01
1.866444318441403127e-01
1.862577720236219814e-01
1.860578468298775545e-01
1.848679991275335721e-01
1.848631610053083629e-01
1.843550016066357045e-01
1.842680425272972544e-01
1.842581131315425558e-01
1.841046263505401737e-01
1.840412796755644120e-01
1.837767242590634120e-01
1.837607415402460476e-01
1.835301265290429362e-01
1.833122613560657088e-01
1.830078640221728115e-01
1.829396881510992889e-01
1.826196101661164972e-01
1.825186928600957270e-01
1.823806261918782812e-01
1.823251220321336075e-01
1.821893743278553690e-01
1.816524316545218010e-01
1.814879239525162835e-01
1.813162877523374072e-01
1.810806575367829296e-01
1.809571425275394718e-01
1.806041106551659337e-01
1.805221204240421429e-01
1.804191330817939420e-01
1.799665284793365849e-01
1.798824140082934675e-01
1.798210865365226785e-01
1.797582834698323306e-01
1.796153197635126930e-01
1.795444809789698837e-01
1.789023166860392589e-01
1.786543720392852197e-01
1.784332057982083997e-01
1.783523647696427517e-01
1.779174899225431927e-01
1.778017959894807876e-01
1.777359159015726442e-01
1.769255611287278152e-01
1.768850828093526950e-01
1.767721475259726172e-01
1.766853993505748399e-01
1.761560565408535617e-01
1.760362223840226392e-01
1.752911703549472344e-01
1.748784875589358412e-01
1.745144366096540722e-01
1.732263158570946926e-01
1.731422922383661911e-01
1.729900323481997626e-01
1.728006183640067028e-01
1.727426961780273995e-01
1.727034261047275809e-01
1.726771684194044754e-01
1.722541257770135170e-01
1.722367174012938706e-01
1.721728680798133293e-01
1.711988799447309306e-01
1.711955348286927359e-01
1.711936815952949664e-01
1.710520976357995659e-01
1.703393007174722751e-01
1.703147894015210329e-01
1.701926880852134838e-01
1.700185198496199368e-01
1.698557309123950310e-01
1.694550820329015217e-01
1.691764866234211906e-01
1.686694859015367143e-01
1.686283624821426630e-01
1.685451625149751997e-01
1.685025516909915144e-01
1.681878589955163039e-01
1.680138618179970178e-01
1.679921517336370740e-01
1.678489054223113452e-01
1.677596055144394416e-01
1.677138097393600924e-01
1.675828155068173897e-01
1.675697502229251401e-01
1.674172611783157072e-01
1.671014425115469881e-01
1.670445454909352812e-01
1.669711645389131693e-01
1.663475229843169589e-01
1.662284032550238322e-01
1.662129988718437368e-01
1.661469813781828175e-01
1.659776701454769576e-01
1.658343587962319010e-01
1.657602979000251664e-01
1.657343089599385144e-01
1.657316237706977780e-01
1.656811374712866824e-01
1.654042297312911802e-01
1.653798994653750132e-01
1.649476521361769588e-01
1.648254116764412691e-01
1.646485367676147893e-01
1.644853009817630607e-01
1.639698297021586759e-01
1.636577516065265137e-01
1.636545479065864561e-01
1.634817196852707544e-01
1.627305071396221714e-01
1.626945833042052203e-01
1.626872701410962407e-01
1.624481999354665251e-01
1.621767351162482496e-01
1.620153818864658035e-01
1.619159962434107147e-01
1.616180597086840920e-01
1.615265406379093049e-01
1.614364292255356104e-01
1.608613422145038774e-01
1.607016622650341287e-01
1.607005164140366815e-01
1.606508073258626212e-01
1.605543361906321687e-01
1.598568605021599420e-01
1.596782432148447228e-01
1.596081768937786527e-01
1.595143430145790076e-01
1.593947556484905659e-01
1.589901309246425087e-01
1.589460212564227370e-01
1.588701075498757664e-01
1.588573513262511172e-01
1.586871027942811097e-01
1.586192608981695784e-01
1.584588152414349860e-01
1.584393289031688357e-01
1.584203263291715513e-01
1.580377972533552611e-01
1.578556722093183429e-01
1.576936966688619046e-01
1.576920311038690070e-01
1.576755998085425658e-01
1.575684554634656509e-01
1.573904324109512975e-01
1.571819395424352284e-01
1.570823182258255790e-01
1.567170239877566373e-01
1.566269131058145303e-01
1.565788611982247835e-01
1.554527322279289359e-01
1.554285517833296215e-01
1.552221179315574628e-01
1.549895543055886671e-01
1.548396382251144843e-01
1.546551961912688844e-01
1.545477737913202310e-01
1.542707858010843314e-01
1.542495327995762611e-01
1.541610334354256984e-01
1.541428524853059034e-01
1.539799891792031916e-01
1.538307535998500175e-01
1.537680426414710644e-01
1.534108464166646368e-01
1.534094304258492025e-01
1.525615844726889714e-01
1.523820517617742176e-01
1.523634433482833062e-01
1.523529431638463716e-01
1.519136115307626322e-01
1.518392460868727700e-01
1.517265554080554080e-01
1.517103767294628591e-01
1.515689436889009201e-01
1.513047795924962746e-01
1.512419434637868876e-01
1.510024528501779373e-01
1.509226660564814970e-01
1.506485710578890080e-01
1.502957393946450504e-01
1.501533885817660785e-01
0.000000000000000000e+00
