inf
3.256145412918742821e-01
3.092045792579494190e-01
2.624854658905338423e-01
2.575090717745576741e-01
2.554729000977910003e-01
2.496241881717878308e-01
2.494602479003658335e-01
2.358956118195243701e-01
2.254372783628832422e-01
2.213722016170115436e-01
2.163584337456320172e-01
2.092142736823974780e-01
2.079952333840872913e-01
2.078083317687320630e-01
2.067681963561565917e-01
2.044721922989821139e-01
2.005313394859106479e-01
1.976394155127585983e-01
1.959482129343332601e-01
1.938100898764086311e-01
1.937830677173859595e-01
1.923295264063779597e-01
1.916027839843440772e-01
1.915598355515381879e-01
1.915237543172935986e-01
1.915049559056212214e-01
1.912121264401269727e-01
1.912034399646445060e-01
1.909491930452271169e-01
1.904293313293048684e-01
1.899493588679764811e-01
1.898903260486685118e-01
1.890051689669878798e-01
1.881244226101838890e-01
1.881078612347544810e-01
1.827560548843714661e-01
1.822386549072601836e-01
1.820047987983613447e-01
1.817991169934203011e-01
1.803861780131200132e-01
1.803044111832257934e-01
1.798992265807895508e-01
1.794856937589372203e-01
1.777005269565125611e-01
1.776150370019726754e-01
1.767493463633997841e-01
1.755837624365190752e-01
1.755837360532908897e-01
1.755535989000656105e-01
1.754954400547742432e-01
1.747791656694097362e-01
1.744222866213788192e-01
1.735757711598495956e-01
1.731527348342186412e-01
1.724838301123670647e-01
1.715722092239432006e-01
1.710225360520538085e-01
1.707798348721177584e-01
1.706896480269011196e-01
1.702326077500730950e-01
1.690993919243307941e-01
1.689004764962310778e-01
1.676512643154104143e-01
1.671144672342280979e-01
1.665901783797146818e-01
1.648876341651936417e-01
1.648366171415823200e-01
1.644699303760930320e-01
1.640760299877610517e-01
1.631190110422144346e-01
1.631071293503442987e-01
1.628162439398242733e-01
1.621781954065328046e-01
1.618784442993849715e-01
1.611522588286616597e-01
1.601523447072469575e-01
1.599528266754220163e-01
1.596217251118682290e-01
1.595876326825738656e-01
1.594656715180607365e-01
1.593296717555442166e-01
1.591389247369509319e-01
1.589952834622883893e-01
1.584093833791934136e-01
1.580837865125583330e-01
1.579653264623377407e-01
1.578340901183285794e-01
1.575412683426546667e-01
1.573813997683703725e-01
1.573443109713733856e-01
1.570229060445511582e-01
1.563517359053815114e-01
1.561855835516665902e-01
1.560573314716388327e-01
1.556369528052907181e-01
1.555504060478916373e-01
1.553131255668867838e-01
1.552186177753995810e-01
1.552123709352033754e-01
1.542710729972939787e-01
1.541880382551388540e-01
1.536112942766179601e-01
1.528258315740866624e-01
1.523119180164364539e-01
1.522826256452343985e-01
1.522064690405136589e-01
1.518430700911681253e-01
1.517995996076874354e-01
1.517805388010051160e-01
1.513123508788287996e-01
1.509874364381386391e-01
1.507478026918777081e-01
1.506963182439295390e-01
1.503690388955211954e-01
0.000000000000000000e+00
