inf
4.795556909236126097e-01
4.712324955009703498e-01
4.491890808866006446e-01
4.370871556504754007e-01
4.302619498490136141e-01
4.189281970138220568e-01
4.179062816072132147e-01
3.679631725211693349e-01
3.584530621117682503e-01
3.558054402208068456e-01
3.504565638297426622e-01
3.391668561140107063e-01
3.377493825109828540e-01
3.332912019289107075e-01
3.256145412918742821e-01
3.254593406047538995e-01
3.138209529663294473e-01
3.093749364649884259e-01
3.091136010102626952e-01
3.088590365921019543e-01
3.027476898114438431e-01
3.018607302752402965e-01
2.960896758374005899e-01
2.938028944762130501e-01
2.926436243358638278e-01
2.921165545924201412e-01
2.901556439365731710e-01
2.899264325885725357e-01
2.874026657438074062e-01
2.868448982129203628e-01
2.865190192261345414e-01
2.847314670912463042e-01
2.819291211398933794e-01
2.816689451573506919e-01
2.793754909894320959e-01
2.790294777581245333e-01
2.789315193693669981e-01
2.770418970020754879e-01
2.769914556739099809e-01
2.768867129999852961e-01
2.764477397403395931e-01
2.763783388258119200e-01
2.763479055601897882e-01
2.762634209286512488e-01
2.690687825817338341e-01
2.690142823350776813e-01
2.683410587177884610e-01
2.675832711628600147e-01
2.660702098272141325e-01
2.659379236239596267e-01
2.658640918797642860e-01
2.654808874161689869e-01
2.653867140155525273e-01
2.643145586148223924e-01
2.635319360665008270e-01
2.634620577783780004e-01
2.629041267877113564e-01
2.608396362393704537e-01
2.602974979781835785e-01
2.600697373252166544e-01
2.596175243915994080e-01
2.594898460716968391e-01
2.582364441447345671e-01
2.580395807897583049e-01
2.580024299125768250e-01
2.575090717745576741e-01
2.573230263619312730e-01
2.550333003870794979e-01
2.542718752793837189e-01
2.540972984380651112e-01
2.534402251095506653e-01
2.530690071978154987e-01
2.529761942478718217e-01
2.529040522306194028e-01
2.527186833508316965e-01
2.526159865889117118e-01
2.525213384892046053e-01
2.506951433331268686e-01
2.504309304767784461e-01
2.498188495206834503e-01
2.494844211042410442e-01
2.491637890925857690e-01
2.490752091767925447e-01
2.489505530778528819e-01
2.474109988606905397e-01
2.465737530851059567e-01
2.460072365509560766e-01
2.452085557577764752e-01
2.451422712454896791e-01
2.449611165338333729e-01
2.439418307232155969e-01
2.433697824515045072e-01
2.432251081745989418e-01
2.431277311138558828e-01
2.428340439562164388e-01
2.423549774019107539e-01
2.423127155391146814e-01
2.421736789664477862e-01
2.418280076931123568e-01
2.415556232401208925e-01
2.415354850797329922e-01
2.414741171020443611e-01
2.410242389621822801e-01
2.406771836831484157e-01
2.406232785490922677e-01
2.402871482419876858e-01
2.400038476909476248e-01
2.396533758208112541e-01
2.394093447383698336e-01
2.393531974006947172e-01
2.390074224998787467e-01
2.387633137925659621e-01
2.385324357732129807e-01
2.381478605730571185e-01
2.378569551288534090e-01
2.377527365100514933e-01
2.370668190675280507e-01
2.366802200991519611e-01
2.358956118195243701e-01
2.357057378487225074e-01
2.356254674508899416e-01
2.347994249013727330e-01
2.346817787673866618e-01
2.345280128025006017e-01
2.341133052789314828e-01
2.340472056175750271e-01
2.333118121814519164e-01
2.328041336754939628e-01
2.325848352654535378e-01
2.325438593707455925e-01
2.322566587971340579e-01
2.322062551984558632e-01
2.319059785208898439e-01
2.314925077773359041e-01
2.309046303194597083e-01
2.307625744220316577e-01
2.302541632479850331e-01
2.298869925108619761e-01
2.294215832072169781e-01
2.285908082241467354e-01
2.271051625580093880e-01
2.264125019989363663e-01
2.259141530474036430e-01
2.256924952703307785e-01
2.256758007633191954e-01
2.254372783628832422e-01
2.249677657865088720e-01
2.245841861507857085e-01
2.238367057878094257e-01
2.237492087059285706e-01
2.234148362876346439e-01
2.231553722974939924e-01
2.226504685373574266e-01
2.220592387448036276e-01
2.218933861770005789e-01
2.214283032746448554e-01
2.213722016170115436e-01
2.199437796883371155e-01
2.198791095524203210e-01
2.192210192773195176e-01
2.191996970346536677e-01
2.181063990135136410e-01
2.178116001373293087e-01
2.176958960295694856e-01
2.171541893754826702e-01
2.165403661948618053e-01
2.163584337456320172e-01
2.154341982568302449e-01
2.149459892063048383e-01
2.134000086350997527e-01
2.128719379227720643e-01
2.123986322134088223e-01
2.123799105273388166e-01
2.117438081771390035e-01
2.111843642617670935e-01
2.107202649693165619e-01
2.095635122854074550e-01
2.092142736823974780e-01
2.087384973130440857e-01
2.086118844531252015e-01
2.084365201628667064e-01
2.078083317687320630e-01
2.075867487146760837e-01
2.075362368692038328e-01
2.070774736254502035e-01
2.069326228332661055e-01
2.069080473149569332e-01
2.067681963561565917e-01
2.063762773122673755e-01
2.062930718679328312e-01
2.057554808156415449e-01
2.056616889282291138e-01
2.047530904302301558e-01
2.046430355041075067e-01
2.042753459069871491e-01
2.038202321267993944e-01
2.035421719149372310e-01
2.035405655458876750e-01
2.027317300758675611e-01
2.026129585883494344e-01
2.016979416967906447e-01
2.015041713147646962e-01
2.014236664237779306e-01
2.011559676402218944e-01
2.011132880572651382e-01
2.005397477155918817e-01
2.005313394859106479e-01
2.003139113542693195e-01
2.002964309297745327e-01
2.001386480885593844e-01
2.000222157604369666e-01
2.000220726394709991e-01
1.999841531207751377e-01
1.998000338316237856e-01
1.994605241182550448e-01
1.992397425225685137e-01
1.988301937824603627e-01
1.985664022438076992e-01
1.979676041796691321e-01
1.978914037111682567e-01
1.976394155127585983e-01
1.972285981839320135e-01
1.967863965851493202e-01
1.966161982311145917e-01
1.957722864920699857e-01
1.956425041195740955e-01
1.954787650286969602e-01
1.951246801715548762e-01
1.946731338955943746e-01
1.945128429051226349e-01
1.944964708653308949e-01
1.943771947082991447e-01
1.942514408559804506e-01
1.942148243557462461e-01
1.938452234457153367e-01
1.938100898764086311e-01
1.937830677173859595e-01
1.937448906264366000e-01
1.936467190971887797e-01
1.935415574858073418e-01
1.935256397634337322e-01
1.933013309233898025e-01
1.931992574318650846e-01
1.931906190254616407e-01
1.923295264063779597e-01
1.921744977409373667e-01
1.920129885541538295e-01
1.918293101383483634e-01
1.916027839843440772e-01
1.915598355515381879e-01
1.915237543172935986e-01
1.915049559056212214e-01
1.913346682276542976e-01
1.912121264401269727e-01
1.909491930452271169e-01
1.909092446675806631e-01
1.904293313293048684e-01
1.898903260486685118e-01
1.893489680794666064e-01
1.892710479216713759e-01
1.891834524305748833e-01
1.890709096565104663e-01
1.888653032977848645e-01
1.886915533950059010e-01
1.882751401254353085e-01
1.881750525972724075e-01
1.881244226101838890e-01
1.881078612347544810e-01
1.880511169795332505e-01
1.876046707606694730e-01
1.874811314335749768e-01
1.872832615813720680e-01
1.869928595009573147e-01
1.869666646132842891e-01
1.868994261984713579e-01
1.865394372509020793e-01
1.860511396523008842e-01
1.854722283413091366e-01
1.854415178517131724e-01
1.848302538239304793e-01
1.844523650696794914e-01
1.843140067176211594e-01
1.840259595248697200e-01
1.839496933905573339e-01
1.839219314321961507e-01
1.838128241930055418e-01
1.835427315660513592e-01
1.834632789640961714e-01
1.833819653930952032e-01
1.830113060949385417e-01
1.828925920767529301e-01
1.828916569214509569e-01
1.828473621227737766e-01
1.827560548843714661e-01
1.823156651237951842e-01
1.822386549072601836e-01
1.821566195650285158e-01
1.820047987983613447e-01
1.819107461912698731e-01
1.817991169934203011e-01
1.817610927880630167e-01
1.815609111888563665e-01
1.815278013134546675e-01
1.813642021721910413e-01
1.811875619092356560e-01
1.811258947214284265e-01
1.811217289528739560e-01
1.808159532019004423e-01
1.805703081085099637e-01
1.804114975033120349e-01
1.803237634054725425e-01
1.803044111832257934e-01
1.801949760810495071e-01
1.800388582934629722e-01
1.799824252742940334e-01
1.799748510083286346e-01
1.799159028714521769e-01
1.798992265807895508e-01
1.797582834698323306e-01
1.797532501634760693e-01
1.797490208291756542e-01
1.797066813996431034e-01
1.792165618542833350e-01
1.790124541150448223e-01
1.786909785416051499e-01
1.786326406445549186e-01
1.784997225058134185e-01
1.783503049966243814e-01
1.779492516023758464e-01
1.777005269565125611e-01
1.772177273006647069e-01
1.770084283284469318e-01
1.767930503396278885e-01
1.767493463633997841e-01
1.767384149052247666e-01
1.767070974008921325e-01
1.766357872462409606e-01
1.764743555789906881e-01
1.763578219911481615e-01
1.762566180645097069e-01
1.761583204622990118e-01
1.761337174706373021e-01
1.758807708148521498e-01
1.755837624365190752e-01
1.755837360532908897e-01
1.755535989000656105e-01
1.754954400547742432e-01
1.754148835464915679e-01
1.748620206502718710e-01
1.747791656694097362e-01
1.744911240277938203e-01
1.744850250218553667e-01
1.740622392277755559e-01
1.737718035593074917e-01
1.735757711598495956e-01
1.734192652531388046e-01
1.731527348342186412e-01
1.730189427359651866e-01
1.728350335201086496e-01
1.728327574417185541e-01
1.722458779053080702e-01
1.721601819557908308e-01
1.721539372248171718e-01
1.716916457174274546e-01
1.716318946820778735e-01
1.716310680130495592e-01
1.715722092239432006e-01
1.714990561796274904e-01
1.714640463967528894e-01
1.713900237852221120e-01
1.711744998522594929e-01
1.711569605426428720e-01
1.711554661584012149e-01
1.711529228672680480e-01
1.710225360520538085e-01
1.708909020034854731e-01
1.708885224262345903e-01
1.707798348721177584e-01
1.706896480269011196e-01
1.706062441959898812e-01
1.704819981578333810e-01
1.703840021041572450e-01
1.702778192390761169e-01
1.702422431612465592e-01
1.702326077500730950e-01
1.701699126219493319e-01
1.698014761342901968e-01
1.697739311721723210e-01
1.694108616229684783e-01
1.693784385292110284e-01
1.692979169356846336e-01
1.691723945520824668e-01
1.690993919243307941e-01
1.689232903296173371e-01
1.689004764962310778e-01
1.686026043389993734e-01
1.684656423680934156e-01
1.683651723189633909e-01
1.682632754339028758e-01
1.681356998942731551e-01
1.680453002411417540e-01
1.680027273682208055e-01
1.676512643154104143e-01
1.675640413274095131e-01
1.674888342043314993e-01
1.674672635833266976e-01
1.673942262467039976e-01
1.673839730238750323e-01
1.671144672342280979e-01
1.670344081920477064e-01
1.668474952113887522e-01
1.664214022900750156e-01
1.663917335481536475e-01
1.662626367324680221e-01
1.656478313363552723e-01
1.655669698788242439e-01
1.651467777832981987e-01
1.648366171415823200e-01
1.647908418610971593e-01
1.647198069576525925e-01
1.644699303760930320e-01
1.644172510599112291e-01
1.643894878187663888e-01
1.641411058016673530e-01
1.640760299877610517e-01
1.640594544016269474e-01
1.639708786879373603e-01
1.639447537570004054e-01
1.638964559386708320e-01
1.637680027046741760e-01
1.637478412827481633e-01
1.637334680699192024e-01
1.636360288376247363e-01
1.636097592535058209e-01
1.635998007507764307e-01
1.632001762027289193e-01
1.631505766259850054e-01
1.631190110422144346e-01
1.631071293503442987e-01
1.630155936629059388e-01
1.628162439398242733e-01
1.627907468340462072e-01
1.627826412714069859e-01
1.625863432523385332e-01
1.623261971870077203e-01
1.623020773566309083e-01
1.621781954065328046e-01
1.620276041671855349e-01
1.619999038489170484e-01
1.619225750988304291e-01
1.617708817327464521e-01
1.617393906602396514e-01
1.614763035280910031e-01
1.613399116473081263e-01
1.611522588286616597e-01
1.611333524730100830e-01
1.610903313963969741e-01
1.609794436828276554e-01
1.607715376854738365e-01
1.607704769587294524e-01
1.607703370555915168e-01
1.607641033201473724e-01
1.607291239659126292e-01
1.606878734997182756e-01
1.606221353871479240e-01
1.605567053924455145e-01
1.604598663304468154e-01
1.601669874501479018e-01
1.601523447072469575e-01
1.596891696364240165e-01
1.596592128309405056e-01
1.596217251118682290e-01
1.595876326825738656e-01
1.595133855761474984e-01
1.594656715180607365e-01
1.593554977202338574e-01
1.593296717555442166e-01
1.592619773164141717e-01
1.591389247369509319e-01
1.589952834622883893e-01
1.589214979737485767e-01
1.589197273739985927e-01
1.585611751451369844e-01
1.585528997377383675e-01
1.584698575090800754e-01
1.584093833791934136e-01
1.582927220805215307e-01
1.582876270722428369e-01
1.581856805232491614e-01
1.581326479463191492e-01
1.581047042508162415e-01
1.580837865125583330e-01
1.579653264623377407e-01
1.578870328917824639e-01
1.578340901183285794e-01
1.577958704956871350e-01
1.577077845195198336e-01
1.576698133842669158e-01
1.576625260219892133e-01
1.576207596636213515e-01
1.575412683426546667e-01
1.573460775149685686e-01
1.573443109713733856e-01
1.572747416802309506e-01
1.571758099155835808e-01
1.567860833843994217e-01
1.565125770595026111e-01
1.564404346026017356e-01
1.563517359053815114e-01
1.562068861561524691e-01
1.561888834495138156e-01
1.561855835516665902e-01
1.561813859787025416e-01
1.559953459401976217e-01
1.559881244464212946e-01
1.559068604108680700e-01
1.558745243747255427e-01
1.557598043007157596e-01
1.557481840602640000e-01
1.556369528052907181e-01
1.556318830822804311e-01
1.556077640236911974e-01
1.555504060478916373e-01
1.554994997919188493e-01
1.554499825021756765e-01
1.553131255668867838e-01
1.552123709352033754e-01
1.551517426602409822e-01
1.550911827284233158e-01
1.550205342064598646e-01
1.548953503714949054e-01
1.546195351077594704e-01
1.544234483402103786e-01
1.543426819842651232e-01
1.543027593911349415e-01
1.542710729972939787e-01
1.540476976741635695e-01
1.539548799335443141e-01
1.539055862158305310e-01
1.538409896838696944e-01
1.536177792575960377e-01
1.536112942766179601e-01
1.533180034769417444e-01
1.532810840719196765e-01
1.532405199358914671e-01
1.532137024892383237e-01
1.531844188342534052e-01
1.531620735621267992e-01
1.531264441591523584e-01
1.530368531843797619e-01
1.530268334462705770e-01
1.530005480651870364e-01
1.528258315740866624e-01
1.527741235743694248e-01
1.527198281618637188e-01
1.526956194989030624e-01
1.526242987231385406e-01
1.525368153186159592e-01
1.525025377185833808e-01
1.523119180164364539e-01
1.522826256452343985e-01
1.522550351981826200e-01
1.522064690405136589e-01
1.519970418627110131e-01
1.518644251882526330e-01
1.518430700911681253e-01
1.517995996076874354e-01
1.517805388010051160e-01
1.516106405794083456e-01
1.514736075820906636e-01
1.514085368496370931e-01
1.513648312328083612e-01
1.512193179599726212e-01
1.511252433043959453e-01
1.509874364381386391e-01
1.508956693400155813e-01
1.506963182439295390e-01
1.506807357529411917e-01
1.505318979077319985e-01
1.505265321829039327e-01
1.504472990146789591e-01
1.504304966412884081e-01
1.504043555422828193e-01
1.503690388955211954e-01
1.503500329328120166e-01
1.502692728285972001e-01
1.502565979681077524e-01
1.502316355155901284e-01
1.502110988512233847e-01
1.501777296707790532e-01
1.500432833193514337e-01
0.000000000000000000e+00
