inf
1.004430317048541133e+00
5.254202598470236740e-01
5.253238945754826750e-01
4.886816812029882162e-01
4.276071756930251988e-01
3.937278711269839304e-01
3.884663405654493751e-01
3.846724321080435827e-01
3.798599262832442203e-01
3.741129361749216398e-01
3.715134338995506047e-01
3.627328619695435741e-01
3.598411461010332379e-01
3.553283571805409546e-01
3.535590630575607962e-01
3.472169764215060628e-01
3.469733670730716923e-01
3.441692011315785060e-01
3.225048829399535522e-01
3.093178122542444841e-01
3.057711107034919440e-01
3.025406391468249967e-01
3.020881708425259826e-01
3.016758846885680967e-01
2.985602494030517029e-01
2.976276096544193117e-01
2.939323932984798105e-01
2.895560680744848625e-01
2.868448982129203628e-01
2.857823595209729728e-01
2.847314670912463042e-01
2.818261989547908852e-01
2.750923009402532204e-01
2.740996794760963695e-01
2.694848018578377968e-01
2.687254217277625368e-01
2.677952297665460724e-01
2.666373570946364291e-01
2.617795835767497969e-01
2.616656811866310273e-01
2.607843300178913637e-01
2.588838850871640340e-01
2.572529095044235881e-01
2.550333003870794979e-01
2.512093498277492287e-01
2.503021229912926193e-01
2.498188495206834503e-01
2.467492750194799078e-01
2.457975497818601918e-01
2.453367054331771213e-01
2.421661556732953302e-01
2.414741171020443611e-01
2.412275721657881900e-01
2.406232785490922677e-01
2.400038476909476248e-01
2.390279276152433852e-01
2.390074224998787467e-01
2.389825053124810805e-01
2.388712162547238227e-01
2.386825650690172773e-01
2.377544657784112225e-01
2.374592120662781802e-01
2.354703461778242246e-01
2.350793695488258561e-01
2.348098297996413231e-01
2.336372149222077366e-01
2.319055674678925372e-01
2.315560120182592052e-01
2.287833490166716333e-01
2.266150455916420836e-01
2.256393267340643105e-01
2.251892538635768826e-01
2.237857357445437179e-01
2.199957201583921662e-01
2.194848061992956123e-01
2.178093342804318100e-01
2.177048107193997051e-01
2.158201824925082557e-01
2.156668317206062169e-01
2.150910304073362367e-01
2.149746039218198013e-01
2.142246099799383074e-01
2.106495667402123462e-01
2.100143661431413955e-01
2.082817192345998436e-01
2.078083317687320630e-01
2.075867487146760837e-01
2.064961313926921282e-01
2.064516741762499885e-01
2.055312564166753841e-01
2.049643821562971702e-01
2.042753459069871491e-01
1.999462372991269443e-01
1.991884412877205357e-01
1.968196802152218094e-01
1.963863868302331006e-01
1.960090941783409757e-01
1.951246801715548762e-01
1.945128429051226349e-01
1.944964708653308949e-01
1.943260858805538893e-01
1.938100898764086311e-01
1.937830677173859595e-01
1.933013309233898025e-01
1.932651902074743744e-01
1.923223871366167292e-01
1.923004081870549609e-01
1.920283057282200778e-01
1.916202060960618958e-01
1.905618525541782071e-01
1.890859847827334461e-01
1.890709096565104663e-01
1.877698979410349356e-01
1.872832615813720680e-01
1.872137275184161120e-01
1.866945777745981638e-01
1.853853538009348212e-01
1.843211740049427172e-01
1.832703364872760865e-01
1.825304544829746689e-01
1.819107461912698731e-01
1.817610927880630167e-01
1.815609111888563665e-01
1.814862079525500216e-01
1.813292858465958557e-01
1.805522609768122622e-01
1.803044111832257934e-01
1.799159028714521769e-01
1.797582834698323306e-01
1.792165618542833350e-01
1.786641600624556958e-01
1.786326406445549186e-01
1.781400858171483803e-01
1.772177273006647069e-01
1.770084283284469318e-01
1.767493463633997841e-01
1.755139395519959844e-01
1.748310942327144790e-01
1.742620267280475532e-01
1.740622392277755559e-01
1.737475600114057050e-01
1.733518973147462061e-01
1.723114701781573721e-01
1.716318946820778735e-01
1.711569605426428720e-01
1.709562677558945087e-01
1.707603178493808105e-01
1.702422431612465592e-01
1.702326077500730950e-01
1.700414299175552757e-01
1.698545415324376473e-01
1.690993919243307941e-01
1.689421413791911963e-01
1.682148957560747060e-01
1.677641383769231387e-01
1.666094008945314675e-01
1.663917335481536475e-01
1.661600503600179080e-01
1.655201590389856203e-01
1.651172604684976453e-01
1.644853009817630607e-01
1.641411058016673530e-01
1.640372736241436091e-01
1.640014454765307550e-01
1.636034534343987212e-01
1.635966690132470702e-01
1.631505766259850054e-01
1.631190110422144346e-01
1.625516875968229247e-01
1.623526032831376087e-01
1.619019181576197008e-01
1.618217665509661118e-01
1.617708817327464521e-01
1.617393906602396514e-01
1.610903313963969741e-01
1.606681161248904588e-01
1.600186708436907856e-01
1.599528266754220163e-01
1.596217251118682290e-01
1.595133855761474984e-01
1.591236774323197267e-01
1.590969762244520691e-01
1.590905094686043131e-01
1.589952834622883893e-01
1.583658745722247296e-01
1.582802349431463862e-01
1.582669412974953282e-01
1.578870328917824639e-01
1.577958704956871350e-01
1.577885080553203256e-01
1.573657947774269317e-01
1.573443109713733856e-01
1.572747416802309506e-01
1.570229060445511582e-01
1.565125770595026111e-01
1.562473922347986099e-01
1.562068861561524691e-01
1.561888834495138156e-01
1.561855835516665902e-01
1.557531906365106078e-01
1.556318830822804311e-01
1.554268476403798949e-01
1.553131255668867838e-01
1.551517426602409822e-01
1.544234483402103786e-01
1.536104592163456128e-01
1.526956194989030624e-01
1.525328928501218095e-01
1.523448879788913135e-01
1.522826256452343985e-01
1.522550351981826200e-01
1.520587409964611614e-01
1.519970418627110131e-01
1.518054934559105729e-01
1.517995996076874354e-01
1.515665402146134100e-01
1.515160290183266700e-01
1.514304552677410154e-01
1.510962017790243583e-01
1.505289659391138291e-01
1.504326231101321965e-01
1.502565979681077524e-01
1.502110988512233847e-01
1.501337966569675220e-01
0.000000000000000000e+00
