3 831
0.255600 0.403074 1.198605
0.281847 0.446865 1.171473
0.311147 0.495858 1.147571
0.343867 0.550618 1.127360
0.380408 0.611748 1.111422
0.407105 0.656352 1.103522
-0.115522 -0.389240 2.627772
-0.141024 -0.390381 2.575427
-0.164723 -0.392811 2.524802
-0.186875 -0.396593 2.475839
-0.207720 -0.401777 2.428492
-0.227484 -0.408406 2.382730
-0.255563 -0.421134 2.317011
-0.282345 -0.437300 2.254781
-0.308430 -0.457009 2.196056
-0.334364 -0.480372 2.140905
-0.360645 -0.507513 2.089443
-0.387734 -0.538571 2.041839
-0.416058 -0.573705 1.998318
-0.446017 -0.613085 1.959168
-0.477990 -0.656892 1.924745
-0.512335 -0.705309 1.895488
-0.549394 -0.758505 1.871922
-0.589490 -0.816623 1.854672
-0.618057 -0.858150 1.847038
-0.648193 -0.901915 1.842781
-0.679972 -0.947906 1.842170
-0.713465 -0.996086 1.845498
-0.748728 -1.046386 1.853084
-0.785809 -1.098695 1.865268
-0.824738 -1.152860 1.882409
-0.865529 -1.208671 1.904884
-0.908171 -1.265851 1.933080
-0.952629 -1.324054 1.967389
-0.518514 -0.067333 3.035423
-0.484731 -0.070780 2.973506
-0.453919 -0.075727 2.912881
-0.425970 -0.081927 2.853555
-0.400765 -0.089171 2.795524
-0.378178 -0.097288 2.738777
-0.358076 -0.106137 2.683299
-0.340330 -0.115611 2.629072
-0.324808 -0.125623 2.576077
-0.311385 -0.136114 2.524295
-0.299939 -0.147043 2.473708
-0.290356 -0.158388 2.424302
-0.282529 -0.170142 2.376062
-0.273868 -0.188555 2.305865
-0.268641 -0.207977 2.238240
-0.266599 -0.228528 2.173176
-0.267538 -0.250370 2.110676
-0.271301 -0.273702 2.050763
-0.277778 -0.298751 1.993479
-0.286900 -0.325775 1.938891
-0.298644 -0.355054 1.887092
-0.313025 -0.386895 1.838206
-0.330100 -0.421626 1.792398
-0.349961 -0.459599 1.749876
-0.372739 -0.501183 1.710903
-0.398598 -0.546766 1.675807
-0.427735 -0.596746 1.644991
-0.460376 -0.651528 1.618952
-0.496774 -0.711507 1.598290
-0.523262 -0.754566 1.587855
-0.551628 -0.800201 1.580380
-0.581957 -0.848500 1.576143
-0.614337 -0.899530 1.575460
-0.648854 -0.953336 1.578677
-0.685590 -1.009931 1.586179
-0.724618 -1.069290 1.598391
-0.766004 -1.131337 1.615771
-0.809797 -1.195935 1.638817
-0.856029 -1.262874 1.668058
-0.904707 -1.331856 1.704051
-0.955805 -1.402481 1.747371
-0.982244 -1.438253 1.771959
-1.009261 -1.474229 1.798595
-0.433158 0.109349 3.111122
-0.390298 0.107064 3.042676
-0.351000 0.103385 2.976021
-0.315097 0.098664 2.911108
-0.282406 0.093195 2.847876
-0.252735 0.087223 2.786260
-0.225887 0.080948 2.726196
-0.201664 0.074533 2.667617
-0.179871 0.068105 2.610463
-0.160317 0.061766 2.554675
-0.142820 0.055591 2.500198
-0.127202 0.049635 2.446983
-0.113300 0.043937 2.394984
-0.100957 0.038522 2.344157
-0.090027 0.033403 2.294464
-0.075991 0.026286 2.221973
-0.064421 0.019825 2.151845
-0.054957 0.013981 2.083983
-0.047283 0.008695 2.018297
-0.041131 0.003899 1.954708
-0.036268 -0.000480 1.893142
-0.032499 -0.004518 1.833528
-0.029663 -0.008289 1.775802
-0.027622 -0.011867 1.719903
-0.026268 -0.015322 1.665771
-0.025512 -0.018725 1.613351
-0.025282 -0.022140 1.562590
-0.025706 -0.026829 1.497398
-0.026886 -0.031810 1.434948
-0.028774 -0.037240 1.375129
-0.031354 -0.043278 1.317840
-0.034643 -0.050097 1.262985
-0.038684 -0.057885 1.210475
-0.043549 -0.066852 1.160230
0.456269 0.422673 2.321996
0.461527 0.453348 2.267547
0.470333 0.486491 2.216483
0.482618 0.522293 2.169016
0.498347 0.560967 2.125400
0.517519 0.602740 2.085937
0.540161 0.647839 2.050985
0.566327 0.696484 2.020965
0.596093 0.748875 1.996370
0.629549 0.805174 1.977773
0.368415 0.263718 2.413233
0.362441 0.286114 2.346563
0.360157 0.310147 2.282668
0.361365 0.335949 2.221607
0.365911 0.363692 2.163462
0.373683 0.393590 2.108339
0.384612 0.425885 2.056378
0.398669 0.460844 2.007755
0.415865 0.498757 1.962687
0.436249 0.539930 1.921444
0.459904 0.584679 1.884353
0.486946 0.633322 1.851812
0.517516 0.686171 1.824298
0.551783 0.743518 1.802379
0.589929 0.805616 1.786729
0.617608 0.849754 1.780163
0.647154 0.896127 1.776996
0.289847 0.079217 2.581320
0.274974 0.088706 2.528311
0.262095 0.098495 2.476510
0.251082 0.108555 2.425891
0.241815 0.118871 2.376432
0.234182 0.129445 2.328112
0.225575 0.145815 2.257729
0.220110 0.162874 2.189819
0.217529 0.180748 2.124346
0.217622 0.199597 2.061287
0.220225 0.219610 2.000633
0.225220 0.241005 1.942393
0.232530 0.264021 1.886591
0.242123 0.288924 1.833273
0.254003 0.315998 1.782511
0.268214 0.345554 1.734401
0.284836 0.377925 1.689077
0.303985 0.413471 1.646711
0.325812 0.452572 1.607526
0.350503 0.495636 1.571803
0.378276 0.543090 1.539895
0.409381 0.595379 1.512240
0.444100 0.652958 1.489378
0.469404 0.694505 1.477120
0.496547 0.738733 1.467513
0.525630 0.785764 1.460818
0.556756 0.835708 1.457331
0.590029 0.888660 1.457383
0.625553 0.944692 1.461347
0.663429 1.003844 1.469639
0.703751 1.066117 1.482719
0.167273 -0.161271 2.747531
0.140419 -0.156037 2.688018
0.116082 -0.151036 2.630056
0.094042 -0.146383 2.573570
0.074089 -0.142167 2.518494
0.056019 -0.138457 2.464768
0.039641 -0.135303 2.412336
0.024775 -0.132744 2.361150
0.011249 -0.130805 2.311165
-0.001093 -0.129504 2.262342
-0.017711 -0.128776 2.191209
-0.032453 -0.129537 2.122503
-0.045726 -0.131800 2.056135
-0.057893 -0.135581 1.992025
-0.069275 -0.140898 1.930108
-0.080164 -0.147785 1.870326
-0.090821 -0.156286 1.812632
-0.101487 -0.166470 1.756989
-0.112385 -0.178423 1.703371
-0.123724 -0.192256 1.651760
-0.135708 -0.208109 1.602155
-0.148537 -0.226148 1.554567
-0.162412 -0.246571 1.509024
-0.177538 -0.269607 1.465578
-0.194130 -0.295521 1.424304
-0.212416 -0.324616 1.385307
-0.232639 -0.357233 1.348732
-0.255062 -0.393755 1.314768
-0.279970 -0.434607 1.283661
-0.307675 -0.480255 1.255729
-0.338516 -0.531206 1.231372
-0.372862 -0.588004 1.211096
-0.411114 -0.651220 1.195535
-0.438995 -0.697218 1.188160
0.009866 0.336076 2.724898
0.038663 0.334070 2.667894
0.065110 0.333008 2.612665
0.089477 0.332991 2.559127
0.112018 0.334099 2.507208
0.132977 0.336395 2.456850
0.152582 0.339932 2.408004
0.171048 0.344749 2.360633
0.197053 0.354455 2.292278
0.221578 0.367233 2.227114
0.245198 0.383185 2.165121
0.268433 0.402423 2.106317
0.291761 0.425073 2.050760
0.315624 0.451281 1.998549
0.340434 0.481216 1.949830
0.366581 0.515074 1.904797
0.394436 0.553072 1.863704
0.424360 0.595446 1.826870
0.456701 0.642450 1.794688
0.491806 0.694338 1.767641
0.530012 0.751357 1.746312
0.557368 0.792330 1.735607
0.586344 0.835735 1.727988
0.617033 0.881609 1.723717
0.649520 0.929973 1.723088
0.267367 0.033314 2.614930
0.250127 0.041792 2.560340
0.234970 0.050467 2.506994
0.221751 0.059294 2.454858
0.210333 0.068243 2.403900
0.200587 0.077302 2.354091
0.192394 0.086471 2.305404
0.182781 0.100454 2.234426
0.176092 0.114782 2.165850
0.172047 0.129567 2.099614
0.170416 0.144948 2.035673
0.171014 0.161093 1.973990
0.173701 0.178189 1.914538
0.178376 0.196442 1.857307
0.184980 0.216078 1.802296
0.193491 0.237343 1.749523
0.203921 0.260501 1.699021
0.216317 0.285840 1.650848
0.230762 0.313668 1.605086
0.247367 0.344323 1.561847
0.266280 0.378166 1.521283
0.287678 0.415590 1.483591
0.311773 0.457018 1.449024
0.338809 0.502900 1.417904
0.369064 0.553714 1.390632
0.402845 0.609962 1.367713
0.440493 0.672155 1.349770
0.467920 0.717173 1.340945
0.497345 0.765207 1.334936
0.528886 0.816396 1.332049
0.562663 0.870862 1.332630
0.598800 0.928710 1.337069
0.637416 0.990014 1.345807
0.094921 -0.242313 2.750153
0.066426 -0.238333 2.690900
0.040449 -0.234887 2.633317
0.016745 -0.232092 2.577322
-0.004922 -0.230042 2.522838
-0.024779 -0.228807 2.469803
-0.043038 -0.228444 2.418157
-0.059903 -0.228997 2.367851
-0.075561 -0.230500 2.318844
-0.097175 -0.234596 2.247687
-0.117026 -0.240969 2.179272
-0.135614 -0.249692 2.113523
-0.153391 -0.260839 2.050394
-0.170770 -0.274497 1.989855
-0.188128 -0.290772 1.931905
-0.205816 -0.309794 1.876563
-0.224162 -0.331721 1.823876
-0.243481 -0.356743 1.773920
-0.264080 -0.385081 1.726805
-0.286261 -0.416992 1.682682
-0.310326 -0.452766 1.641749
-0.336586 -0.492727 1.604262
-0.365358 -0.537228 1.570542
-0.396973 -0.586652 1.540994
-0.431775 -0.641396 1.516119
-0.470120 -0.701868 1.496531
-0.497833 -0.745561 1.486773
-0.527397 -0.792086 1.479955
-0.558923 -0.841542 1.476369
-0.592522 -0.894012 1.476346
-0.628305 -0.949557 1.480254
-0.666377 -1.008207 1.488507
-0.706834 -1.069953 1.501558
-0.749765 -1.134736 1.519907
-0.795243 -1.202435 1.544098
-0.843320 -1.272849 1.574714
-0.894025 -1.345688 1.612375
-0.920362 -1.382894 1.634049
-0.333897 0.171206 3.035255
-0.293288 0.167303 2.967882
-0.256183 0.162615 2.902415
-0.222368 0.157440 2.838768
-0.191622 0.152025 2.776854
-0.163720 0.146570 2.716590
-0.138441 0.141238 2.657897
-0.115565 0.136157 2.600699
-0.094881 0.131427 2.544929
-0.076186 0.127127 2.490524
-0.059287 0.123313 2.437428
-0.044000 0.120029 2.385590
-0.030153 0.117304 2.334963
-0.017585 0.115160 2.285506
-0.000806 0.113058 2.213432
0.013892 0.112312 2.143794
0.026922 0.112931 2.076494
0.038649 0.114918 2.011447
0.049398 0.118276 1.948578
0.059459 0.123019 1.887821
0.069091 0.129171 1.829122
0.078528 0.136771 1.772429
0.087982 0.145878 1.717704
0.097653 0.156571 1.664913
0.107729 0.168951 1.614033
0.118390 0.183145 1.565052
0.129816 0.199304 1.517970
0.142186 0.217610 1.472799
0.160472 0.245729 1.415603
0.181233 0.278639 1.361995
0.198732 0.306889 1.324272
0.218141 0.338576 1.288820
0.239716 0.374086 1.255813
0.432324 0.694552 1.127572
-0.564185 -0.786815 1.823432
-0.991044 -1.384401 1.970472
-0.239002 -0.188187 2.186642
-0.237669 -0.207588 2.122158
-0.239079 -0.228163 2.060149
-0.243089 -0.250118 2.000624
-0.249598 -0.273684 1.943613
-0.258550 -0.299118 1.889164
-0.274265 -0.336427 1.820685
-0.956741 -1.423141 1.691963
0.017989 0.081119 1.965074
0.026571 0.082645 1.903358
0.034451 0.085239 1.843653
0.041847 0.088903 1.785899
0.048954 0.093648 1.730041
0.055946 0.099502 1.676027
0.062983 0.106511 1.623813
0.070213 0.114734 1.573359
0.077777 0.124253 1.524630
0.088620 0.139138 1.462298
0.100622 0.156807 1.402945
0.114117 0.177639 1.346558
0.129460 0.202094 1.293163
0.147040 0.230729 1.242836
0.167290 0.264210 1.195717
0.190706 0.303319 1.152032
0.217852 0.348976 1.112124
0.241046 0.388148 1.084960
-0.216298 -0.457291 2.566422
-0.240215 -0.462020 2.518795
-0.262779 -0.468291 2.472925
-0.294613 -0.480676 2.407350
-0.324696 -0.496733 2.345614
-0.353710 -0.516556 2.287729
-0.382269 -0.540233 2.233765
-0.410931 -0.567856 2.183852
-0.440204 -0.599523 2.138175
-0.470548 -0.635339 2.096982
-0.502390 -0.675411 2.060588
-0.536119 -0.719845 2.029378
-0.572093 -0.768731 2.003817
-0.610642 -0.822131 1.984453
-0.652061 -0.880061 1.971926
-0.681398 -0.921171 1.967732
-0.712195 -0.964227 1.967143
-0.744507 -1.009161 1.970418
-0.778379 -1.055877 1.977836
-0.813844 -1.104237 1.989688
-0.850916 -1.154065 2.006281
-0.889592 -1.205132 2.027928
-0.483821 -0.168874 2.838184
-0.461876 -0.176969 2.783368
-0.442380 -0.186106 2.729730
-0.425232 -0.196172 2.677276
-0.410328 -0.207075 2.626011
-0.397567 -0.218749 2.575940
-0.386850 -0.231147 2.527064
-0.378082 -0.244241 2.479387
-0.368391 -0.265165 2.410131
-0.362614 -0.287652 2.343612
-0.360516 -0.311784 2.279871
-0.361902 -0.337693 2.218968
-0.366622 -0.365557 2.160987
-0.374564 -0.395589 2.106037
-0.385662 -0.428032 2.054259
-0.399890 -0.463155 2.005830
-0.417260 -0.501250 1.960973
-0.437823 -0.542621 1.919958
-0.461663 -0.587585 1.883119
-0.488898 -0.636460 1.850855
-0.519671 -0.689556 1.823650
-0.592519 -0.809533 1.786817
-0.620354 -0.853854 1.780539
-0.650058 -0.900411 1.777683
-0.681687 -0.949215 1.778544
-0.715290 -1.000248 1.783442
-0.750910 -1.053456 1.792721
-0.788579 -1.108743 1.806754
-0.828318 -1.165959 1.825936
-0.870129 -1.224895 1.850680
-0.913991 -1.285268 1.881413
-0.959859 -1.346716 1.918568
-1.032237 -1.439875 1.987270
-0.513647 -0.024973 3.078812
-0.476455 -0.027406 3.014629
-0.442411 -0.031440 2.951836
-0.411401 -0.036786 2.890434
-0.383296 -0.043197 2.830412
-0.357958 -0.050472 2.771748
-0.335241 -0.058441 2.714418
-0.315000 -0.066971 2.658392
-0.297090 -0.075958 2.603641
-0.281366 -0.085321 2.550137
-0.267692 -0.095004 2.497851
-0.255936 -0.104969 2.446758
-0.245976 -0.115198 2.396834
-0.237695 -0.125683 2.348057
-0.228193 -0.141912 2.277002
0.170984 0.259737 1.475354
0.186964 0.284537 1.433418
0.204555 0.312399 1.393707
0.223992 0.343649 1.356348
0.245531 0.378657 1.321514
0.269449 0.417832 1.289428
0.296046 0.461627 1.260377
0.325652 0.510537 1.234730
0.358625 0.565093 1.212951
0.395353 0.625861 1.195621
0.422131 0.670111 1.186891
0.450897 0.717557 1.180714
0.481785 0.768368 1.177386
0.514939 0.822711 1.177244
-0.039894 -0.337373 2.671912
-0.066538 -0.336313 2.616637
-0.091087 -0.336302 2.563063
-0.113797 -0.337422 2.511118
-0.134913 -0.339737 2.460742
-0.154665 -0.343299 2.411887
-0.173270 -0.348150 2.364514
-0.199469 -0.357922 2.296171
-0.224176 -0.370785 2.231039
-0.247970 -0.386842 2.169095
-0.271374 -0.406205 2.110360
-0.294869 -0.428999 2.054893
-0.318901 -0.455369 2.002797
-0.343883 -0.485485 1.954218
-0.370206 -0.519539 1.909356
-0.398245 -0.557749 1.868467
-0.428359 -0.600347 1.831875
-0.460900 -0.647584 1.799979
-0.496212 -0.699708 1.773267
-0.534631 -0.756962 1.752327
-0.562134 -0.798086 1.741916
-0.591258 -0.841634 1.734618
-0.622095 -0.887641 1.730700
-0.654731 -0.936122 1.730456
-0.689246 -0.987065 1.734208
-0.725710 -1.040428 1.742308
-0.764184 -1.096125 1.755139
-0.804714 -1.154022 1.773107
-0.847327 -1.213927 1.796647
-0.892029 -1.275575 1.826209
-0.938799 -1.338621 1.862256
-0.987582 -1.402625 1.905253
-0.478301 0.007722 3.061006
-0.440969 0.004701 2.996214
-0.406841 0.000250 2.932903
-0.375782 -0.005345 2.871056
-0.347647 -0.011844 2.810647
-0.322281 -0.019048 2.751642
-0.299526 -0.026795 2.694004
-0.279224 -0.034956 2.637696
-0.261217 -0.043431 2.582680
-0.245353 -0.052144 2.528920
-0.231487 -0.061043 2.476381
-0.219479 -0.070092 2.425031
-0.209198 -0.079273 2.374841
-0.200523 -0.088581 2.325785
-0.190281 -0.102800 2.254274
-0.183065 -0.117387 2.185187
-0.178588 -0.132447 2.118466
-0.176610 -0.148117 2.054062
-0.176938 -0.164560 1.991940
-0.179425 -0.181963 1.932075
-0.183963 -0.200533 1.874456
-0.190488 -0.220497 1.819085
-0.198972 -0.242101 1.765982
-0.209422 -0.265612 1.715183
-0.221884 -0.291317 1.666747
-0.236435 -0.319530 1.620761
-0.253186 -0.350587 1.577343
-0.272282 -0.384853 1.536647
-0.293898 -0.422721 1.498879
-0.318246 -0.464611 1.464298
-0.345567 -0.510976 1.433233
-0.376138 -0.562289 1.406098
-0.410265 -0.619046 1.383407
-0.448287 -0.681753 1.365796
-0.475978 -0.727110 1.357256
-0.505674 -0.775476 1.351591
-0.537495 -0.826983 1.349109
-0.571558 -0.881748 1.350161
-0.607984 -0.939867 1.355143
-0.646889 -1.001404 1.364498
-0.688387 -1.066387 1.378722
-0.732580 -1.134789 1.398361
-0.201483 0.244332 2.928494
-0.164640 0.239713 2.863924
-0.131041 0.235064 2.801290
-0.100428 0.230607 2.740486
-0.072546 0.226519 2.681413
-0.047147 0.222945 2.623980
-0.023989 0.219996 2.568106
-0.002840 0.217763 2.513720
0.016521 0.216313 2.460756
0.034302 0.215701 2.409160
0.050701 0.215967 2.358883
0.065904 0.217144 2.309881
0.086840 0.220673 2.238694
0.106010 0.226382 2.170197
0.123901 0.234335 2.104315
0.140953 0.244600 2.040994
0.157566 0.257258 1.980200
0.174107 0.272407 1.921922
0.190915 0.290171 1.866168
-0.260802 -0.398820 1.367454
-0.285692 -0.439269 1.335033
-0.313324 -0.484435 1.305848
-0.366390 -0.571536 1.265516
-0.403041 -0.631753 1.247179
-0.429729 -0.675555 1.237817
-0.458367 -0.722474 1.231035
-0.489089 -0.772672 1.227123
-0.522030 -0.826304 1.226412
-0.051012 0.311587 2.788184
0.155910 0.315512 2.311847
0.179827 0.325109 2.244044
0.202476 0.337614 2.179265
0.224385 0.353127 2.117490
0.246034 0.371760 2.058732
0.267867 0.393644 2.003041
0.290295 0.418932 1.950502
0.313703 0.447805 1.901244
0.338459 0.480471 1.855440
0.364919 0.517165 1.813317
0.393429 0.558149 1.775164
0.424333 0.603702 1.741343
0.457972 0.654120 1.712299
0.494689 0.709698 1.688574
0.534822 0.770716 1.670824
0.563643 0.814541 1.662691
0.594230 0.860954 1.657826
0.626678 0.909993 1.656525
0.661075 0.961677 1.659118
0.251374 -0.021342 2.676974
0.230494 -0.013943 2.620205
0.211878 -0.006426 2.564758
0.195359 0.001134 2.510589
0.180777 0.008686 2.457654
0.167981 0.016194 2.405914
0.156828 0.023637 2.355333
0.147186 0.031007 2.305876
0.135291 0.041937 2.233734
0.126151 0.052756 2.163960
0.119446 0.063545 2.096472
0.114902 0.074406 2.031197
0.112293 0.085461 1.968071
0.111434 0.096849 1.907037
0.112181 0.108720 1.848045
-0.213662 -0.168891 2.146272
-0.212608 -0.187028 2.082202
-0.214093 -0.206216 2.020523
-0.217982 -0.226660 1.961234
-0.224179 -0.248589 1.904350
-0.232634 -0.272256 1.849903
-0.247402 -0.306990 1.781198
-0.869696 -1.316812 1.567251
0.069071 0.148806 1.987669
0.080979 0.155241 1.926132
0.092486 0.163361 1.866757
0.103860 0.173229 1.809503
0.115349 0.184923 1.754341
0.127182 0.198549 1.701253
0.139581 0.214237 1.650234
0.152758 0.232145 1.601296
0.166926 0.252463 1.554467
0.294399 0.454533 1.312723
0.323157 0.501694 1.285105
0.540625 0.858080 1.218073
-0.002991 -0.312849 2.695367
-0.163975 -0.323530 2.309611
-0.188059 -0.333711 2.242257
-0.210935 -0.346856 2.177957
-0.233132 -0.363067 2.116697
-0.255132 -0.382459 2.058499
-0.277378 -0.405166 2.003421
-0.300283 -0.431344 1.951560
-0.324235 -0.461178 1.903056
-0.349603 -0.494877 1.858098
-0.376745 -0.532679 1.816929
-0.406009 -0.574844 1.779859
-0.437739 -0.621650 1.747272
-0.472278 -0.673384 1.719638
-0.509966 -0.730329 1.697532
-0.537009 -0.771318 1.686199
-0.565700 -0.814809 1.677861
-0.596136 -0.860858 1.672782
-0.628411 -0.909501 1.671255
-0.662613 -0.960754 1.673604
-0.698824 -1.014601 1.680186
-0.737116 -1.070989 1.691390
-0.777548 -1.129819 1.707637
-0.820167 -1.190933 1.729377
-0.864994 -1.254106 1.757087
-0.912030 -1.319033 1.791263
-0.961242 -1.385313 1.832410
-1.012560 -1.452438 1.881033
-1.038974 -1.486127 1.908302
-0.484941 0.047713 3.118914
-0.443512 0.045978 3.051723
-0.405495 0.042625 2.986134
-0.370757 0.037995 2.922127
-0.339145 0.032376 2.859669
-0.310493 0.026011 2.798716
-0.284632 0.019097 2.739223
-0.261388 0.011797 2.681141
-0.240587 0.004237 2.624423
-0.222060 -0.003481 2.569022
-0.205643 -0.011284 2.514895
-0.191178 -0.019118 2.461999
-0.178516 -0.026948 2.410298
-0.167518 -0.034754 2.359755
-0.158053 -0.042527 2.310338
-0.146468 -0.054139 2.238260
-0.137698 -0.065739 2.168560
-0.131429 -0.077411 2.101159
-0.127394 -0.089265 2.035987
-0.125373 -0.101432 1.972986
-0.125189 -0.114061 1.912104
-0.126703 -0.127314 1.853297
0.677965 0.975720 1.709946
0.313687 0.467896 1.392411
0.342046 0.515742 1.363549
0.373746 0.568805 1.338649
0.409121 0.627606 1.318259
0.477250 0.739812 1.296220
0.508055 0.790116 1.292348
0.541077 0.843732 1.291779
0.576444 0.900783 1.294889
0.614282 0.961367 1.302108
-0.112869 -0.264295 2.294243
-0.134834 -0.271216 2.225078
-0.155380 -0.280689 2.158730
-0.175006 -0.292798 2.095151
-0.194164 -0.307637 2.034322
-0.213268 -0.325320 1.976251
-0.232702 -0.345981 1.920972
-0.252825 -0.369784 1.868553
-0.281318 -0.406743 1.803290
-0.007421 0.032282 1.859580
-0.002463 0.031309 1.801001
0.001846 0.030905 1.744281
0.005651 0.031037 1.689358
0.009076 0.031678 1.636176
0.012230 0.032811 1.584679
0.016174 0.035074 1.518548
0.019994 0.038202 1.455201
0.023857 0.042227 1.394527
0.027915 0.047212 1.336421
0.032308 0.053250 1.280786
0.037177 0.060468 1.227532
0.042666 0.069029 1.176578
0.048926 0.079135 1.127851
-0.597067 -0.613281 2.336539
-0.611649 -0.651742 2.298488
-0.629761 -0.693049 2.264900
-0.651378 -0.737291 2.236162
-0.676490 -0.784533 2.212710
-0.705093 -0.834800 2.195030
-0.517233 -0.456490 2.428620
-0.519925 -0.486257 2.374851
-0.526339 -0.518511 2.324484
-0.536385 -0.553377 2.277746
-0.550000 -0.591003 2.234903
-0.567150 -0.631549 2.196258
-0.587823 -0.675176 2.162167
-0.612033 -0.722034 2.133038
-0.639807 -0.772250 2.109342
-0.671184 -0.825911 2.091615
-0.706206 -0.883042 2.080465
-0.744908 -0.943587 2.076568
-0.772764 -0.985769 2.078366
-0.802262 -1.029314 2.083956
-0.472539 -0.299134 2.609008
-0.459262 -0.319708 2.540230
-0.450290 -0.342308 2.474212
-0.445399 -0.366926 2.411045
-0.444391 -0.393611 2.350831
-0.447103 -0.422470 2.293697
-0.453404 -0.453647 2.239790
-0.463202 -0.487325 2.189291
-0.476440 -0.523709 2.142418
-0.493093 -0.563027 2.099430
-0.513173 -0.605515 2.060639
-0.536718 -0.651411 2.026412
-0.573620 -0.718301 1.988640
-0.605544 -0.772999 1.966886
-0.322610 -0.462687 1.519455
-0.349121 -0.508000 1.486756
-0.378823 -0.558065 1.457969
-0.412005 -0.613358 1.433584
-0.703397 -1.080081 1.424481
-0.747621 -1.147927 1.444792
-0.794573 -1.218920 1.471178
-0.238650 0.218270 2.950486
0.015582 0.182330 2.373472
0.030451 0.182007 2.323636
0.044184 0.182496 2.275016
0.063001 0.184792 2.204286
0.080115 0.189010 2.136112
0.095970 0.195196 2.070413
0.110969 0.203400 2.007128
0.125473 0.213685 1.946210
0.139813 0.226130 1.887631
0.233807 0.355517 1.408305
0.255800 0.390889 1.372446
0.359153 0.559862 1.268010
0.395025 0.618818 1.248736
0.421148 0.661719 1.238663
0.449183 0.707690 1.231087
0.479263 0.756895 1.226289
-0.028390 -0.305491 2.631872
-0.053105 -0.304406 2.577098
-0.075868 -0.304323 2.523929
-0.096921 -0.305313 2.472300
-0.116493 -0.307431 2.422156
-0.134800 -0.310723 2.373454
0.417057 0.616149 1.462432
-0.036451 -0.160541 2.228512
-0.053277 -0.162564 2.159005
-0.068579 -0.166347 2.091944
-0.082760 -0.171925 2.027254
-0.096182 -0.179338 1.964871
-0.109172 -0.188638 1.904748
-0.122030 -0.199896 1.846850
-0.135028 -0.213206 1.791155
-0.148427 -0.228684 1.737657
-0.162470 -0.246476 1.686367
-0.177396 -0.266758 1.637312
-0.193443 -0.289736 1.590544
-0.210849 -0.315655 1.546141
-0.229859 -0.344791 1.504212
-0.250731 -0.377463 1.464907
-0.273736 -0.414024 1.428420
-0.299164 -0.454870 1.395003
-0.327323 -0.500433 1.364980
-0.358549 -0.551180 1.338755
-0.393199 -0.607609 1.316840
-0.431658 -0.670236 1.299867
-0.459615 -0.715690 1.291676
-0.489571 -0.764282 1.286300
-0.521657 -0.816155 1.284051
-0.556005 -0.871441 1.285286
-0.592747 -0.930249 1.290406
-0.632013 -0.992663 1.299867
-0.112023 0.278760 2.837013
-0.063592 0.272699 2.745429
-0.034801 0.269268 2.686654
-0.008497 0.266499 2.629588
0.015574 0.264505 2.574146
0.037657 0.263377 2.520253
0.057983 0.263186 2.467845
0.076774 0.263987 2.416864
0.094237 0.265824 2.367264
0.110568 0.268733 2.319005
0.133336 0.275173 2.249061
0.154535 0.284181 2.181977
0.174680 0.295845 2.117701
0.194241 0.310256 2.056208
0.213649 0.327524 1.997500
0.233299 0.347779 1.941609
0.253561 0.371178 1.888598
0.274787 0.397905 1.838566
0.297312 0.428179 1.791648
0.321468 0.462247 1.748030
0.347579 0.500389 1.707949
0.375974 0.542913 1.671706
0.406984 0.590151 1.639679
0.440949 0.642451 1.612334
0.478215 0.700166 1.590242
0.505066 0.741822 1.578768
0.533646 0.786132 1.570175
0.564060 0.833181 1.564729
0.596412 0.883037 1.562736
0.630802 0.935750 1.564531
0.667328 0.991339 1.570489
0.226496 -0.092160 2.745573
0.201230 -0.085906 2.686435
0.178460 -0.079635 2.628752
0.157990 -0.073457 2.572464
0.139632 -0.067454 2.517513
0.123205 -0.061691 2.463846
0.108537 -0.056210 2.411416
0.095466 -0.051043 2.360176
0.083841 -0.046207 2.310088
0.073522 -0.041710 2.261112
0.060208 -0.035601 2.189662
0.049143 -0.030231 2.120536
0.039979 -0.025561 2.053637
0.032415 -0.021534 1.988882
0.026189 -0.018093 1.926192
0.021078 -0.015173 1.865493
0.001962 -0.003788 1.398616
0.001065 -0.003402 1.340196
0.000351 -0.003192 1.284217
-0.000235 -0.003131 1.230576
-0.000736 -0.003199 1.179176
-0.001291 -0.003448 1.117935
