3 1406
0.495990 0.546329 0.033987
0.465724 0.570166 0.015706
0.433800 0.593677 -0.002405
0.365231 0.639653 -0.038849
0.328600 0.662333 -0.056985
0.290281 0.684943 -0.074614
0.250084 0.707460 -0.091297
0.207789 0.729727 -0.106640
0.163177 0.751466 -0.120351
0.116062 0.772325 -0.132253
0.066302 0.791929 -0.142236
0.013789 0.809912 -0.150194
-0.041570 0.825925 -0.155961
-0.099871 0.839616 -0.159261
-0.161230 0.850596 -0.159701
-0.225780 0.858389 -0.156777
-0.293668 0.862398 -0.149915
-0.365033 0.861872 -0.138501
-0.439986 0.855891 -0.121920
-0.518582 0.843353 -0.099579
-0.600800 0.822966 -0.070923
-0.686507 0.793229 -0.035459
-0.775430 0.752415 0.007210
-0.867110 0.698540 0.057319
-0.960833 0.629331 0.114831
-1.055543 0.542196 0.179264
-1.149722 0.434224 0.249421
-1.241210 0.302207 0.323006
-1.326985 0.142747 0.396055
-1.402844 -0.047514 0.462144
-1.462998 -0.271441 0.511273
-1.499540 -0.530566 0.528388
-1.501794 -0.823580 0.491559
-1.455622 -1.143698 0.370155
-1.342940 -1.474222 0.124182
-0.086694 0.485136 -1.426352
-0.015883 0.833945 -1.411208
-0.639271 1.384505 0.460321
-0.841976 1.135234 0.669275
-0.991065 0.832550 0.684865
-1.084424 0.539162 0.568012
-1.133451 0.291945 0.383908
-1.153650 0.103841 0.182192
-1.158820 -0.027854 -0.006922
-1.158884 -0.113319 -0.168919
-1.159916 -0.164629 -0.299466
-1.165074 -0.192800 -0.399660
-1.175656 -0.206730 -0.472722
-1.191943 -0.213229 -0.522073
-1.213744 -0.217556 -0.550486
-1.240646 -0.224075 -0.559991
-1.414527 -0.429942 -0.409432
1.152868 -0.273859 0.847197
1.147937 -0.264018 0.838240
1.142599 -0.254455 0.829039
1.131539 -0.236222 0.808765
1.126143 -0.227123 0.797713
1.120863 -0.217673 0.786374
1.115584 -0.207724 0.775034
1.110149 -0.197284 0.763868
1.104428 -0.186492 0.752879
1.098366 -0.175535 0.741926
1.091992 -0.164561 0.730797
1.085388 -0.153623 0.719313
1.078649 -0.142668 0.707388
1.071832 -0.131575 0.695055
1.064941 -0.120215 0.682428
1.057929 -0.108500 0.669644
1.050721 -0.096415 0.656799
1.043248 -0.084006 0.643916
1.035468 -0.071352 0.630944
1.027377 -0.058523 0.617788
1.019001 -0.045552 0.604353
1.010373 -0.032423 0.590583
1.001518 -0.019084 0.576473
0.992435 -0.005471 0.562065
0.983100 0.008467 0.547421
0.973473 0.022749 0.532593
0.963510 0.037366 0.517602
0.953178 0.052291 0.502436
0.942457 0.067491 0.487054
0.931343 0.082950 0.471410
0.919837 0.098673 0.455469
0.907937 0.114681 0.439220
0.895634 0.131006 0.422675
0.882904 0.147677 0.405862
0.869715 0.164712 0.388811
0.856029 0.182113 0.371541
0.841812 0.199872 0.354056
0.827030 0.217978 0.336347
0.811658 0.236420 0.318398
0.795673 0.255197 0.300197
0.779049 0.274315 0.281740
0.761759 0.293786 0.263037
0.743765 0.313622 0.244111
0.725027 0.333829 0.224988
0.705496 0.354405 0.205695
0.685121 0.375343 0.186257
0.663852 0.396628 0.166695
0.641635 0.418244 0.147027
0.618417 0.440171 0.127276
0.594143 0.462394 0.107469
0.568754 0.484894 0.087645
0.542183 0.507649 0.067854
0.514359 0.530631 0.048155
0.485204 0.553802 0.028619
0.454632 0.577116 0.009322
0.422554 0.600512 -0.009650
0.388876 0.623919 -0.028204
0.353497 0.647253 -0.046235
0.316314 0.670415 -0.063621
0.277214 0.693290 -0.080227
0.236081 0.715745 -0.095893
0.192788 0.737622 -0.110436
0.147204 0.758733 -0.123648
0.099189 0.778858 -0.135295
0.048600 0.797736 -0.145112
-0.004713 0.815057 -0.152803
-0.060901 0.830459 -0.158038
-0.120114 0.843516 -0.160449
-0.182500 0.853725 -0.159631
-0.248198 0.860497 -0.155134
-0.317332 0.863142 -0.146471
-0.390002 0.860847 -0.133117
-0.466273 0.852656 -0.114516
-0.546156 0.837449 -0.090099
-0.629588 0.813912 -0.059307
-0.716397 0.780509 -0.021630
-0.806266 0.735449 0.023333
-0.898672 0.676657 0.075784
-0.992810 0.601744 0.135585
-1.087495 0.507993 0.202058
-1.181018 0.392367 0.273683
-1.270958 0.251562 0.347665
-1.353932 0.082148 0.419299
-1.425249 -0.119141 0.481084
-1.478468 -0.354843 0.521492
-1.504823 -0.625744 0.523361
-1.141883 0.222350 0.314525
-1.155612 0.054520 0.114475
-1.158186 -0.059772 -0.066415
-1.158183 -0.131868 -0.217621
-1.160591 -0.173759 -0.337058
-1.167842 -0.195874 -0.426800
-1.180812 -0.206460 -0.490285
-1.199562 -0.211835 -0.530800
-1.223776 -0.216988 -0.550935
-1.252919 -0.226208 -0.552687
-1.286211 -0.243555 -0.537969
-1.322459 -0.273091 -0.509310
-1.359827 -0.318845 -0.470634
-1.395595 -0.384511 -0.428011
-1.425931 -0.472902 -0.390365
-1.445704 -0.585133 -0.370109
-1.448380 -0.719513 -0.383686
-1.426028 -0.870015 -0.451828
-1.369580 -1.024213 -0.599089
0.536029 0.514141 0.062356
0.507565 0.537499 0.043766
0.477658 0.560590 0.025006
0.446386 0.583476 0.005949
0.413766 0.606311 -0.013297
0.379727 0.629244 -0.032425
0.344114 0.652338 -0.051036
0.306725 0.675526 -0.068746
0.267345 0.698612 -0.085272
0.225787 0.721319 -0.100455
0.181909 0.743340 -0.114231
0.135605 0.764379 -0.126569
0.086794 0.784182 -0.137399
0.035391 0.802514 -0.146551
-0.018710 0.819138 -0.153740
-0.075644 0.833766 -0.158565
-0.135574 0.846021 -0.160544
-0.198676 0.855411 -0.159150
-0.265122 0.861310 -0.153847
-0.335061 0.862956 -0.144100
-0.408599 0.859450 -0.129389
-0.485791 0.849750 -0.109200
-0.566619 0.832662 -0.083022
-0.650979 0.806809 -0.050359
-0.738651 0.770606 -0.010758
-0.829256 0.722216 0.036125
-0.922205 0.659512 0.090426
-1.016606 0.580048 0.151911
-1.111163 0.481038 0.219744
-1.204013 0.359381 0.292153
-1.292529 0.211724 0.365947
-1.373039 0.034643 0.435826
-1.440467 -0.175017 0.493411
-1.487852 -0.419475 0.525931
-1.505745 -0.698838 0.514521
-1.481518 -1.008993 0.432326
-1.398740 -1.338020 0.243132
1.322364 -0.648957 1.267698
1.320677 -0.643954 1.263700
1.314468 -0.631348 1.249992
1.312679 -0.627610 1.244547
1.311134 -0.623665 1.238962
1.309718 -0.619347 1.233490
1.308269 -0.614661 1.228277
1.306655 -0.609746 1.223315
1.304824 -0.604799 1.218469
1.302816 -0.599982 1.213557
1.300726 -0.595352 1.208430
1.298661 -0.590861 1.203033
1.296686 -0.586385 1.197412
1.294807 -0.581796 1.191680
1.292975 -0.577010 1.185955
1.291116 -0.572020 1.180312
1.289169 -0.566886 1.174754
1.287104 -0.561695 1.169225
1.284934 -0.556523 1.163637
1.282701 -0.551401 1.157920
1.280453 -0.546310 1.152040
1.278222 -0.541197 1.146013
1.276014 -0.536000 1.139888
1.273806 -0.530678 1.133721
1.271567 -0.525223 1.127548
1.269265 -0.519659 1.121374
1.266886 -0.514024 1.115176
1.264431 -0.508352 1.108912
1.261919 -0.502661 1.102547
1.259370 -0.496942 1.096062
1.256800 -0.491171 1.089460
1.254210 -0.485320 1.082762
1.251594 -0.479368 1.075993
1.248934 -0.473306 1.069171
1.246216 -0.467145 1.062298
1.243430 -0.460899 1.055364
1.240577 -0.454584 1.048350
1.237661 -0.448207 1.041238
1.234692 -0.441765 1.034015
1.231676 -0.435247 1.026682
1.228614 -0.428637 1.019245
1.225501 -0.421925 1.011714
1.222330 -0.415105 1.004098
1.219092 -0.408179 0.996398
1.215780 -0.401151 0.988608
1.212394 -0.394028 0.980718
1.208933 -0.386813 0.972719
1.205401 -0.379501 0.964602
1.201798 -0.372089 0.956365
1.198124 -0.364566 0.948009
1.194375 -0.356926 0.939538
1.190548 -0.349165 0.930954
1.186634 -0.341279 0.922256
1.182631 -0.333271 0.913441
1.178534 -0.325140 0.904503
1.174342 -0.316887 0.895435
1.170053 -0.308507 0.886232
1.165667 -0.299998 0.876890
1.161180 -0.291352 0.867407
1.156588 -0.282564 0.857783
1.137081 -0.245918 0.817846
-0.166680 0.691090 -0.229156
-0.178449 0.711704 -0.351404
-0.199146 0.774548 -0.406618
-0.240867 0.855723 -0.385669
-0.832451 0.757889 0.170645
-0.925858 0.649954 0.188104
-1.010767 0.538068 0.192691
-1.089212 0.424614 0.195371
-1.163106 0.307889 0.203740
1.151465 -0.498131 0.812894
1.225184 -0.480487 0.739936
1.280312 -0.398869 0.751918
1.293628 -0.297061 0.831193
1.263890 -0.221219 0.931472
1.209046 -0.198533 1.004166
1.154891 -0.228097 1.021225
1.122371 -0.286532 0.982985
1.119669 -0.342289 0.912036
1.141191 -0.370184 0.840191
1.172180 -0.360496 0.794685
1.196177 -0.320530 0.787805
1.202152 -0.269131 0.813496
1.188422 -0.227010 0.852359
1.161934 -0.207517 0.882194
1.133866 -0.212048 0.888156
1.114155 -0.231487 0.867751
1.107553 -0.251876 0.829634
1.112557 -0.261038 0.788218
1.123056 -0.253280 0.756988
1.131569 -0.230706 0.743159
1.132551 -0.201166 0.745548
1.124413 -0.174101 0.756244
1.109569 -0.156332 0.764958
1.092777 -0.149588 0.763751
1.078762 -0.150617 0.749969
1.070261 -0.153364 0.726462
1.067221 -0.151940 0.699531
1.067276 -0.143017 0.675833
1.067085 -0.126783 0.659625
1.063854 -0.106317 0.651366
1.056398 -0.085866 0.648081
1.045369 -0.068899 0.645104
1.032697 -0.056797 0.638262
1.020572 -0.048608 0.625519
1.010510 -0.041817 0.607467
1.002833 -0.033632 0.586672
0.996730 -0.022167 0.566327
0.990768 -0.007064 0.548871
0.983564 0.010608 0.535112
0.974336 0.029012 0.524140
0.963121 0.046418 0.513957
0.950615 0.061894 0.502445
0.937784 0.075563 0.488244
0.925422 0.088381 0.471182
0.913848 0.101623 0.452153
0.902855 0.116317 0.432604
0.891864 0.132874 0.413869
0.880213 0.151023 0.396657
0.867422 0.170030 0.380867
0.853347 0.189068 0.365749
0.838171 0.207566 0.350302
0.822267 0.225395 0.333707
0.806011 0.242853 0.315622
0.789617 0.260476 0.296248
0.773069 0.278792 0.276167
0.756155 0.298113 0.256062
0.738560 0.318449 0.236442
0.719999 0.339549 0.217477
0.700298 0.361044 0.198991
0.679432 0.382605 0.180592
0.657487 0.404061 0.161858
0.634589 0.425435 0.142516
0.610830 0.446900 0.122533
0.586218 0.468681 0.102102
0.560660 0.490953 0.081551
-0.833407 0.719622 0.037987
-0.926445 0.656347 0.092744
-1.020916 0.576152 0.154717
-1.115490 0.476225 0.223004
-1.208264 0.353444 0.295751
-1.296559 0.204454 0.369672
-1.376640 0.025840 0.439339
-1.443351 -0.185517 0.496204
-1.489622 -0.431770 0.527250
-1.147190 0.166745 0.253006
-1.156448 0.016173 0.056823
-1.157580 -0.083914 -0.115734
-1.158019 -0.145444 -0.257151
-1.161891 -0.180132 -0.366929
-1.171077 -0.197829 -0.447759
-1.186142 -0.206224 -0.503145
-1.206988 -0.211247 -0.536227
-1.233194 -0.217687 -0.549460
-1.264115 -0.229784 -0.544869
-1.298800 -0.251621 -0.524637
-1.335804 -0.287259 -0.491835
-1.372954 -0.340617 -0.451195
-1.407110 -0.415074 -0.409849
-1.433954 -0.512838 -0.378004
-1.447831 -0.634023 -0.369555
-1.441683 -0.775404 -0.402538
-1.407135 -0.928701 -0.499188
-1.334908 -1.078283 -0.684912
0.448517 0.972807 0.488839
0.290617 0.734405 0.430846
0.357020 0.363966 -0.474105
0.437432 0.492648 -0.609395
0.470613 0.688993 -0.556696
0.435838 0.876351 -0.357683
0.340871 0.991364 -0.108533
0.214788 1.008162 0.089122
0.092194 0.942429 0.172647
-0.001586 0.836559 0.133404
-0.057472 0.737861 0.004738
-0.081457 0.681416 -0.160032
-0.088977 0.682060 -0.307067
-0.098325 0.734215 -0.395714
-0.124924 0.816993 -0.406967
-0.177381 0.902488 -0.346061
-0.256018 0.965018 -0.237847
-0.354209 0.988456 -0.115985
-0.461787 0.969236 -0.010538
-0.568937 0.914535 0.060664
-0.669008 0.837327 0.094238
-0.759478 0.750929 0.098141
-0.841336 0.665043 0.086219
-0.917617 0.584024 0.073060
-0.991850 0.507027 0.070483
-1.066845 0.429261 0.085803
-1.143956 0.343622 0.121479
-1.222758 0.242207 0.175568
-1.300998 0.117467 0.242450
0.438550 0.589966 -0.001888
0.405438 0.613882 -0.019574
0.370515 0.637349 -0.036937
0.295406 0.682814 -0.071229
0.255190 0.704960 -0.087872
0.213049 0.726781 -0.103686
0.168784 0.748199 -0.118205
0.122167 0.768995 -0.131001
0.072975 0.788829 -0.141741
0.021019 0.807282 -0.150186
-0.033852 0.823899 -0.156157
-0.091754 0.838215 -0.159471
-0.152782 0.849757 -0.159881
-0.217031 0.858029 -0.157038
-0.284600 0.862463 -0.150478
-0.355594 0.862384 -0.139637
-0.430109 0.856961 -0.123884
-0.508208 0.845178 -0.102567
-0.589895 0.825806 -0.075049
-0.675075 0.797386 -0.040758
-0.763520 0.758211 0.000767
-0.854814 0.706304 0.049810
-0.948289 0.639400 0.106376
-1.042945 0.554924 0.170035
-1.137326 0.449982 0.239679
-1.229365 0.321394 0.313160
-1.316158 0.165771 0.386757
-1.393675 -0.020268 0.454416
-1.456357 -0.239690 0.506681
-1.496608 -0.494268 0.529263
-1.504152 -0.783191 0.501251
-1.465335 -1.100609 0.393239
-0.310210 1.027364 0.494432
-0.416711 0.574356 0.082989
-0.370679 0.296236 -0.502428
-0.240154 0.258447 -1.054824
-0.099943 0.447264 -1.403636
0.053925 0.793861 -0.149278
0.001542 0.813039 -0.156914
-0.242395 0.862061 -0.152796
-0.311760 0.864088 -0.144049
-0.384362 0.861093 -0.131638
-0.460250 0.852477 -0.114727
-0.539510 0.837368 -0.092341
-0.622203 0.814553 -0.063524
-0.708296 0.782466 -0.027473
-0.797581 0.739196 0.016364
-0.889613 0.682517 0.068207
-0.983628 0.609905 0.127853
-1.078457 0.518556 0.194537
-1.172404 0.405393 0.266687
-1.263078 0.267114 0.341533
-1.142766 -0.026076 -0.077943
-1.144742 -0.092188 -0.226381
-1.150676 -0.127720 -0.338156
-1.163387 -0.144600 -0.414559
-1.183861 -0.152860 -0.458914
-1.211931 -0.160730 -0.475176
-1.246662 -0.175039 -0.467478
-1.286492 -0.201635 -0.440292
-1.329185 -0.245623 -0.398939
-1.371690 -0.311363 -0.350277
-1.409939 -0.402194 -0.303451
-1.438641 -0.519868 -0.270673
-1.451100 -0.663634 -0.267986
-1.439096 -0.828882 -0.315909
-0.785381 0.747295 0.010708
-0.877442 0.692337 0.062469
0.651582 0.409690 0.153908
0.628609 0.432074 0.135245
0.604406 0.454339 0.116392
0.525371 0.520959 0.056886
-0.513189 0.844518 -0.100573
-0.595167 0.824477 -0.072579
-0.680592 0.795270 -0.037911
-0.769220 0.755215 0.003919
-0.860632 0.702348 0.053225
-1.655116 0.779934 1.846529
1.188280 -0.344252 0.925965
1.184212 -0.336347 0.917261
1.180090 -0.328385 0.908326
1.175931 -0.320306 0.899191
1.171726 -0.312056 0.889911
1.167449 -0.303605 0.880540
1.163063 -0.294957 0.871103
1.158543 -0.286141 0.861593
1.153876 -0.277192 0.851976
1.149069 -0.268136 0.842208
1.144137 -0.258978 0.832252
1.139097 -0.249700 0.822095
1.133954 -0.240275 0.811744
1.128706 -0.230672 0.801222
1.123337 -0.220875 0.790551
1.117829 -0.210879 0.779746
1.112164 -0.200691 0.768805
1.106332 -0.190327 0.757712
1.100329 -0.179794 0.746444
1.094158 -0.169096 0.734981
1.087821 -0.158222 0.723311
1.081319 -0.147158 0.711433
1.074646 -0.135886 0.699354
1.067790 -0.124394 0.687082
1.060738 -0.112676 0.674624
1.053476 -0.100729 0.661978
1.045992 -0.088556 0.649137
1.038277 -0.076159 0.636087
1.030325 -0.063536 0.622817
1.022131 -0.050680 0.609318
1.013686 -0.037580 0.595586
1.004981 -0.024226 0.581620
0.996003 -0.010606 0.567423
0.986737 0.003286 0.552997
0.977167 0.017457 0.538341
0.967277 0.031909 0.523450
0.957053 0.046646 0.508319
0.946479 0.061671 0.492940
0.935542 0.076991 0.477308
0.924224 0.092615 0.461420
0.912509 0.108550 0.445276
0.900377 0.124805 0.428876
0.887805 0.141387 0.412222
0.874771 0.158303 0.395318
0.861250 0.175557 0.378163
0.847216 0.193152 0.360758
0.832644 0.211093 0.343104
0.817505 0.229382 0.325204
0.801771 0.248025 0.307061
0.785409 0.267024 0.288682
0.768386 0.286383 0.270076
0.750664 0.306103 0.251255
0.732206 0.326185 0.232233
0.712968 0.346624 0.213025
0.692907 0.367418 0.193649
0.671975 0.388558 0.174125
0.578479 0.476358 0.095100
0.552366 0.499030 0.075295
-0.957140 0.632080 0.112182
-1.051788 0.545779 0.176261
-1.145990 0.438785 0.246189
-1.237621 0.307884 0.319712
-1.159221 -0.160864 -0.295602
-1.191798 -0.210180 -0.518111
-1.213981 -0.214875 -0.545735
-1.241317 -0.222049 -0.554271
-1.273136 -0.235805 -0.545579
-1.308428 -0.260194 -0.521859
-1.345634 -0.299278 -0.486407
-1.382400 -0.356935 -0.444384
-1.415344 -0.436395 -0.403544
-1.439848 -0.539539 -0.374899
-1.449920 -0.665905 -0.373302
-1.438147 -0.811336 -0.417851
-1.395840 -0.966135 -0.531786
-1.505919 -0.709833 0.513807
-1.479859 -1.021172 0.428477
-1.394530 -1.350772 0.234601
-1.229526 -1.672348 -0.112323
-0.962723 -1.936779 -0.655004
-0.577779 -2.062269 -1.405621
-0.082531 -1.933784 -2.285501
0.459782 -1.438783 -3.048112
0.908999 -0.567459 -3.293455
0.535558 1.705741 -0.331648
0.080765 1.578660 0.411693
-0.256299 1.148390 0.542023
-0.407501 0.673599 0.208467
-0.393162 0.343231 -0.354846
-0.276450 0.245229 -0.932434
-0.131967 0.383495 -1.344421
-0.030181 0.694976 -1.458308
-0.022993 1.066286 -1.229953
-0.127678 1.368121 -0.738831
-0.320993 1.504675 -0.159848
-0.552601 1.448639 0.326513
-0.770374 1.238796 0.615606
-0.940710 0.947667 0.697025
-1.053920 0.645298 0.620973
0.151785 0.756833 -0.122426
0.103976 0.777068 -0.134137
0.053607 0.796045 -0.144091
0.000541 0.813477 -0.152007
-0.055367 0.829027 -0.157546
-0.114269 0.842293 -0.160323
-0.176319 0.852791 -0.159910
-1.346292 0.099886 0.412585
-1.418981 -0.098170 0.475728
-1.474290 -0.330442 0.518834
-1.503707 -0.597949 0.525367
-1.495787 -0.898364 0.471455
-1.435465 -1.223015 0.324190
-0.329616 0.253837 -0.720064
-0.187106 0.305057 -1.214713
-0.061439 0.560819 -1.454775
-0.013597 0.924392 -1.356166
-0.691732 1.333580 0.530222
-0.882837 1.064681 0.688590
-1.018020 0.759430 0.665990
-1.099369 0.474851 0.527310
-1.140027 0.241508 0.335099
-1.155474 0.067755 0.134281
-1.158677 -0.051582 -0.049155
-1.158587 -0.127552 -0.203617
1.155669 -0.266369 0.862710
0.555686 0.496056 0.077581
0.500092 0.542169 0.038256
0.470230 0.565484 0.018939
0.335162 0.658799 -0.054878
-1.134351 0.453364 0.237261
-1.226447 0.325613 0.310510
-1.313414 0.170978 0.384056
-1.173567 -0.202417 -0.461566
-1.189392 -0.209719 -0.513360
-1.268828 -0.233628 -0.547936
-1.303732 -0.256368 -0.526016
-1.340796 -0.293270 -0.491835
-1.411471 -0.424690 -0.408668
-1.437403 -0.524676 -0.377603
-1.449774 -0.648135 -0.371386
-1.441354 -0.791494 -0.408554
0.094548 0.780519 -0.136319
0.043761 0.799270 -0.146072
-0.009768 0.816479 -0.153608
-0.066203 0.831756 -0.158584
-0.125700 0.844641 -0.160644
-0.188403 0.854603 -0.159407
-0.254442 0.861036 -0.154452
-0.323929 0.863238 -0.145313
-0.396954 0.860396 -0.131473
-0.473571 0.851554 -0.112374
-0.553786 0.835589 -0.087437
-0.637528 0.811179 -0.056089
-1.257414 -0.226621 -0.547207
-1.291426 -0.246115 -0.529969
1.125264 -0.209516 0.801002
1.115000 -0.203024 0.792661
1.106631 -0.199117 0.778652
1.094740 -0.176698 0.727645
1.091241 -0.162664 0.715829
1.085892 -0.147319 0.707202
1.078489 -0.132622 0.699934
1.069630 -0.119868 0.691829
1.060341 -0.109251 0.681289
1.051574 -0.099961 0.667881
-1.360811 -1.434815 0.162039
-1.171941 -1.747497 -0.231266
-0.876095 -1.985591 -0.828077
-0.460797 -2.058077 -1.624501
0.055278 -1.844916 -2.505642
0.589815 -1.247784 -3.176695
0.986540 -0.303822 -3.230116
1.085753 0.728121 -2.471852
0.852019 1.477717 -1.218015
0.415929 1.716350 -0.084864
-0.021409 1.487635 0.500492
-0.313367 1.022816 0.492261
-0.418076 0.570953 0.078055
-0.370952 0.295053 -0.507799
-0.018924 0.788818 -1.431635
-0.040188 1.154168 -1.124307
-0.171019 1.420706 -0.592453
-0.379324 1.508007 -0.021874
-0.611868 1.407279 0.420599
-0.819850 1.169492 0.655161
-1.163979 -0.188766 -0.389176
1.209315 -0.532696 1.064574
1.240935 -0.546174 1.008753
1.273580 -0.522107 0.987388
1.291854 -0.475104 1.002616
1.288907 -0.427317 1.040120
1.268133 -0.397676 1.077863
1.240052 -0.394086 1.097188
1.216551 -0.411826 1.090356
1.205575 -0.437785 1.061816
1.208466 -0.457465 1.024205
1.220509 -0.461264 0.991876
1.233865 -0.447681 0.974760
1.241342 -0.422707 0.974826
1.239343 -0.396160 0.986349
1.228842 -0.376916 0.999505
1.214247 -0.369248 1.005257
1.200954 -0.371748 0.999094
1.192906 -0.378864 0.982174
1.191171 -0.383934 0.959907
1.193965 -0.382158 0.939040
1.197859 -0.372310 0.924659
1.199468 -0.356688 0.918310
1.196867 -0.339601 0.917864
1.190176 -0.325240 0.918968
1.181179 -0.315917 0.917233
1.172305 -0.311390 0.910090
1.165502 -0.309377 0.897579
1.161495 -0.306845 0.881918
1.159683 -0.301400 0.866235
1.158601 -0.292188 0.853134
0.400090 0.616257 -0.022263
-1.139809 -1.784542 -0.296943
-0.828657 -2.007010 -0.921617
-0.069597 1.434310 0.530450
-0.337308 0.958304 0.455963
-0.419035 0.522453 0.006254
-0.356740 0.276256 -0.586054
-0.220513 0.272703 -1.119100
-0.051090 1.197127 -1.063789
-0.194609 1.443336 -0.515640
-0.409286 1.504926 0.046179
-1.440824 -0.547531 -0.373421
-1.449588 -0.675400 -0.374600
-1.435935 -0.821802 -0.423439
1.084876 -0.159260 0.719179
1.079923 -0.148132 0.705236
1.074557 -0.135405 0.692900
0.858532 0.179604 0.375100
0.844190 0.197125 0.357813
0.829382 0.214872 0.340007
0.814114 0.232971 0.321766
0.798344 0.251530 0.303236
0.781989 0.270597 0.284564
0.764953 0.290153 0.265842
0.747151 0.310130 0.247084
0.728529 0.330447 0.228238
0.709059 0.351041 0.209222
0.688732 0.371886 0.189966
0.667541 0.392998 0.170443
0.645460 0.414417 0.150686
0.622442 0.436183 0.130775
0.598415 0.458315 0.110810
0.573292 0.480800 0.090889
0.546983 0.503593 0.071084
0.519402 0.526630 0.051443
0.490468 0.549839 0.031993
0.460111 0.573153 0.012760
0.428259 0.596514 -0.006210
0.394836 0.619869 -0.024843
0.359752 0.643161 -0.043025
0.322903 0.666316 -0.060615
0.284172 0.689236 -0.077445
0.243430 0.711792 -0.093335
0.200546 0.733819 -0.108095
-0.236485 0.859551 -0.156207
-0.305000 0.862972 -0.148341
-0.377035 0.861615 -0.135866
-0.452666 0.854548 -0.118227
-0.531918 0.840675 -0.094858
-0.614740 0.818713 -0.065199
-0.700982 0.787164 -0.028736
-0.790354 0.744284 0.014954
-0.882372 0.688049 0.066111
-0.976285 0.616131 0.124666
-1.070984 0.525871 0.190055
-1.164862 0.414287 0.260934
-1.255640 0.278119 0.334770
-1.340124 0.113941 0.407250
-1.413882 -0.081569 0.471441
-1.470816 -0.311134 0.516625
-1.502615 -0.575950 0.526754
-1.498082 -0.874036 0.478597
-1.442455 -1.197362 0.339981
-1.317012 -1.527028 0.069547
-1.099933 -1.825730 -0.378332
-0.770731 -2.027814 -1.035291
0.284181 1.690989 0.144965
-0.122440 1.368219 0.552623
-0.361399 0.884543 0.405822
-0.417410 0.470509 -0.080008
-0.339077 0.259911 -0.675410
-0.198235 0.292866 -1.183955
-0.068810 0.535651 -1.447894
-0.013315 0.895343 -1.376002
-0.066737 1.244354 -0.989131
-0.224141 1.465380 -0.426436
-0.444977 1.497221 0.121741
-0.674775 1.350738 0.509061
-0.869726 1.087666 0.683367
-1.009343 0.782901 0.672466
-1.094434 0.495373 0.540240
-1.137650 0.257650 0.350216
-1.154523 0.079503 0.148870
-1.158309 -0.043510 -0.036455
-1.158284 -0.122208 -0.193235
-1.159990 -0.168677 -0.318270
-1.166226 -0.193680 -0.413159
-1.178075 -0.205824 -0.481245
-1.195706 -0.211702 -0.525897
-1.218855 -0.216463 -0.549817
-1.247037 -0.224459 -0.555048
-1.279544 -0.239749 -0.543424
-1.315293 -0.266386 -0.517251
-1.352609 -0.308427 -0.480080
-1.388979 -0.369687 -0.437470
-1.420813 -0.453231 -0.397703
-1.443256 -0.560621 -0.372440
-1.450057 -0.690867 -0.377280
-1.433547 -0.838991 -0.432115
0.638407 0.421117 0.144438
0.615096 0.443021 0.124504
0.590740 0.465291 0.104569
0.565252 0.487894 0.084712
0.481160 0.557093 0.026021
0.450345 0.580412 0.006846
0.418017 0.603766 -0.012052
0.384095 0.627107 -0.030578
0.348481 0.650371 -0.048602
0.311064 0.673477 -0.065971
0.271722 0.696310 -0.082517
0.230326 0.718727 -0.098060
0.186740 0.740553 -0.112414
0.140832 0.761579 -0.125380
-1.169295 -0.198593 -0.437074
-1.182936 -0.208165 -0.497575
-1.202304 -0.213186 -0.535575
-1.290290 -0.246608 -0.536993
-1.326730 -0.277529 -0.506973
-1.364068 -0.325069 -0.467408
-1.399485 -0.392880 -0.424614
-1.429022 -0.483662 -0.387846
-1.447405 -0.598325 -0.369917
-1.447941 -0.734830 -0.387730
-1.422548 -0.886621 -0.462489
-1.362046 -1.040479 -0.619117
-1.315504 -1.111479 -0.736615
-1.184992 -1.222110 -1.063596
-0.999870 -1.254093 -1.522426
-1.344623 1.541587 1.497798
-0.171285 0.852123 -0.160012
-1.385440 -0.993110 -0.559463
-1.295349 -1.136016 -0.787436
0.531631 0.516342 0.060483
0.473693 0.562537 0.021118
0.442608 0.585923 0.001865
0.409967 0.609399 -0.016954
0.375663 0.632860 -0.035256
0.339594 0.656189 -0.052961
0.301664 0.679269 -0.069980
0.261771 0.701979 -0.086196
0.219806 0.724190 -0.101455
0.175648 0.745750 -0.115556
0.129162 0.766479 -0.128264
0.080202 0.786150 -0.139308
0.028613 0.804485 -0.148393
-0.025761 0.821149 -0.155200
-0.083077 0.835743 -0.159386
-0.143484 0.847805 -0.160579
-0.207127 0.856792 -0.158370
-0.274133 0.862078 -0.152310
-0.344617 0.862929 -0.141903
-0.418662 0.858486 -0.126614
-0.496314 0.847742 -0.105878
-0.577559 0.829511 -0.079120
-0.662299 0.802400 -0.045788
-0.750314 0.764781 -0.005396
-0.841217 0.714757 0.042396
-0.934391 0.650133 0.097682
-1.028900 0.568394 0.160145
1.025899 -0.057513 0.610051
0.990021 0.000582 0.560470
0.979718 0.013715 0.546088
0.969572 0.026777 0.530382
0.959645 0.040347 0.513872
0.949762 0.054826 0.497230
0.939620 0.070300 0.480977
0.928921 0.086559 0.465302
0.892455 0.136582 0.419034
0.879163 0.153079 0.402557
-1.488654 -0.424651 0.526588
-1.505866 -0.704780 0.514152
-1.480656 -1.015585 0.430293
-1.396505 -1.344941 0.238598
-1.233073 -1.666867 -0.105338
-0.968233 -1.932724 -0.644405
-0.767686 1.243538 0.612677
-1.158479 -0.083501 -0.109892
-1.230567 -0.219663 -0.555102
-1.260690 -0.230233 -0.552838
-1.448788 -0.613765 -0.369833
1.185164 -0.319311 0.918640
1.175952 -0.312937 0.913936
1.168105 -0.310219 0.903534
1.159134 -0.296635 0.858376
1.157729 -0.285525 0.847369
1.154783 -0.272437 0.839818
1.149779 -0.259405 0.834246
1.143093 -0.248053 0.828512
1.135692 -0.238977 0.820808
1.128634 -0.231658 0.810357
1.113499 -0.207973 0.770231
1.109244 -0.196938 0.758097
1.104299 -0.184715 0.747536
1.098337 -0.172206 0.738004
1.049026 -0.094614 0.652332
1.041932 -0.081586 0.639436
1.034245 -0.068173 0.626994
1.025948 -0.054756 0.614592
1.017172 -0.041561 0.601774
1.008122 -0.028583 0.588233
0.998971 -0.015625 0.573908
-1.294955 -0.249418 -0.531265
-1.331701 -0.282732 -0.499681
-1.368966 -0.333250 -0.459405
-1.403766 -0.404495 -0.417171
-1.431953 -0.498927 -0.382730
-1.445172 -0.756257 -0.394891
-1.048222 0.549049 0.171752
-1.142534 0.443422 0.242112
-1.234469 0.313820 0.316364
-0.353704 0.959352 0.011962
-1.449185 -0.049647 0.541290
-1.517474 -0.300274 0.628708
-1.557599 -0.597520 0.677209
-1.556266 -0.939485 0.662016
-1.495726 -1.318295 0.547775
-1.352806 -1.714128 0.287296
-0.121131 1.320188 0.400677
-0.302443 1.076243 0.442447
-0.906558 0.968651 0.307332
-1.055554 0.810492 0.488658
-1.492379 -0.930533 0.461554
-0.601436 0.932794 0.050681
-0.710556 0.858669 0.120198
-0.811751 0.764176 0.156639
-1.319522 -0.270240 -0.512286
-0.403664 0.859666 -0.130301
-0.480556 0.850339 -0.110742
-0.561071 0.833791 -0.085201
-0.645131 0.808648 -0.053134
-0.732540 0.773313 -0.014066
-0.822941 0.725937 0.032354
-0.915761 0.664387 0.086256
-1.010127 0.586219 0.147411
-1.104766 0.488664 0.215007
-1.197851 0.368639 0.287329
-1.286807 0.222809 0.361290
-1.368040 0.047751 0.431756
-1.436577 -0.159714 0.490595
-1.485598 -0.401898 0.525382
-1.505843 -0.679101 0.517723
-1.484912 -0.987588 0.441353
-1.406636 -1.316118 0.260686
-1.250969 -1.640226 -0.068193
-0.995759 -1.913650 -0.589061
-0.623452 -2.058344 -1.319461
-0.138095 -1.962030 -2.193910
0.404407 -1.508436 -2.985756
0.871453 -0.670954 -3.303631
1.090459 0.371281 -2.828676
0.968944 1.261011 -1.686803
0.583032 1.692323 -0.442593
0.124354 1.610947 0.363553
-0.230028 1.199843 0.554113
-0.400850 0.719123 0.258341
-0.401314 0.367888 -0.291537
-0.291949 0.244074 -0.876579
-0.146999 0.359411 -1.313163
-0.037930 0.657260 -1.462404
-0.019344 1.028360 -1.268601
-0.112716 1.342895 -0.798075
-0.298785 1.499402 -0.219165
-0.528981 1.462767 0.283697
-0.750230 1.265964 0.595805
-0.926462 0.979753 0.697790
-1.045634 0.675708 0.635590
-1.113982 0.403595 0.476123
-1.146038 0.186976 0.277776
-1.156903 0.029508 0.079924
-1.158466 -0.076300 -0.096033
-1.158577 -0.142158 -0.241518
-1.161669 -0.179861 -0.355499
0.905656 0.118270 0.436443
0.866881 0.167901 0.385657
-1.402035 -0.399787 -0.419987
-1.430769 -0.492779 -0.384620
-1.446275 -0.747685 -0.391892
-1.418054 -0.900118 -0.473344
-1.353901 -1.052882 -0.638969
-1.244447 -1.182341 -0.914569
-1.082198 -1.252162 -1.319168
-0.865549 -1.211757 -1.849259
-0.605696 -1.000597 -2.451725
-0.814951 2.095526 0.371599
-1.207334 1.756912 1.261141
-1.082294 0.513542 0.198284
-1.175898 0.399193 0.269549
-1.442124 -0.180727 0.495110
-0.278208 0.244999 -0.926558
-1.122796 0.466790 0.227305
-1.215252 0.342413 0.300274
-1.303038 0.191548 0.374224
-1.382318 0.010754 0.443484
-1.447792 -0.203062 0.499175
-1.492212 -0.451944 0.527849
-1.505761 -0.735615 0.509743
-1.475352 -1.049239 0.416883
-1.384038 -1.379587 0.211868
-1.211119 -1.698794 -0.150239
-0.934537 -1.955276 -0.711065
-0.539079 -2.064079 -1.477885
-0.035978 -1.908100 -2.360412
0.505216 -1.378650 -3.095548
0.938361 -0.480842 -3.278232
0.496288 1.712359 -0.243763
0.046085 1.549114 0.446391
-0.276084 1.105099 0.527980
-0.571467 1.435594 0.360587
-0.786019 1.215441 0.630019
-0.952975 0.635049 0.109129
-1.319912 0.157466 0.389226
-1.396847 -0.029864 0.456417
-1.458672 -0.250700 0.507719
-1.497679 -0.506741 0.528567
-1.503453 -0.797008 0.497689
-0.825328 1.159688 0.659026
-0.979215 0.858903 0.688339
-1.076842 0.563220 0.579428
-1.128898 0.311813 0.398287
-1.150873 0.119359 0.196292
-1.156887 -0.015895 0.005325
-1.157261 -0.103820 -0.158863
-1.158414 -0.156576 -0.291169
-1.214178 -0.211772 -0.540476
0.759013 0.296918 0.260210
0.740878 0.316775 0.241261
0.722007 0.336994 0.222077
0.702354 0.357589 0.202704
0.681863 0.378567 0.183192
0.660472 0.399913 0.163579
-1.447428 -0.604571 -0.369525
-1.446784 -0.741976 -0.390074
-1.419773 -0.894061 -0.468768
-1.357198 -1.047185 -0.630615
-1.118366 0.378659 0.456149
-1.300196 0.049124 0.237391
-1.360665 -0.106279 0.269227
-1.409846 -0.286932 0.291716
-0.721137 0.777596 -0.019733
-0.330062 0.863137 -0.144423
0.110545 0.775414 -0.133495
0.060243 0.794844 -0.142667
-0.107341 0.840873 -0.158886
-0.972256 0.619972 0.122701
-1.067005 0.530352 0.187840
-1.160972 0.419546 0.258434
-1.251917 0.284330 0.332045
-1.336698 0.121303 0.404480
-1.410954 -0.072863 0.468962
-1.468677 -0.300927 0.514976
1.354738 -0.747375 1.377067
1.355210 -0.744026 1.371647
1.355390 -0.739178 1.367701
1.350837 -0.724295 1.360047
1.348468 -0.721222 1.356449
1.346480 -0.718880 1.351829
1.345113 -0.716620 1.346546
1.344298 -0.713846 1.341174
1.343731 -0.710268 1.336224
1.343047 -0.705974 1.331933
1.341982 -0.701332 1.328204
1.340470 -0.696790 1.324702
1.338641 -0.692667 1.321032
1.336735 -0.689039 1.316920
1.334977 -0.685745 1.312309
1.333489 -0.682491 1.307350
1.332247 -0.679002 1.302306
1.331120 -0.675131 1.297418
1.329942 -0.670905 1.292811
1.328586 -0.666484 1.288450
1.327014 -0.662073 1.284187
1.325280 -0.657824 1.279839
1.323488 -0.653779 1.275271
1.317084 -0.637735 1.255267
-0.370242 0.861993 -0.137180
-0.445548 0.855481 -0.120034
-0.524469 0.842270 -0.097224
-0.606965 0.821099 -0.068185
-0.692898 0.790495 -0.032389
-0.967560 0.623475 0.118927
-1.062242 0.535039 0.183724
-1.156279 0.425567 0.254183
-1.247461 0.291820 0.327902
-1.332693 0.130379 0.400760
-1.407671 -0.062105 0.466110
-1.466473 -0.288442 0.513640
-1.501016 -0.550024 0.527870
-1.500403 -0.845260 0.486311
-1.450223 -1.166844 0.357668
-1.332113 -1.497154 0.101343
-0.090860 1.408822 0.540780
-0.347316 0.929128 0.437239
-0.349993 0.269144 -0.621395
-0.211745 0.280027 -1.145256
-0.078353 0.506569 -1.436943
-0.014019 0.860579 -1.397115
-0.056955 1.216040 -1.034972
-0.206044 1.452535 -0.480558
-0.423298 1.502408 0.076330
-0.654408 1.370291 0.482136
-0.853804 1.114773 0.675794
-0.998744 0.811027 0.679468
-1.088426 0.520173 0.555528
-1.134834 0.277213 0.368536
-1.153520 0.093675 0.166794
-1.158066 -0.033936 -0.020714
-1.158127 -0.116116 -0.180322
-1.159560 -0.164985 -0.308169
-1.165372 -0.191499 -0.405555
-1.349759 -0.304654 -0.481998
-1.386291 -0.364570 -0.439669
-1.418556 -0.446577 -0.399565
-0.697806 0.879744 0.110223
-0.803136 0.788012 0.161297
1.114344 -0.160331 0.763082
1.097587 -0.150479 0.765339
1.082352 -0.149775 0.755190
1.067092 -0.146412 0.682088
1.067314 -0.132115 0.663445
1.065185 -0.112467 0.653021
1.058982 -0.091581 0.648720
1.048845 -0.073334 0.646147
1.036419 -0.059799 0.640770
1.023929 -0.050668 0.629818
1.013167 -0.043767 0.613130
1.004825 -0.036246 0.592809
0.998390 -0.025857 0.572020
0.992543 -0.011768 0.553545
0.985819 0.005322 0.538719
0.977220 0.023712 0.527100
0.966539 0.041555 0.516917
0.954314 0.057637 0.505984
0.941479 0.071770 0.492648
0.928919 0.084711 0.476375
-1.454522 -1.148441 0.367430
-1.340738 -1.478900 0.119356
-0.085211 0.489432 -1.428583
-0.642591 1.381688 0.464871
-0.844655 1.131119 0.670851
0.872189 0.161614 0.392019
-0.050350 0.827790 -0.157268
-0.119313 1.372270 0.551654
-0.360011 0.888896 0.409039
-0.417529 0.473460 -0.074790
-0.340100 0.260703 -0.670150
-0.065623 1.241636 -0.993701
-0.222229 1.464209 -0.431727
0.987080 -0.003181 0.544622
-1.323117 0.151089 0.392600
-1.399596 -0.037620 0.459334
-1.460692 -0.259913 0.509688
-1.498607 -0.517412 0.528883
-1.502810 -0.808992 0.495357
-1.459333 -1.128217 0.378919
-1.350274 -1.458997 0.139979
-1.154260 -1.768663 -0.267100
-0.849829 -1.998343 -0.879517
-0.048317 1.457828 0.518478
-0.090724 0.471329 -1.419121
-0.015643 0.816655 -1.419845
-0.627650 1.393508 0.445358
-0.832353 1.148481 0.663507
-0.983958 0.846848 0.686066
-1.329215 -0.280076 -0.503132
-1.366525 -0.329138 -0.463204
0.770467 0.281731 0.273019
0.753467 0.301218 0.252964
0.697123 0.364406 0.196132
0.676081 0.385956 0.177706
0.653979 0.407392 0.158889
0.630943 0.428766 0.139443
0.607054 0.450265 0.119372
0.582303 0.472114 0.098898
-0.279161 0.862200 -0.151522
-0.349869 0.862633 -0.140938
-0.424127 0.857760 -0.125425
-0.501992 0.846556 -0.104381
-0.583456 0.827806 -0.077214
-0.668421 0.800081 -0.043372
-0.756659 0.761715 -0.002396
-0.847764 0.710774 0.046025
-0.941094 0.645035 0.101937
-1.035682 0.561960 0.164973
-1.130117 0.458685 0.234106
-1.222392 0.332046 0.307297
-1.309685 0.178665 0.380977
-1.388065 -0.004859 0.449308
-1.452112 -0.221548 0.503142
-1.494410 -0.473312 0.528621
-1.504919 -0.759608 0.505415
-1.470274 -1.075098 0.404835
-1.373220 -1.405648 0.188756
-0.802663 1.194083 0.642717
-0.963638 0.896703 0.693754
-1.302290 -1.555546 0.039088
-0.726626 0.775952 -0.016808
-0.816823 0.729416 0.029024
-0.909478 0.668885 0.082343
-1.003750 0.591935 0.142963
-1.098401 0.495813 0.210126
-1.191648 0.377446 0.282191
-1.280976 0.233508 0.356179
-1.362869 0.060569 0.427115
-1.432461 -0.144587 0.487104
1.044293 -0.091019 0.653514
1.030850 -0.068637 0.621497
-1.410218 -0.419835 -0.412021
-1.436822 -0.518343 -0.379540
-1.450272 -0.640514 -0.370868
1.132026 -0.234564 0.815497
1.111041 -0.202299 0.763610
0.157481 0.754129 -0.120814
0.007332 0.811352 -0.151333
-1.501858 -0.562790 0.527413
-1.499328 -0.859452 0.482642
-1.446478 -1.181929 0.349129
-1.324769 -1.511976 0.085894
-1.112464 -1.813361 -0.352750
-0.788817 -2.021972 -0.999838
-0.346178 -2.038375 -1.832564
0.184724 -1.740610 -2.697811
0.702907 -1.050419 -3.258879
1.041193 -0.054505 -3.121293
1.058307 0.943050 -2.198551
0.760088 1.582878 -0.917392
0.305849 1.697559 0.110446
-0.106577 1.388867 0.547233
-0.354394 0.906944 0.422031
-0.418158 0.485878 -0.053326
-0.344547 0.264270 -0.648287
-0.204916 0.286131 -1.164746
-0.073403 0.520839 -1.442785
-0.013398 0.877826 -1.387024
-0.061534 1.230237 -1.012436
-0.214794 1.459136 -0.453680
-0.433890 1.500050 0.099043
-0.664397 1.360732 0.495694
-0.861602 1.101386 0.679652
-1.003886 0.797090 0.675945
-1.091258 0.507895 0.547749
-1.136049 0.267593 0.359143
-1.153813 0.086827 0.157536
-1.157977 -0.038378 -0.028894
-1.158015 -0.118697 -0.187041
-1.159630 -0.166247 -0.313363
1.236162 -0.444989 1.037572
1.233182 -0.438501 1.030288
1.230150 -0.431920 1.022910
1.227062 -0.425244 1.015441
1.223914 -0.418468 1.007884
1.220699 -0.411595 1.000235
1.217417 -0.404626 0.992489
1.214065 -0.397562 0.984641
1.210643 -0.390402 0.976684
1.207152 -0.383141 0.968616
1.203590 -0.375776 0.960435
1.199956 -0.368301 0.952141
1.196245 -0.360712 0.943735
1.192454 -0.353006 0.935214
-1.158988 -0.157338 -0.285168
-1.379211 -0.350930 -0.448243
-0.186887 0.739546 -0.388827
-0.217123 0.815039 -0.405218
1.188892 -0.499099 0.765806
1.257267 -0.444734 0.735476
1.237659 -0.202426 0.974003
1.179981 -0.207958 1.020281
1.134844 -0.255928 1.007679
1.117295 -0.316845 0.949159
1.128271 -0.360817 0.873763
1.156716 -0.369800 0.812590
1.186026 -0.342968 0.786247
1.201741 -0.294501 0.797635
1.197351 -0.245488 0.832858
1.175905 -0.213853 0.869662
1.147177 -0.207089 0.888547
1.122356 -0.220759 0.880698
1.109081 -0.242452 0.849737
1.108886 -0.258352 0.808055
1.117601 -0.259167 0.770400
1.127975 -0.243212 0.747585
1.133149 -0.215925 0.742603
1.129444 -0.186534 0.750447
1.073645 -0.152080 0.738826
1.068078 -0.153334 0.712701
0.919350 0.095116 0.461551
0.908120 0.109000 0.442068
0.897208 0.124634 0.422791
0.885955 0.142069 0.404784
-1.318976 -1.523479 0.073881
-0.441886 1.497959 0.116575
-1.219897 -0.214094 -0.545357
-1.248641 -0.222952 -0.549123
-1.281656 -0.239584 -0.536130
-0.954693 0.544987 0.068538
-1.029045 0.468780 0.074631
-1.105122 0.388331 0.100590
-1.183384 0.295934 0.146510
-1.262463 0.183733 0.208463
-1.170189 -0.198655 -0.442847
-1.500088 -0.535933 0.528590
-1.501575 -0.829653 0.490563
-0.991946 0.826285 0.681835
-0.231341 0.859141 -0.156620
-0.299596 0.862890 -0.149071
-1.448983 -1.171881 0.354839
-1.329675 -1.502108 0.096213
-1.120455 -1.805127 -0.336482
-0.800424 -2.017825 -0.977130
0.319886 1.701416 0.087225
-0.096164 1.402204 0.543072
-0.349738 0.921711 0.432246
-0.418630 0.496220 -0.035970
-0.348208 0.267465 -0.630381
-0.209484 0.282018 -1.151806
-0.076707 0.511303 -1.438962
-0.013811 0.866333 -1.393819
-0.058482 1.220802 -1.027498
-0.208972 1.454777 -0.471594
-0.426853 1.501661 0.083942
-0.657772 1.367128 0.486714
-0.856443 1.110316 0.677140
-1.000500 0.806369 0.678350
-1.442045 -0.554312 -0.372837
-1.449784 -0.683417 -0.375958
-1.434642 -0.830704 -0.427955
-1.387793 -0.985612 -0.552531
-1.299766 -1.129225 -0.775760
-1.161869 -1.231247 -1.121074
-1.390633 1.458943 1.565278
0.503208 0.538718 0.041043
-0.996353 0.598593 0.137963
-1.158234 -0.133981 -0.222616
-0.655422 0.804889 -0.048910
-0.743188 0.768240 -0.009030
1.106368 -0.191780 0.752567
-1.148076 0.168603 0.258089
-1.157558 0.016575 0.061713
-1.205226 -0.214785 -0.540636
-1.294484 -0.249906 -0.536336
-1.409237 -0.066941 0.467477
-1.467578 -0.294088 0.514428
-1.501443 -0.556482 0.527645
-1.499859 -0.852438 0.484455
0.913890 0.104200 0.447827
-1.163090 -0.185304 -0.379810
-1.235995 -0.220268 -0.553779
-1.375917 -0.345051 -0.451896
-1.442110 -0.784194 -0.405599
-1.405936 -0.938292 -0.505338
-1.331493 -1.087917 -0.695704
1.153954 -0.273985 0.859022
0.820038 0.226193 0.328486
0.804426 0.244673 0.310234
0.788228 0.263570 0.291753
0.735520 0.322729 0.235415
0.716401 0.343167 0.216344
1.022760 -0.050479 0.604216
1.122845 -0.222702 0.799106
1.091841 -0.160733 0.726914
1.084595 -0.148869 0.717133
1.076945 -0.137900 0.706279
-0.133212 0.380013 -1.340599
-0.030324 0.689819 -1.459227
-1.152248 0.113286 0.191648
-1.157944 -0.020822 0.001362
-1.158172 -0.108023 -0.162092
-1.164372 -0.189223 -0.394975
-1.175027 -0.203499 -0.468416
-1.334885 0.125604 0.402619
1.318571 -0.640999 1.259503
-0.193474 0.855224 -0.158815
-0.259770 0.861235 -0.153705
-0.491186 0.848417 -0.107175
-0.572127 0.830636 -0.081126
-1.445360 -1.186254 0.346576
-1.322608 -1.516198 0.081329
-1.108969 -1.816839 -0.359900
-0.783768 -2.023635 -1.009761
-0.111083 1.383127 0.548874
-0.356420 0.900661 0.417572
-0.203072 0.287975 -1.170165
-0.013385 0.882729 -1.384005
-0.063001 1.234211 -1.005957
-0.217429 1.460920 -0.446061
-0.437023 1.499295 0.105425
-0.667342 1.357960 0.499487
-1.363908 -1.427725 0.168707
-1.177122 -1.741321 -0.220538
-0.883778 -1.981903 -0.812725
-0.013008 1.495963 0.494503
-0.308917 1.033415 0.497527
-0.417477 0.579172 0.089536
-0.372946 0.298483 -0.494953
-0.243132 0.257750 -1.048667
-0.102786 0.444062 -1.400727
-0.019461 0.780797 -1.434784
-0.038290 1.146996 -1.133836
-0.166992 1.416741 -0.604920
-0.374174 1.508230 -0.033191
-0.606767 1.411140 0.413164
-0.815641 1.175519 0.652241
-0.972835 0.876114 0.691693
-1.073518 0.578685 0.589105
-1.127821 0.323917 0.410788
-1.151140 0.127686 0.209136
-1.157740 -0.011054 0.017031
-1.158147 -0.101861 -0.149073
1.117648 -0.163912 0.761355
1.067047 -0.148518 0.687063
1.006432 -0.038070 0.597318
0.999686 -0.028414 0.576363
0.993843 -0.015100 0.557228
0.987413 0.001473 0.541607
0.979258 0.019749 0.529424
0.944243 0.068855 0.495778
0.931568 0.081951 0.480112
-0.071483 0.525601 -1.444644
-0.863809 1.096934 0.680601
-1.005173 0.792536 0.674292
-1.091742 0.504015 0.544545
-1.089985 0.515600 0.553521
-1.311308 -0.262488 -0.517766
-1.158803 -0.146505 -0.251664
-1.268579 -1.159303 -0.853333
