3 3626
0.833760 1.859001 -0.477944
0.842758 1.843770 -0.404645
0.862193 1.827121 -0.332424
0.890973 1.810728 -0.262480
0.927454 1.794911 -0.195823
0.969436 1.779423 -0.133185
1.013772 1.765255 -0.074911
1.057794 1.753850 -0.020972
1.099390 1.745241 0.028971
1.136903 1.740766 0.075513
1.169575 1.742857 0.119297
1.197545 1.751737 0.160860
1.232185 1.775258 0.220169
1.260340 1.804704 0.277251
1.285427 1.835863 0.332774
1.314543 1.864261 0.386186
1.353834 1.888055 0.435612
1.403316 1.906266 0.478384
1.461065 1.911628 0.512076
1.528580 1.905646 0.534424
1.580348 1.895550 0.541832
1.636770 1.874619 0.542650
1.697117 1.839088 0.536801
1.761504 1.789157 0.524432
1.829016 1.723594 0.505898
1.863189 1.684682 0.494554
1.897202 1.641793 0.482025
1.930864 1.595023 0.468492
1.964080 1.544339 0.454147
1.996777 1.489678 0.439186
2.028809 1.431074 0.423810
2.059828 1.368594 0.408225
2.089287 1.302247 0.392659
2.116705 1.232083 0.377370
2.141861 1.158271 0.362661
2.164575 1.081059 0.348885
2.184471 1.000710 0.336439
2.201097 0.917484 0.325713
2.214155 0.831717 0.317038
2.223624 0.743815 0.310647
2.229784 0.654158 0.306670
2.233064 0.563043 0.305164
2.233728 0.470747 0.306146
2.231740 0.377595 0.309610
2.124364 0.766856 1.328940
2.150446 0.808880 1.314403
2.184705 0.856923 1.278600
2.215910 0.881902 1.226443
2.234843 0.878714 1.161357
2.236262 0.859188 1.114104
2.226069 0.825215 1.065776
2.203727 0.777141 1.018633
2.165924 0.716202 0.975973
2.108511 0.644450 0.940476
2.071260 0.605420 0.925639
2.027726 0.564839 0.912680
1.977712 0.523075 0.901596
1.921285 0.480494 0.892470
1.858570 0.437548 0.885440
1.789529 0.394782 0.880634
1.714024 0.352776 0.878109
1.632017 0.312088 0.877817
1.543663 0.273230 0.879597
1.449295 0.236678 0.883203
1.349359 0.202885 0.888346
1.244336 0.172283 0.894737
1.134625 0.145272 0.902119
1.020499 0.122224 0.910279
0.902218 0.103474 0.919054
0.780200 0.089311 0.928311
0.655091 0.079961 0.937939
0.527684 0.075569 0.947836
0.398808 0.076196 0.957917
0.269289 0.081820 0.968127
0.139976 0.092331 0.978464
0.011753 0.107527 0.988992
-0.114478 0.127102 0.999842
-0.237814 0.150643 1.011196
-0.357397 0.177638 1.023263
-0.472459 0.207487 1.036271
-0.582371 0.239519 1.050460
-0.686630 0.273011 1.066062
-0.784802 0.307196 1.083279
-0.380586 -0.047849 1.659886
-0.275793 -0.052658 1.663851
-0.169891 -0.050225 1.667487
-0.063700 -0.040299 1.670936
0.041955 -0.022738 1.674375
0.146250 0.002485 1.677977
0.248406 0.035282 1.681861
0.347707 0.075455 1.686056
0.443508 0.122703 1.690507
0.535236 0.176634 1.695134
0.622415 0.236774 1.699865
0.704676 0.302585 1.704588
0.781738 0.373489 1.709066
0.853399 0.448886 1.712873
0.919547 0.528171 1.715441
0.980158 0.610747 1.716214
1.035271 0.696024 1.714770
1.084964 0.783416 1.710853
1.129346 0.872328 1.704347
1.168558 0.962152 1.695239
1.202783 1.052292 1.683573
1.232247 1.142184 1.669390
1.257215 1.231306 1.652690
1.277977 1.319186 1.633425
1.294840 1.405398 1.611467
1.308125 1.489565 1.586613
1.318163 1.571353 1.558667
1.325287 1.650469 1.527468
1.329830 1.726657 1.492806
1.332117 1.799694 1.454389
1.332472 1.869391 1.411996
1.331205 1.935603 1.365656
1.328609 1.998237 1.315690
1.324940 2.057278 1.262596
1.905736 0.264790 -0.334135
1.870914 0.183851 -0.314667
1.830352 0.103273 -0.293713
1.783916 0.023601 -0.271416
1.731959 -0.054601 -0.247966
1.675101 -0.130770 -0.223592
1.613861 -0.204381 -0.198560
1.548417 -0.274950 -0.173156
1.478626 -0.342035 -0.147688
1.404130 -0.405214 -0.122475
1.324527 -0.464069 -0.097850
1.239646 -0.518177 -0.074149
1.149661 -0.567131 -0.051707
1.054979 -0.610545 -0.030843
0.956092 -0.648073 -0.011846
0.853546 -0.679402 0.005036
0.747981 -0.704240 0.019605
0.640119 -0.722321 0.031728
0.530651 -0.733437 0.041346
0.420130 -0.737457 0.048473
0.309025 -0.734301 0.053208
2.267155 0.077009 0.592728
2.264379 0.167263 0.610308
2.262743 0.253041 0.621956
2.263115 0.332061 0.628778
2.263973 0.402153 0.631847
2.266314 0.461307 0.632169
2.270728 0.525652 0.629445
0.407439 0.318144 2.308975
0.461583 0.369941 2.316428
0.513316 0.425800 2.323600
0.562494 0.485415 2.330206
0.608995 0.548455 2.336187
0.652726 0.614575 2.341507
0.693629 0.683419 2.345793
0.731674 0.754609 2.348363
0.766856 0.827760 2.348595
0.799192 0.902502 2.346105
0.828709 0.978485 2.340659
0.855449 1.055362 2.332099
0.879466 1.132765 2.320276
1.417264 1.292647 -0.645134
1.444539 1.236780 -0.607289
1.472423 1.181764 -0.572880
1.502308 1.126457 -0.541873
1.534793 1.071035 -0.514033
1.568527 1.017071 -0.488901
1.601917 0.964742 -0.465914
1.634644 0.912750 -0.444613
1.666690 0.859599 -0.424588
1.697994 0.805347 -0.405389
1.728510 0.750912 -0.386558
1.758116 0.696586 -0.367670
1.786419 0.642123 -0.348315
1.811749 0.587417 -0.328079
1.832716 0.532451 -0.306568
1.850278 0.477093 -0.283516
1.865542 0.420973 -0.258764
1.877404 0.363479 -0.232112
1.883387 0.303948 -0.203256
1.881562 0.241910 -0.171849
1.873241 0.177127 -0.137616
1.857755 0.109597 -0.100418
1.831777 0.039725 -0.060250
1.793398 -0.031641 -0.017316
1.742707 -0.103376 0.027928
1.712856 -0.138992 0.051208
1.680027 -0.174220 0.074788
1.644169 -0.208888 0.098548
1.605206 -0.242816 0.122358
1.563119 -0.275822 0.146074
1.518019 -0.307724 0.169545
1.470128 -0.338348 0.192608
1.419705 -0.367531 0.215099
1.366933 -0.395121 0.236851
1.311861 -0.420976 0.257700
1.254438 -0.444957 0.277484
1.194611 -0.466931 0.296052
1.132367 -0.486769 0.313261
1.067749 -0.504340 0.328983
1.000847 -0.519515 0.343107
0.931800 -0.532162 0.355539
0.860805 -0.542153 0.366205
0.788109 -0.549373 0.375056
0.714004 -0.553716 0.382076
0.638810 -0.555089 0.387284
0.562858 -0.553411 0.390734
0.486480 -0.548618 0.392520
0.409990 -0.540661 0.392762
0.333680 -0.529513 0.391610
0.257821 -0.515163 0.389241
0.182676 -0.497615 0.385863
0.108508 -0.476890 0.381718
0.035582 -0.453030 0.377081
0.144124 1.093931 2.201212
0.187186 1.125454 2.208384
0.230795 1.160995 2.217314
0.274665 1.200190 2.229983
0.318773 1.243475 2.245602
0.363431 1.291323 2.263645
0.526238 0.735386 -0.865083
0.440931 0.713250 -0.839854
0.354435 0.697385 -0.812599
0.267512 0.687769 -0.783481
0.180969 0.684313 -0.752625
0.095687 0.686803 -0.720119
0.012588 0.694865 -0.686015
-0.067429 0.707958 -0.650340
-0.143535 0.725406 -0.613098
-0.214985 0.746444 -0.574285
-0.281107 0.770267 -0.533899
-0.341292 0.796066 -0.491947
-0.395002 0.823049 -0.448462
-0.441772 0.850459 -0.403503
-0.481232 0.877578 -0.357161
-0.513131 0.903742 -0.309558
-0.537322 0.928362 -0.260845
-0.553729 0.950943 -0.211196
-0.562314 0.971108 -0.160817
-0.563087 0.988605 -0.109937
-0.556124 1.003313 -0.058807
-0.541594 1.015234 -0.007697
-0.519773 1.024482 0.043117
-0.491051 1.031278 0.093359
-0.455933 1.035935 0.142773
-0.415027 1.038851 0.191124
-0.369048 1.040502 0.238212
-0.318809 1.041426 0.283873
-0.265245 1.042201 0.327989
-0.209423 1.043414 0.370485
-0.152517 1.045624 0.411332
-0.095764 1.049331 0.450543
-0.040408 1.054940 0.488173
0.012333 1.062754 0.524311
0.061296 1.072959 0.559077
0.105392 1.085607 0.592622
0.143614 1.100609 0.625120
0.199146 1.136606 0.687779
0.223114 1.177716 0.748848
0.213665 1.219636 0.810350
0.172426 1.258156 0.874484
0.104614 1.289876 0.943467
0.063096 1.302340 0.980396
0.017971 1.312181 1.019197
-0.029571 1.319209 1.059979
-0.078310 1.323316 1.102783
-0.127035 1.324491 1.147583
-0.174577 1.322816 1.194295
-0.219854 1.318454 1.242790
-0.261903 1.311634 1.292905
-0.299904 1.302636 1.344457
-0.333201 1.291782 1.397239
-0.361311 1.279424 1.451041
-0.383931 1.265919 1.505669
-0.400931 1.251631 1.560961
-0.412345 1.236918 1.616784
-0.418343 1.222117 1.673015
0.579737 -0.858243 0.339656
0.551000 -0.809461 0.386995
0.534183 -0.757077 0.428559
0.528324 -0.701397 0.465206
0.532078 -0.642781 0.497737
0.543774 -0.581592 0.526873
0.561471 -0.518167 0.553244
0.583206 -0.452814 0.577397
0.607270 -0.385859 0.599808
0.632325 -0.317717 0.620911
0.657408 -0.248936 0.641110
0.681951 -0.180182 0.660801
0.705830 -0.112171 0.680368
0.729376 -0.045579 0.700186
0.753327 0.019050 0.720615
0.778721 0.081360 0.741987
0.806698 0.141221 0.764609
0.838222 0.198735 0.788756
0.873795 0.254212 0.814671
0.913296 0.308149 0.842580
0.956011 0.361195 0.872725
1.000841 0.414117 0.905373
1.046539 0.467746 0.940772
1.091862 0.522914 0.979140
1.135866 0.580366 1.020688
1.178218 0.640697 1.065618
1.219084 0.704302 1.114132
1.258641 0.771375 1.166438
1.296761 0.841934 1.222495
1.315277 0.878487 1.251811
-0.733686 0.106850 0.247440
-0.687807 0.116341 0.294968
-0.644531 0.128194 0.342165
-0.602387 0.142381 0.389256
-0.560152 0.158722 0.436456
-0.516910 0.176937 0.483970
-0.472126 0.196706 0.531994
-0.425691 0.217713 0.580712
-0.377884 0.239690 0.630292
-0.329226 0.262440 0.680857
-0.280308 0.285852 0.732482
-0.231677 0.309885 0.785207
-0.183788 0.334547 0.839096
-0.137020 0.359863 0.894277
-0.091696 0.385847 0.950673
-0.048091 0.412483 1.008174
-0.006398 0.439713 1.066882
0.033326 0.467443 1.126831
0.071223 0.495559 1.187957
0.107663 0.523948 1.250248
0.143245 0.552524 1.313561
0.178741 0.581246 1.377250
0.215013 0.610122 1.439954
0.252900 0.639209 1.500850
0.293114 0.668626 1.560526
0.336155 0.698554 1.618832
0.382259 0.729210 1.673644
0.431392 0.760800 1.723016
0.483283 0.793507 1.766581
0.537470 0.827468 1.804034
0.593377 0.862691 1.833247
0.650376 0.898994 1.852811
0.707850 0.936057 1.860466
0.765254 0.973541 1.854996
0.822181 1.011161 1.836741
0.878427 1.048552 1.806126
0.934027 1.084905 1.763411
0.989194 1.119010 1.707931
1.044184 1.150015 1.638722
1.071674 1.164062 1.598667
1.099176 1.176892 1.555001
1.126690 1.188295 1.508048
1.154212 1.198068 1.458350
1.495311 0.212461 0.219903
1.456117 0.154343 0.227687
1.411288 0.098050 0.238777
1.360977 0.044128 0.252817
1.305294 -0.006922 0.269430
1.244362 -0.054643 0.288222
1.178374 -0.098627 0.308793
1.107596 -0.138516 0.330738
1.032318 -0.174009 0.353655
0.952798 -0.204853 0.377148
0.869276 -0.230828 0.400839
0.782041 -0.251745 0.424373
0.691497 -0.267461 0.447427
0.598146 -0.277888 0.469719
0.502560 -0.283001 0.491021
0.405325 -0.282829 0.511159
0.307016 -0.277458 0.530021
0.208182 -0.267029 0.547558
0.109372 -0.251733 0.563779
0.011153 -0.231815 0.578753
-0.085894 -0.207574 0.592605
-0.181180 -0.179366 0.605502
-0.274098 -0.147602 0.617653
-0.364030 -0.112758 0.629297
-0.450371 -0.075366 0.640691
-0.532568 -0.036009 0.652100
-0.610137 0.004700 0.663784
-0.682665 0.046127 0.675988
-0.749800 0.087637 0.688932
-0.878353 0.344134 1.060589
-0.833324 0.328082 1.080885
-0.734909 0.294114 1.119167
-0.682492 0.277275 1.137241
-0.628595 0.261205 1.154691
-0.573743 0.246359 1.171582
-0.518483 0.233141 1.187970
-0.463381 0.221894 1.203914
-0.409005 0.212898 1.219490
-0.355923 0.206359 1.234802
-0.304689 0.202406 1.249987
-0.255828 0.201096 1.265194
-0.167084 0.206272 1.296070
-0.092725 0.221063 1.327753
-0.034435 0.243948 1.360530
0.007633 0.272967 1.394938
0.034741 0.305954 1.431203
0.049234 0.340889 1.469439
0.054115 0.376185 1.510331
0.052612 0.410763 1.555281
0.047804 0.444008 1.605141
0.042376 0.475727 1.659505
0.038465 0.506084 1.717298
0.229475 -0.122895 -0.590269
0.219351 -0.090754 -0.538987
0.230968 -0.056678 -0.488865
0.262715 -0.021208 -0.439600
0.311866 0.015736 -0.391032
0.374643 0.054711 -0.343154
0.446396 0.096527 -0.296089
0.522044 0.141994 -0.250060
0.559693 0.166286 -0.227519
0.631407 0.218127 -0.183568
0.694451 0.274091 -0.141335
0.745139 0.333402 -0.100989
0.781313 0.394793 -0.062553
0.802465 0.456685 -0.025871
0.809695 0.517414 0.009379
0.805573 0.575451 0.043643
0.793812 0.629597 0.077406
0.778789 0.679078 0.111107
0.764923 0.723567 0.145058
0.756069 0.763112 0.179401
0.758207 0.813927 0.231540
0.782637 0.856217 0.283748
0.810876 0.880822 0.318053
0.846768 0.903499 0.351583
0.887712 0.925189 0.384106
0.930696 0.946953 0.415510
0.972778 0.969948 0.445802
1.011348 0.995379 0.475110
1.044295 1.024391 0.503652
1.070301 1.057884 0.531736
1.089011 1.096320 0.559744
1.100927 1.139804 0.588081
1.107241 1.188273 0.617158
1.109663 1.241653 0.647350
1.110166 1.299679 0.678941
1.110666 1.361163 0.712032
1.112729 1.424580 0.746416
1.117620 1.488960 0.781513
1.126404 1.553417 0.816448
1.139770 1.616786 0.850216
1.157937 1.677539 0.881690
1.181262 1.734262 0.909476
1.210632 1.786111 0.931894
1.246634 1.831787 0.947253
1.289140 1.870161 0.954205
1.338021 1.902057 0.951802
1.393690 1.928532 0.939119
1.456643 1.948874 0.915013
1.526871 1.962104 0.878507
1.604191 1.967343 0.829217
1.645479 1.966162 0.799838
1.688441 1.961896 0.767427
1.732959 1.954057 0.732138
1.778907 1.942128 0.694173
1.826159 1.925659 0.653773
1.874556 1.904295 0.611208
1.923866 1.877799 0.566773
0.309933 0.289655 2.315796
0.349874 0.329957 2.319898
0.388362 0.372603 2.324205
0.425328 0.417421 2.327666
0.460714 0.464227 2.330300
0.494469 0.512835 2.332766
0.526551 0.563064 2.335171
0.556928 0.614725 2.336428
0.585582 0.667605 2.335314
0.612508 0.721446 2.331342
0.637720 0.775946 2.324319
1.085678 1.109854 -0.814093
1.108715 1.064954 -0.788562
1.137479 1.028737 -0.759140
1.171054 1.001460 -0.728170
1.208253 0.983431 -0.695880
1.246570 0.973789 -0.662444
1.292086 0.971583 -0.617457
1.322488 0.979702 -0.574223
1.333362 0.999370 -0.525009
1.326660 1.014496 -0.472767
1.336028 0.997277 -0.426715
1.370351 0.966684 -0.399987
1.410163 0.936484 -0.382548
1.454401 0.903053 -0.367277
1.497112 0.870559 -0.353772
1.539568 0.838397 -0.337725
1.521324 0.866925 -0.299341
1.505862 0.915893 -0.285271
1.516404 0.964769 -0.273027
1.553111 0.919779 -0.263565
1.561312 0.861601 -0.255890
1.562765 0.809541 -0.248154
1.558804 0.747408 -0.237656
1.546442 0.676425 -0.223819
1.523585 0.598630 -0.206129
1.489886 0.516473 -0.184270
1.445400 0.432320 -0.158188
1.419008 0.390214 -0.143618
1.389726 0.348479 -0.128088
1.357491 0.307408 -0.111659
1.322297 0.267291 -0.094408
1.284206 0.228416 -0.076421
1.243381 0.191062 -0.057798
1.200136 0.155493 -0.038646
1.154927 0.121944 -0.019078
1.108244 0.090616 0.000790
1.060508 0.061671 0.020844
1.012072 0.035234 0.040977
0.963275 0.011397 0.061089
0.914439 -0.009783 0.081087
0.865796 -0.028278 0.100893
0.817437 -0.044085 0.120438
0.769350 -0.057219 0.139667
0.721506 -0.067710 0.158537
0.673933 -0.075606 0.177018
0.626726 -0.080970 0.195094
0.580022 -0.083886 0.212760
0.488760 -0.082788 0.246901
0.401688 -0.073242 0.279640
0.320617 -0.056306 0.311335
0.247177 -0.033127 0.342480
0.182545 -0.004872 0.373646
0.127279 0.027295 0.405416
0.081379 0.062263 0.438315
0.044514 0.099042 0.472798
0.016225 0.136799 0.509285
-0.004129 0.174849 0.548178
-0.017361 0.212649 0.589843
-0.024363 0.249789 0.634614
-0.026094 0.285972 0.682761
-0.023506 0.320994 0.734427
-0.017542 0.354725 0.789713
-0.009158 0.387100 0.848744
0.000678 0.418108 0.911477
0.512467 0.635354 0.701507
0.461995 0.625727 0.690105
0.409221 0.618913 0.680431
0.354594 0.614967 0.672363
0.298589 0.613870 0.665795
0.241703 0.615544 0.660639
0.184445 0.619870 0.656824
0.127355 0.626689 0.654293
0.071018 0.635809 0.652996
0.016060 0.646996 0.652880
-0.036876 0.659965 0.653888
-0.087154 0.674384 0.655967
-0.177217 0.706034 0.663175
-0.249230 0.738631 0.674275
-0.298985 0.768965 0.688984
-0.326146 0.805386 0.716471
-0.273670 0.835327 0.758446
-0.215707 0.845609 0.779352
-0.144010 0.856196 0.798806
-0.066123 0.869811 0.816095
0.009776 0.888574 0.830968
0.075850 0.913486 0.843625
0.125443 0.944154 0.854666
0.159480 0.997119 0.870335
0.142694 1.050954 0.888669
0.086338 1.097112 0.913776
0.038244 1.121164 0.935690
-0.007965 1.140117 0.962174
-0.053702 1.162049 1.009975
-0.047774 1.182122 1.064311
-0.006467 1.197886 1.101002
0.067077 1.216378 1.135263
0.115782 1.226462 1.150794
0.172077 1.237000 1.164981
0.235549 1.247940 1.177678
0.305694 1.259205 1.188764
0.381945 1.270654 1.198128
0.463685 1.282069 1.205646
0.550270 1.293173 1.211174
0.641029 1.303683 1.214545
0.735279 1.313354 1.215577
0.832328 1.321999 1.214078
0.931476 1.329497 1.209840
1.032020 1.335787 1.202654
1.133268 1.340833 1.192348
1.234547 1.344586 1.178860
1.335210 1.346970 1.162283
1.434654 1.347926 1.142871
1.532319 1.347465 1.120964
1.627696 1.345670 1.096887
1.720325 1.342659 1.070862
1.809793 1.338520 1.042997
1.895737 1.333292 1.013341
1.977843 1.326983 0.981948
2.055853 1.319611 0.948918
2.129573 1.311229 0.914395
2.198881 1.301933 0.878546
2.263740 1.291854 0.841534
-0.330868 1.253795 1.677896
-0.285130 1.259436 1.737003
-0.239506 1.264327 1.792226
-0.194107 1.268680 1.843421
-0.149046 1.272684 1.890490
-0.104427 1.276502 1.933388
-0.060356 1.280273 1.972133
-0.016928 1.284129 2.006796
0.025773 1.288213 2.037497
0.108730 1.297655 2.087553
0.188105 1.309462 2.123045
0.263571 1.323520 2.144479
0.334830 1.339146 2.151648
0.401644 1.355384 2.146212
0.463868 1.371883 2.133352
0.756362 1.354061 1.299870
0.708701 1.319481 1.169359
0.663449 1.294604 1.089862
0.608042 1.271357 1.019145
0.543471 1.251210 0.956745
0.471366 1.234982 0.901826
0.393891 1.223334 0.854952
0.313631 1.216657 0.816619
0.158616 1.221846 0.762025
0.091885 1.231301 0.743539
0.037576 1.244438 0.729935
-0.013821 1.269601 0.717547
0.008411 1.315425 0.708671
0.076676 1.336987 0.704285
0.136146 1.353666 0.698950
0.200700 1.374781 0.690767
0.264100 1.402180 0.679334
0.319758 1.436320 0.664663
0.361580 1.476431 0.647194
0.384678 1.521296 0.627699
0.385422 1.569106 0.607233
0.361467 1.616518 0.587261
0.312723 1.659561 0.569760
0.241636 1.695573 0.557082
0.152767 1.723085 0.551589
0.103563 1.733444 0.552174
0.052352 1.741436 0.555229
0.000084 1.746967 0.560865
-0.052236 1.750018 0.569121
-0.103570 1.750722 0.579958
-0.152867 1.749337 0.593270
-0.241104 1.741411 0.626576
-0.308617 1.728571 0.667032
-0.348189 1.714848 0.711959
-0.344869 1.700686 0.781079
-0.298315 1.697358 0.823799
-0.217280 1.698666 0.860373
-0.164617 1.701035 0.875484
-0.104456 1.704507 0.888037
-0.037367 1.708922 0.897721
0.036016 1.713986 0.904247
0.115018 1.719266 0.907351
0.198931 1.724229 0.906803
0.287021 1.728356 0.902411
0.378551 1.731299 0.894031
0.472802 1.732958 0.881567
0.569067 1.733342 0.864978
0.666637 1.732364 0.844277
0.764805 1.729748 0.819539
0.862883 1.725075 0.790897
0.960225 1.717868 0.758542
1.056245 1.707656 0.722717
1.150415 1.693978 0.683712
1.242256 1.676428 0.641865
1.331330 1.654741 0.597552
1.417241 1.628841 0.551196
1.499636 1.598832 0.503258
1.578207 1.564968 0.454229
1.652691 1.527544 0.404612
1.722861 1.486713 0.354907
1.788520 1.442425 0.305601
1.849494 1.394549 0.257164
1.905642 1.342992 0.210049
1.956869 1.287736 0.164692
2.003130 1.228858 0.121508
2.044437 1.166555 0.080884
2.080866 1.101129 0.043173
2.112548 1.032936 0.008687
1.708345 -0.569065 0.275436
1.659180 -0.598504 0.309360
1.609480 -0.624241 0.342419
1.559500 -0.646401 0.374365
1.509364 -0.665125 0.404979
1.459190 -0.680567 0.434067
1.409219 -0.692896 0.461468
1.359812 -0.702294 0.487050
1.311385 -0.708963 0.510716
1.264389 -0.713120 0.532402
1.176528 -0.714847 0.569736
1.098351 -0.709409 0.599139
1.028857 -0.698627 0.620993
0.967832 -0.684041 0.635834
0.916172 -0.666905 0.644341
0.852794 -0.638592 0.646803
0.804946 -0.609269 0.638935
0.196986 1.321035 1.285407
0.228984 1.350901 1.241222
0.254565 1.383892 1.196092
0.272465 1.418531 1.151133
0.282421 1.453398 1.107323
0.285246 1.488497 1.064848
0.282839 1.523741 1.023336
0.278157 1.556908 0.982817
0.275245 1.600314 0.924600
0.289424 1.635641 0.868593
0.332410 1.666263 0.811609
0.380872 1.686409 0.770814
0.446321 1.705675 0.726073
0.528487 1.722088 0.676130
0.575413 1.728450 0.648927
0.625876 1.733306 0.620151
0.679555 1.736531 0.589778
0.736098 1.737979 0.557804
0.795129 1.737487 0.524246
0.856242 1.734897 0.489131
0.919003 1.730057 0.452495
0.982962 1.722768 0.414389
1.047671 1.712767 0.374877
1.112691 1.699796 0.334052
1.177599 1.683707 0.292042
1.241987 1.664475 0.249009
1.305469 1.642088 0.205152
1.367677 1.616420 0.160705
1.428263 1.587209 0.115941
1.486898 1.554188 0.071169
1.543273 1.517234 0.026726
1.597110 1.476406 -0.017034
1.648165 1.431895 -0.059753
1.696226 1.383976 -0.101082
1.741116 1.332951 -0.140688
1.782682 1.279102 -0.178257
1.820793 1.222666 -0.213502
1.855344 1.163876 -0.246162
1.711371 -0.541103 0.193672
1.552817 -0.636935 0.431734
1.511474 -0.647980 0.489467
1.474660 -0.653685 0.541469
1.443772 -0.655163 0.587519
1.404729 -0.651566 0.645305
1.373050 -0.643478 0.689684
1.342478 -0.629850 0.729056
-0.048585 0.914752 2.171802
-0.014801 0.927976 2.211616
0.031778 0.951240 2.253958
0.321496 1.160419 0.636079
0.287140 1.162497 0.592611
0.239237 1.167966 0.539218
0.202091 1.176346 0.497944
0.180403 1.192095 0.455486
0.210278 1.219310 0.413039
0.256966 1.244489 0.389395
0.317860 1.278454 0.364272
0.361420 1.305891 0.345681
0.403304 1.337230 0.325229
0.439991 1.372238 0.302955
0.468198 1.410505 0.279267
0.485121 1.451610 0.254943
0.484999 1.516344 0.219689
0.466590 1.558490 0.198935
0.433976 1.597855 0.182023
0.388849 1.633644 0.170312
0.333850 1.665061 0.164999
0.272441 1.691282 0.167008
0.208621 1.713377 0.176866
0.146722 1.732630 0.194621
0.091473 1.748522 0.219830
0.047751 1.760810 0.251525
0.012920 1.773238 0.307881
0.023726 1.781205 0.368816
0.059011 1.785921 0.408197
0.117102 1.791249 0.443852
0.197223 1.796495 0.473523
0.297419 1.800534 0.495154
0.354145 1.801618 0.502400
0.414738 1.801726 0.507022
0.478764 1.800533 0.508877
0.545781 1.797709 0.507853
0.615340 1.793065 0.503877
0.686988 1.786604 0.496911
0.760282 1.778452 0.486951
1.136886 1.714545 0.394278
1.211584 1.696719 0.367974
1.285304 1.676568 0.339477
1.357763 1.653550 0.309024
1.428683 1.627342 0.276885
1.497793 1.598037 0.243357
1.564848 1.565991 0.208749
1.629655 1.531324 0.173375
1.692064 1.493819 0.137559
1.751961 1.453352 0.101635
1.809256 1.409983 0.065936
1.863880 1.363789 0.030788
1.915799 1.314783 -0.003495
1.965047 1.262916 -0.036611
2.011764 1.208118 -0.068270
2.056206 1.150352 -0.098199
2.098711 1.089618 -0.126145
0.301259 1.399877 1.095761
0.334771 1.428688 1.051859
0.366099 1.460512 1.007284
0.394025 1.494433 0.961802
0.417618 1.529685 0.915214
0.436445 1.565656 0.867424
0.450651 1.601626 0.818682
0.461009 1.637347 0.769622
0.476087 1.705683 0.672416
0.484781 1.734987 0.624474
0.497304 1.760913 0.576966
0.558332 1.811196 0.458544
0.598576 1.823999 0.409792
0.649094 1.832689 0.359150
0.709690 1.837963 0.306022
0.779932 1.838662 0.249973
0.858998 1.831285 0.190802
0.901368 1.824270 0.160061
0.945315 1.815190 0.128591
0.990603 1.804129 0.096444
1.037007 1.791077 0.063695
1.180691 1.739081 -0.037095
1.229341 1.717237 -0.071111
1.278016 1.692978 -0.105105
1.326515 1.666064 -0.138930
1.374645 1.636396 -0.172433
1.422231 1.604086 -0.205460
1.469129 1.569258 -0.237864
1.515239 1.531965 -0.269498
1.560503 1.492277 -0.300222
1.604890 1.450283 -0.329900
1.648372 1.405842 -0.358400
1.690882 1.358536 -0.385583
1.732313 1.308106 -0.411292
1.920825 0.322953 1.309565
1.860148 0.348991 1.326603
1.804825 0.361536 1.336575
1.737190 0.370480 1.344491
1.655376 0.376356 1.351411
1.560192 0.380012 1.358518
1.508371 0.381293 1.362278
1.453938 0.382367 1.366227
1.396650 0.383365 1.370394
1.335994 0.384430 1.374795
1.271615 0.385712 1.379424
1.203608 0.387363 1.384242
1.132387 0.389519 1.389193
1.058435 0.392305 1.394249
0.982208 0.395826 1.399446
0.904192 0.400167 1.404901
0.824971 0.405390 1.410802
0.745133 0.411531 1.417359
0.665077 0.418599 1.424709
0.585043 0.426583 1.432869
0.505335 0.435441 1.441754
0.426411 0.445103 1.451230
0.348765 0.455464 1.461169
0.272794 0.466393 1.471478
0.198756 0.477734 1.482116
0.126821 0.489309 1.493102
0.057181 0.500930 1.504515
-0.009930 0.512405 1.516477
-0.074268 0.523547 1.529120
-0.135559 0.534175 1.542536
-0.193486 0.544114 1.556721
-0.247722 0.553186 1.571569
-0.297961 0.561212 1.586884
-0.385445 0.573436 1.617962
-0.454217 0.579607 1.648392
-0.503111 0.579110 1.677428
-0.538666 0.566344 1.716866
-0.323443 0.474181 1.830030
-0.239018 0.468486 1.841804
-0.145998 0.471251 1.851678
-0.046956 0.483863 1.860380
0.004025 0.494234 1.863704
0.055584 0.507476 1.865965
0.107450 0.523669 1.867159
0.159360 0.542863 1.867483
0.211060 0.565071 1.867107
0.262320 0.590274 1.866013
0.312944 0.618429 1.863982
0.362751 0.649462 1.860714
0.411546 0.683273 1.855964
0.459145 0.719742 1.849595
0.505394 0.758739 1.841531
0.674509 0.936937 1.793177
0.712458 0.986100 1.777244
0.748592 1.036642 1.759100
0.782886 1.088319 1.738438
0.815331 1.140909 1.715352
0.845930 1.194208 1.690121
0.874706 1.248020 1.662957
0.901692 1.302143 1.633909
0.926927 1.356374 1.602828
0.950458 1.410510 1.569404
0.972340 1.464345 1.533357
0.992628 1.517674 1.494620
1.011362 1.570307 1.453289
1.028573 1.622101 1.409420
1.044294 1.672980 1.362909
1.058564 1.722925 1.313598
1.071428 1.771934 1.261438
1.082922 1.819981 1.206544
1.093074 1.866978 1.149168
1.101912 1.912770 1.089625
-0.591591 0.460388 0.089273
-0.538344 0.514044 0.136295
-0.480609 0.562658 0.184988
-0.418872 0.606108 0.234870
-0.353630 0.644334 0.285453
-0.285388 0.677326 0.336262
-0.214660 0.705121 0.386841
-0.141951 0.727802 0.436768
-0.067727 0.745497 0.485657
0.007594 0.758365 0.533174
0.083642 0.766583 0.579038
0.160088 0.770339 0.623027
0.236620 0.769824 0.664965
0.312936 0.765237 0.704706
0.388734 0.756781 0.742132
0.463719 0.744665 0.777147
0.537613 0.729102 0.809690
0.610150 0.710303 0.839743
0.681076 0.688482 0.867331
0.750139 0.663850 0.892511
0.817095 0.636617 0.915364
0.881714 0.606981 0.935979
0.943773 0.575125 0.954468
1.003044 0.541238 0.970964
1.112275 0.468211 0.998605
1.161779 0.429515 1.010079
1.207602 0.389655 1.020194
1.249563 0.348850 1.029091
1.287492 0.307334 1.036904
1.321239 0.265352 1.043763
1.350688 0.223121 1.049796
1.396361 0.138610 1.059916
1.424047 0.055013 1.068278
1.433465 -0.026570 1.075684
1.424467 -0.105155 1.082531
1.397135 -0.179795 1.088803
1.351818 -0.249624 1.094258
1.289304 -0.313731 1.098575
1.210756 -0.370904 1.101443
1.165825 -0.396484 1.102288
1.117230 -0.419873 1.102752
1.064890 -0.440951 1.102859
1.008598 -0.459588 1.102641
0.948082 -0.475632 1.102105
0.883069 -0.488912 1.101149
0.813397 -0.499238 1.099563
0.739130 -0.506419 1.097153
0.660565 -0.510270 1.093872
0.578149 -0.510625 1.089795
0.492383 -0.507329 1.084998
0.403770 -0.500243 1.079503
0.312782 -0.489256 1.073328
0.219849 -0.474293 1.066553
0.125376 -0.455325 1.059336
0.029782 -0.432372 1.051903
-0.066461 -0.405499 1.044546
-0.162812 -0.374828 1.037600
-0.258662 -0.340546 1.031415
-0.074656 -0.176251 1.655857
0.013125 -0.157582 1.653267
0.099721 -0.132738 1.651917
0.184592 -0.101820 1.652024
0.267214 -0.064983 1.653760
0.347106 -0.022432 1.657229
0.423838 0.025587 1.662516
0.497047 0.078787 1.669662
0.566436 0.136847 1.678514
0.892420 0.565638 1.743277
0.931042 0.646587 1.753738
0.965246 0.729100 1.763782
0.995143 0.812741 1.773277
1.020879 0.897073 1.782079
1.042621 0.981682 1.790036
1.060563 1.066206 1.796958
1.074911 1.150336 1.802602
1.085879 1.233797 1.806704
1.093678 1.316320 1.809045
1.098517 1.397632 1.809484
1.100602 1.477466 1.807920
1.100142 1.555562 1.804114
1.097349 1.631672 1.797611
1.092437 1.705563 1.787945
1.085625 1.777021 1.774858
1.077139 1.845868 1.758284
1.067212 1.911961 1.738221
1.056088 1.975203 1.714701
1.044013 2.035552 1.687814
1.205692 1.338614 -0.764693
1.242304 1.326658 -0.708633
1.271971 1.321468 -0.652144
1.293863 1.323583 -0.596872
1.306439 1.328015 -0.543728
1.309968 1.329452 -0.492834
1.305751 1.327013 -0.428247
1.300015 1.319251 -0.367072
1.302212 1.310305 -0.309075
1.315180 1.307053 -0.254364
1.339661 1.306913 -0.203449
1.365320 1.306497 -0.156303
1.388343 1.321192 -0.100887
1.404563 1.342558 -0.046808
1.430623 1.360636 0.006320
1.466938 1.356047 0.047138
1.501092 1.332434 0.076372
1.535275 1.288905 0.104719
1.565592 1.224699 0.132766
1.577781 1.168927 0.151900
1.580244 1.101723 0.172107
1.572462 1.022867 0.194035
1.554312 0.934519 0.218185
1.541314 0.887928 0.231190
1.525601 0.840341 0.244837
1.507037 0.792106 0.259129
1.485494 0.743442 0.274050
1.460945 0.694473 0.289569
1.433509 0.645289 0.305636
1.403410 0.596009 0.322185
1.370871 0.546812 0.339135
1.335970 0.497938 0.356397
1.298511 0.449679 0.373877
1.258043 0.402368 0.391481
1.214095 0.356365 0.409121
1.166459 0.312036 0.426701
1.115280 0.269721 0.444118
1.060922 0.229720 0.461259
1.003765 0.192285 0.478011
0.944092 0.157635 0.494275
0.882113 0.125964 0.509976
0.818027 0.097458 0.525068
0.752034 0.072298 0.539532
0.684320 0.050653 0.553374
0.615082 0.032688 0.566623
0.544606 0.018551 0.579329
0.473288 0.008359 0.591563
0.401599 0.002181 0.603418
0.330017 0.000053 0.615004
0.258986 0.001973 0.626450
0.188918 0.007897 0.637898
0.120224 0.017738 0.649506
0.053336 0.031381 0.661453
-0.011310 0.048679 0.673932
-0.073315 0.069453 0.687156
-0.132361 0.093487 0.701367
-0.188177 0.120537 0.716834
-0.240529 0.150322 0.733844
-0.289236 0.182540 0.752668
-0.334197 0.216876 0.773526
-0.375367 0.253010 0.796569
-0.049864 1.022235 1.874474
-0.053467 1.070294 1.892698
0.016565 1.091286 1.902036
0.089275 1.110857 1.909564
0.182733 1.135482 1.917743
0.236866 1.149866 1.921243
0.295612 1.165651 1.924497
0.358674 1.182743 1.927671
0.425713 1.200966 1.930454
0.496357 1.220111 1.932231
0.570211 1.240014 1.932425
0.646870 1.260597 1.930668
0.725924 1.281879 1.926824
0.806973 1.303936 1.920842
0.889622 1.326844 1.912541
0.973490 1.350632 1.901553
1.058204 1.375270 1.887565
1.143410 1.400706 1.870569
1.228772 1.426896 1.850838
1.313981 1.453777 1.828645
1.398747 1.481173 1.804001
1.482793 1.508722 1.776647
1.565852 1.535960 1.746151
1.647660 1.562499 1.711943
1.727969 1.588115 1.673588
1.806552 1.612690 1.631048
0.341535 0.251551 2.274350
0.496493 0.394515 2.282651
0.543881 0.448816 2.283394
0.588878 0.505944 2.282984
0.631356 0.565519 2.281320
0.671217 0.627123 2.278387
0.708392 0.690332 2.274204
0.742840 0.754711 2.268604
0.774547 0.819806 2.261103
0.803524 0.885147 2.250868
0.829798 0.950277 2.236741
0.853423 1.014773 2.217613
0.334892 1.198706 -0.442056
0.283170 1.192544 -0.428297
0.222302 1.191270 -0.394599
0.186887 1.195262 -0.348404
0.181701 1.204810 -0.293474
0.208874 1.219903 -0.233765
0.244552 1.232200 -0.193253
0.292824 1.246159 -0.153464
0.351480 1.262543 -0.115382
0.417576 1.283109 -0.079819
0.487507 1.309707 -0.047388
0.557007 1.343366 -0.018451
0.621525 1.383902 0.006918
0.676753 1.430757 0.028963
0.718743 1.483012 0.048265
0.743875 1.539013 0.065767
0.749124 1.596844 0.082801
0.732690 1.654660 0.101051
0.694239 1.710463 0.122454
0.635018 1.762318 0.149045
0.557779 1.808740 0.182767
0.513622 1.829438 0.202833
0.466580 1.848200 0.225263
0.417349 1.864889 0.250183
0.366702 1.879442 0.277676
0.315482 1.891871 0.307776
0.264591 1.902295 0.340466
0.214965 1.910976 0.375676
0.167539 1.918278 0.413287
0.123218 1.924521 0.453130
0.082858 1.929824 0.494992
0.047238 1.934104 0.538616
0.017049 1.937242 0.583705
-0.007129 1.939265 0.629928
-0.024844 1.940358 0.676929
-0.039780 1.940872 0.771788
-0.027147 1.941154 0.865339
0.011213 1.943267 0.954814
0.038937 1.945409 0.997256
0.071638 1.948440 1.037820
0.108784 1.952445 1.076284
0.149866 1.957413 1.112456
0.194362 1.963255 1.146166
0.241709 1.969990 1.177264
0.291302 1.977963 1.205626
0.342512 1.987671 1.231153
0.394712 1.999173 1.253769
0.447297 2.011914 1.273416
0.499691 2.025353 1.290053
0.551361 2.039517 1.303664
0.601831 2.054849 1.314258
0.650693 2.071645 1.321866
0.697624 2.089729 1.326530
0.784749 2.128313 1.327208
0.861778 2.169628 1.316702
0.927948 2.214733 1.295586
0.983276 2.265296 1.264919
-0.813915 0.274485 0.233731
-0.784739 0.305450 0.263752
-0.754116 0.334940 0.294680
-0.722085 0.363039 0.326435
-0.688659 0.389821 0.358939
-0.653828 0.415355 0.392118
-0.617569 0.439697 0.425901
-0.579858 0.462898 0.460218
-0.540686 0.484998 0.495003
-0.500068 0.506031 0.530194
-0.458057 0.526027 0.565736
-0.414746 0.545012 0.601576
-0.370263 0.563012 0.637668
-0.324769 0.580055 0.673974
-0.278449 0.596174 0.710459
-0.231505 0.611407 0.747100
-0.184153 0.625800 0.783877
-0.136614 0.639406 0.820767
-0.089113 0.652285 0.857748
-0.041868 0.664506 0.894802
0.004914 0.676143 0.931918
0.051044 0.687275 0.969090
0.096351 0.697983 1.006325
0.140692 0.708348 1.043629
0.183950 0.718448 1.081009
0.226041 0.728358 1.118463
0.266907 0.738147 1.155973
0.306522 0.747874 1.193509
0.344890 0.757592 1.231041
0.382041 0.767346 1.268542
0.418034 0.777169 1.305986
0.452954 0.787091 1.343318
0.486909 0.797134 1.380447
0.520029 0.807313 1.417269
0.584402 0.828143 1.489853
1.002672 0.978251 1.872149
1.045699 0.994442 1.897831
1.090413 1.011598 1.921935
1.136801 1.029823 1.943732
1.184822 1.049189 1.962631
1.234397 1.069707 1.978331
1.285418 1.091322 1.990640
1.337743 1.113921 1.999327
1.391209 1.137356 2.004103
1.445639 1.161457 2.004569
1.500866 1.186020 2.000187
1.556742 1.210835 1.990368
1.613149 1.235715 1.974589
1.669988 1.260480 1.952432
1.727172 1.284899 1.923572
0.112795 -0.251389 0.656742
0.170017 -0.221206 0.657941
0.224000 -0.188638 0.660822
0.274693 -0.153904 0.665430
0.322080 -0.117221 0.671797
0.366173 -0.078803 0.679920
0.407016 -0.038857 0.689764
0.444677 0.002415 0.701297
0.479249 0.044825 0.714535
0.510842 0.088195 0.729529
0.539584 0.132362 0.746342
0.565615 0.177176 0.765024
0.589089 0.222501 0.785593
0.610165 0.268217 0.808037
0.629010 0.314213 0.832319
0.645788 0.360393 0.858389
0.660666 0.406671 0.886194
0.673806 0.452972 0.915694
0.685369 0.499229 0.946853
0.695512 0.545387 0.979647
0.704388 0.591397 1.014057
0.712142 0.637220 1.050074
0.718915 0.682823 1.087704
0.724843 0.728183 1.126952
-0.462445 0.269045 -0.312999
-0.412829 0.284963 -0.283237
-0.358839 0.299415 -0.253709
-0.301634 0.312902 -0.224512
-0.242418 0.325920 -0.195722
-0.182410 0.338939 -0.167395
-0.122819 0.352372 -0.139568
-0.064819 0.366559 -0.112260
-0.009518 0.381756 -0.085477
0.042078 0.398127 -0.059207
0.089084 0.415742 -0.033430
0.130752 0.434581 -0.008109
0.195869 0.475458 0.041365
0.234842 0.519223 0.089727
0.247921 0.563750 0.137652
0.237890 0.606838 0.185907
0.209804 0.646655 0.235260
0.170497 0.682056 0.286355
0.127665 0.712713 0.339603
0.088829 0.739021 0.395125
0.060392 0.761858 0.452748
0.046923 0.782291 0.512061
0.059377 0.810613 0.602929
0.088985 0.829106 0.663854
0.132945 0.848026 0.724370
0.187616 0.867957 0.784013
0.248805 0.889545 0.842506
0.312297 0.913530 0.899819
0.374276 0.940659 0.956174
0.431683 0.971626 1.012003
0.482457 1.007226 1.067819
0.525614 1.048115 1.124091
0.561145 1.094214 1.181178
0.589753 1.145108 1.239292
0.612553 1.200480 1.298392
0.630826 1.259620 1.358243
0.645838 1.321688 1.418623
0.658725 1.386607 1.479275
0.670501 1.454633 1.539427
0.682088 1.525107 1.597347
0.694320 1.596626 1.651386
0.707970 1.668035 1.698852
0.723755 1.738596 1.735858
0.742235 1.808160 1.760643
0.763653 1.877468 1.770945
0.787890 1.947197 1.762734
0.814911 2.016494 1.732781
-0.549788 -0.254439 0.166092
-0.501808 -0.212229 0.187282
-0.452438 -0.172479 0.210665
-0.403219 -0.134247 0.236005
-0.354831 -0.096782 0.263116
-0.307203 -0.059560 0.291866
-0.259705 -0.022276 0.322167
-0.211396 0.015184 0.353962
-0.161268 0.052785 0.387208
-0.108460 0.090380 0.421863
-0.052446 0.127760 0.457880
0.037619 0.182940 0.514355
0.100922 0.218884 0.553570
0.165703 0.254073 0.594010
0.230738 0.288571 0.635693
0.294785 0.322547 0.678663
0.356741 0.356247 0.722956
0.415763 0.389937 0.768589
0.471321 0.423849 0.815542
0.523192 0.458137 0.863714
0.571411 0.492845 0.913036
0.616213 0.527917 0.963693
0.657976 0.563223 1.015926
0.716079 0.616231 1.096535
0.752775 0.651331 1.151129
0.788808 0.686086 1.206397
0.825132 0.720472 1.262130
0.862756 0.754568 1.317705
0.902663 0.788553 1.372175
0.945709 0.822659 1.424303
0.992525 0.857131 1.473688
1.043440 0.892173 1.520237
1.098470 0.927870 1.562057
1.157370 0.964139 1.595820
1.219724 1.000885 1.618502
1.284987 1.038167 1.628393
1.352527 1.075779 1.624337
1.421885 1.112880 1.605753
1.493207 1.148674 1.572373
1.566671 1.182404 1.523634
1.604114 1.198073 1.493525
1.642171 1.212651 1.459846
1.681025 1.225923 1.422887
1.720542 1.237668 1.382885
1.760154 1.247595 1.339981
1.799230 1.255290 1.294277
1.837536 1.260243 1.245891
1.875339 1.261939 1.194946
1.913116 1.259965 1.141511
1.951096 1.254045 1.085638
1.989010 1.244001 1.027487
1.631076 -0.473081 0.483468
1.537200 -0.527638 0.518273
1.438067 -0.576650 0.553060
1.334201 -0.619865 0.587204
1.225781 -0.657071 0.620119
1.112807 -0.688083 0.651262
0.995463 -0.712752 0.680145
0.874309 -0.730974 0.706353
0.750177 -0.742696 0.729553
0.623993 -0.747919 0.749512
0.496663 -0.746700 0.766100
0.369007 -0.739158 0.779291
0.241748 -0.725467 0.789160
0.115514 -0.705859 0.795878
-0.009163 -0.680619 0.799703
-0.131795 -0.650077 0.800965
-0.251891 -0.614610 0.800059
-0.368943 -0.574643 0.797428
-0.453963 -0.193764 1.202017
-0.374616 -0.198383 1.202274
-0.296904 -0.198275 1.202642
-0.221361 -0.193437 1.203267
-0.148446 -0.183943 1.204315
-0.078550 -0.169934 1.205965
-0.012016 -0.151608 1.208385
0.050846 -0.129205 1.211729
0.109765 -0.102996 1.216131
0.164527 -0.073273 1.221703
0.214984 -0.040341 1.228530
0.261047 -0.004519 1.236651
0.302684 0.033871 1.246055
0.339917 0.074498 1.256715
0.372820 0.117030 1.268634
0.401512 0.161139 1.281880
0.426153 0.206510 1.296588
0.446934 0.252848 1.312941
0.464067 0.299881 1.331135
0.477778 0.347365 1.351334
0.488304 0.395079 1.373647
0.500781 0.490419 1.424836
0.503232 0.537706 1.453704
0.503495 0.584543 1.484598
0.501821 0.630805 1.517310
0.498461 0.676389 1.551673
0.493654 0.721207 1.587603
0.487632 0.765191 1.625052
1.625511 -0.411362 -0.031712
1.641293 -0.419599 0.038425
1.658505 -0.421628 0.107269
1.676800 -0.417263 0.174155
1.695506 -0.406372 0.238437
1.713968 -0.388883 0.299512
1.732037 -0.364777 0.356855
1.750472 -0.334134 0.410067
1.769499 -0.297170 0.458889
1.788933 -0.254265 0.503191
1.805906 -0.205996 0.542965
1.818159 -0.153186 0.578328
1.827134 -0.096912 0.609551
1.835569 -0.038444 0.637047
1.846103 0.020837 0.661314
1.858785 0.079498 0.682872
1.870076 0.136072 0.702234
1.876194 0.189038 0.719921
1.876840 0.236906 0.736459
1.872761 0.296389 0.760139
1.862727 0.348142 0.791317
1.834252 0.361383 0.840061
1.803788 0.330529 0.876792
1.779301 0.291054 0.906171
1.760587 0.241289 0.937639
1.749853 0.184533 0.970642
1.746993 0.123857 1.004130
1.752522 0.061919 1.038702
1.757012 0.000642 1.072681
1.750493 -0.057934 1.104277
1.727024 -0.111943 1.135415
1.685986 -0.160793 1.166350
1.648251 -0.190341 1.186311
1.601180 -0.217323 1.205484
1.544449 -0.241666 1.223460
1.477849 -0.263363 1.239985
1.400483 -0.282159 1.255580
1.309920 -0.297374 1.270845
1.259072 -0.303369 1.278307
1.204438 -0.308140 1.285516
1.146092 -0.311582 1.292346
1.084098 -0.313595 1.298678
1.018478 -0.314079 1.304427
0.949294 -0.312935 1.309538
0.876732 -0.310070 1.313988
0.801100 -0.305399 1.317779
0.722765 -0.298851 1.320947
0.642088 -0.290371 1.323566
0.559347 -0.279918 1.325763
0.474710 -0.267470 1.327726
0.388310 -0.253021 1.329667
0.300382 -0.236587 1.331751
0.211329 -0.218216 1.334057
0.121694 -0.198001 1.336581
0.032092 -0.176081 1.339292
-0.056859 -0.152638 1.342184
-0.144592 -0.127887 1.345313
-0.230614 -0.102080 1.348810
-0.314496 -0.075496 1.352862
-0.395851 -0.048450 1.357685
-0.474306 -0.021284 1.363472
-0.549492 0.005633 1.370363
-0.621026 0.031910 1.378435
-0.417942 -0.090995 1.649893
-0.346124 -0.092848 1.653445
-0.125158 -0.073659 1.662958
0.092435 -0.015862 1.670627
0.293316 0.077939 1.680295
0.467191 0.200415 1.689616
0.517956 0.245903 1.691815
0.564833 0.293065 1.693585
0.607725 0.341513 1.695023
0.646595 0.390874 1.696243
0.681444 0.440795 1.697341
0.712316 0.490937 1.698316
0.739282 0.540978 1.698934
0.762440 0.590605 1.698715
0.781901 0.639509 1.697114
0.797792 0.687389 1.693770
0.819410 0.779001 1.681728
0.828492 0.863675 1.664760
0.826270 0.940315 1.645777
0.813932 1.008278 1.623018
0.792701 1.067241 1.594859
0.763765 1.117197 1.562633
0.728194 1.158388 1.526627
0.686928 1.191318 1.486339
0.640842 1.216817 1.443271
0.590992 1.236072 1.399997
0.538520 1.250508 1.357479
0.484403 1.261485 1.315169
0.429567 1.269926 1.274090
0.223820 1.295089 1.144872
0.181820 1.305831 1.119658
0.131333 1.324968 1.087140
0.095129 1.352514 1.051557
0.110301 1.389335 1.011217
0.152492 1.413330 0.986577
0.216286 1.445978 0.956379
0.267983 1.474847 0.931530
0.324188 1.508621 0.902333
0.382060 1.545530 0.868283
0.511947 1.653890 0.759517
0.576228 1.784181 0.624329
0.573587 1.836991 0.568321
0.552562 1.886627 0.514062
0.513034 1.932513 0.463728
0.455793 1.975795 0.419349
0.382549 2.013540 0.382755
0.071660 2.050291 0.708134
0.141998 2.052486 0.709523
0.216697 2.054548 0.706824
0.295248 2.056143 0.699889
0.377135 2.056880 0.688627
0.461827 2.056477 0.673002
0.548781 2.054989 0.653021
0.637449 2.052413 0.628728
0.727277 2.048601 0.600192
0.817721 2.043251 0.567520
0.908268 2.035593 0.530864
0.998442 2.024599 0.490440
1.087797 2.009583 0.446535
1.175903 1.990399 0.399493
1.262341 1.967218 0.349708
1.346716 1.940216 0.297610
1.428667 1.909391 0.243660
1.507875 1.874778 0.188345
1.584066 1.836692 0.132157
0.146396 0.401130 0.484703
0.210048 0.409351 0.521928
0.275594 0.415175 0.558338
0.342640 0.418729 0.593729
0.410783 0.420157 0.627911
0.479610 0.419619 0.660722
0.548706 0.417284 0.692024
0.617668 0.413324 0.721712
0.686103 0.407907 0.749725
0.753629 0.401201 0.776040
0.819877 0.393366 0.800667
0.884500 0.384549 0.823641
1.007579 0.364514 0.864860
1.065434 0.353539 0.883234
1.120453 0.342074 0.900202
1.172370 0.330223 0.915827
1.220938 0.318075 0.930178
1.307161 0.293166 0.955307
1.377623 0.267788 0.976309
1.431245 0.242209 0.994222
1.478713 0.203723 1.015894
1.478727 0.152781 1.037720
1.344677 0.083149 1.068846
1.267659 0.064491 1.080267
1.178477 0.049836 1.093215
1.080013 0.040087 1.107773
1.026982 0.037271 1.115489
0.970943 0.035921 1.123483
0.911900 0.036098 1.131803
0.850106 0.037853 1.140476
0.785879 0.041225 1.149499
0.719568 0.046232 1.158897
0.651592 0.052874 1.168730
0.582454 0.061135 1.179057
0.512705 0.070970 1.189859
0.442895 0.082299 1.201009
0.373547 0.095002 1.212331
0.305152 0.108923 1.223747
0.238167 0.123875 1.235350
0.173023 0.139652 1.247356
0.110132 0.156036 1.259992
0.049904 0.172799 1.273427
-0.007241 0.189710 1.287778
-0.156057 0.238950 1.336803
-0.232695 0.268298 1.373549
-0.288086 0.293195 1.412012
-0.319987 0.312919 1.451012
-0.321131 0.333489 1.508172
-0.266808 0.347768 1.563411
-0.202421 0.357891 1.600448
-0.118709 0.372130 1.637676
-0.070702 0.381848 1.655999
-0.019259 0.393850 1.673871
0.035085 0.408518 1.691188
0.091779 0.426200 1.707975
0.150249 0.447216 1.724369
0.209904 0.471846 1.740567
0.270133 0.500322 1.756766
0.330326 0.532813 1.773124
0.389883 0.569417 1.789744
0.448236 0.610164 1.806640
0.504853 0.655022 1.823724
0.559249 0.703897 1.840857
0.610972 0.756637 1.857896
0.659610 0.813038 1.874667
0.704804 0.872842 1.890893
0.746256 0.935743 1.906179
0.783710 1.001385 1.920121
0.816947 1.069373 1.932436
0.845789 1.139284 1.943048
0.870117 1.210683 1.952098
0.889877 1.283145 1.959870
0.905068 1.356266 1.966614
0.915718 1.429666 1.972407
0.921869 1.502979 1.977104
0.923590 1.575843 1.980401
0.920974 1.647899 1.981935
0.914140 1.718789 1.981388
0.903223 1.788171 1.978602
0.888367 1.855724 1.973637
2.300099 0.162607 0.832819
2.248878 0.114614 0.838160
2.191479 0.066612 0.845653
2.127856 0.019005 0.855165
2.057778 -0.027805 0.866514
1.980976 -0.073406 0.879467
1.897289 -0.117375 0.893747
1.806714 -0.159279 0.909043
1.709411 -0.198687 0.925025
1.605848 -0.235180 0.941352
1.496835 -0.268379 0.957685
1.383144 -0.297949 0.973699
1.264973 -0.323567 0.989083
1.141950 -0.344909 1.003551
1.013929 -0.361654 1.016844
0.881555 -0.373517 1.028755
0.745861 -0.380272 1.039148
0.607778 -0.381767 1.047962
0.468189 -0.377931 1.055216
0.328147 -0.368780 1.060994
0.188792 -0.354423 1.065443
0.051078 -0.335063 1.068754
-0.084275 -0.310997 1.071158
-0.216627 -0.282610 1.072925
-0.345278 -0.250373 1.074374
-0.469481 -0.214845 1.075867
-0.588550 -0.176664 1.077797
-0.701903 -0.136538 1.080560
-0.498694 -0.224667 1.398504
-0.392868 -0.231509 1.396973
-0.284854 -0.231814 1.396288
-0.175543 -0.225228 1.396660
-0.065850 -0.211504 1.398190
0.043306 -0.190504 1.400890
0.151034 -0.162207 1.404697
0.256498 -0.126705 1.409505
0.358944 -0.084200 1.415191
0.457708 -0.034987 1.421616
0.552221 0.020565 1.428622
0.642009 0.082035 1.436037
0.726691 0.148962 1.443717
0.805969 0.220856 1.451565
0.879631 0.297197 1.459527
0.947553 0.377444 1.467541
1.009685 0.461044 1.475484
1.066038 0.547435 1.483151
1.116684 0.636056 1.490276
1.161749 0.726354 1.496579
1.201408 0.817783 1.501784
1.235868 0.909817 1.505621
1.265348 1.001953 1.507811
1.290075 1.093708 1.508110
1.310300 1.184634 1.506357
1.326307 1.274316 1.502499
1.338411 1.362380 1.496534
1.346947 1.448492 1.488447
1.352261 1.532352 1.478165
1.354708 1.613693 1.465579
1.354651 1.692283 1.450579
1.320618 2.097440 1.308517
1.312123 2.153146 1.275537
1.303499 2.205463 1.239331
-0.447446 -0.308828 0.247534
-0.462149 -0.232449 0.256095
-0.467059 -0.157444 0.270426
-0.463479 -0.084524 0.290822
-0.452726 -0.014262 0.317401
-0.436126 0.052918 0.350137
-0.414993 0.116731 0.388880
-0.390573 0.176995 0.433376
-0.364035 0.233625 0.483293
-0.336461 0.286639 0.538290
-0.308819 0.336133 0.598156
-0.281935 0.382259 0.662798
-0.256477 0.425212 0.731964
-0.232928 0.465212 0.805347
0.269901 0.818083 2.041568
0.309742 0.825920 2.073170
0.350686 0.833829 2.102222
0.434865 0.850060 2.150327
0.520325 0.867024 2.185116
0.605008 0.884503 2.208193
0.687128 0.901960 2.217404
0.765366 0.919295 2.209477
0.838996 0.936490 2.184204
0.907810 0.952814 2.144305
1.008768 0.162082 0.975910
0.952964 0.132455 0.979984
0.892743 0.105764 0.985596
0.828230 0.082269 0.992456
0.759518 0.062224 1.000261
0.686744 0.045866 1.008723
0.610134 0.033394 1.017578
0.530006 0.024970 1.026612
0.446744 0.020710 1.035674
0.360767 0.020677 1.044682
0.272504 0.024876 1.053605
0.182397 0.033257 1.062455
0.090904 0.045719 1.071265
-0.001434 0.062106 1.080074
-0.093964 0.082196 1.088923
-0.185959 0.105682 1.097857
-0.276661 0.132173 1.106944
-0.365317 0.161197 1.116307
-0.451203 0.192216 1.126126
-0.533631 0.224625 1.136627
-0.642705 0.218416 1.590992
-0.584298 0.194309 1.603278
-0.526491 0.172813 1.614840
-0.470315 0.154268 1.625895
-0.416727 0.138885 1.636529
-0.366550 0.126750 1.646691
-0.278869 0.112007 1.665153
-0.210529 0.108670 1.681227
-0.162403 0.114337 1.696313
-0.119310 0.141651 1.730027
-0.283691 0.457682 -0.598826
-0.324387 0.484774 -0.562296
-0.360573 0.512390 -0.524837
-0.392077 0.540096 -0.486478
-0.418750 0.567492 -0.447262
-0.440457 0.594215 -0.407241
-0.457090 0.619948 -0.366473
-0.474943 0.667397 -0.282994
-0.472271 0.708234 -0.197548
-0.449521 0.741676 -0.111085
-0.407644 0.767825 -0.024731
-0.379985 0.778442 0.018037
-0.348187 0.787675 0.060344
-0.312575 0.795775 0.102058
-0.273530 0.803030 0.143065
-0.231483 0.809756 0.183265
-0.186914 0.816288 0.222577
-0.140351 0.822966 0.260941
-0.092372 0.830128 0.298315
-0.043585 0.838096 0.334676
0.005377 0.847162 0.370021
0.053866 0.857581 0.404365
0.101225 0.869562 0.437739
0.146816 0.883258 0.470187
0.190030 0.898769 0.501771
0.230303 0.916137 0.532562
0.267128 0.935347 0.562648
0.328745 0.978922 0.621098
0.372166 1.028266 0.678030
0.395867 1.081634 0.734523
0.399828 1.136856 0.791793
0.355696 1.243913 0.913679
0.313686 1.292478 0.980626
0.263503 1.336364 1.052885
0.236668 1.356352 1.091242
0.209378 1.374940 1.131185
0.182139 1.392047 1.172776
0.155432 1.407614 1.216055
0.129695 1.421635 1.261046
0.105315 1.434163 1.307747
0.082620 1.445291 1.356133
0.061880 1.455142 1.406162
0.043304 1.463870 1.457778
0.027043 1.471658 1.510917
0.013189 1.478710 1.565512
0.001780 1.485214 1.621493
-0.007201 1.491308 1.678749
-0.013818 1.497093 1.737107
-0.018174 1.502669 1.796375
0.674093 -0.870206 0.444162
0.664316 -0.809331 0.492854
0.663813 -0.745128 0.535420
0.671117 -0.678005 0.572685
0.684656 -0.608394 0.605411
0.702777 -0.536721 0.634298
0.723839 -0.463395 0.659986
0.746368 -0.388855 0.683067
0.769202 -0.313625 0.704100
0.791605 -0.238353 0.723629
0.813375 -0.163760 0.742198
0.834884 -0.090554 0.760345
0.857001 -0.019341 0.778595
0.880920 0.049436 0.797424
0.907938 0.115537 0.817240
0.939243 0.178937 0.838379
0.975699 0.239835 0.861123
1.017568 0.298653 0.885725
1.089167 0.384434 0.926549
1.140735 0.441266 0.956601
1.193202 0.499015 0.989158
1.244683 0.558773 1.024635
1.293763 0.621580 1.063589
1.339998 0.688315 1.106334
1.383752 0.759611 1.152556
1.425124 0.835792 1.201387
1.444838 0.875723 1.226533
-0.861610 0.364383 0.255780
-0.806122 0.385235 0.328845
-0.748390 0.405239 0.401865
-0.687847 0.424820 0.474812
-0.624540 0.444203 0.547726
-0.559051 0.463467 0.620687
-0.525773 0.473056 0.657217
-0.492312 0.482613 0.693796
-0.458794 0.492138 0.730431
-0.425336 0.501632 0.767131
-0.392047 0.511102 0.803907
-0.359022 0.520556 0.840770
-0.326351 0.530010 0.877737
-0.294117 0.539483 0.914821
-0.231241 0.558580 0.989372
-0.170850 0.578060 1.064440
-0.113200 0.598154 1.140009
-0.058341 0.619074 1.216078
-0.006145 0.640985 1.292442
0.043673 0.664002 1.368725
0.354747 0.846459 1.848211
0.410040 0.881587 1.914519
0.469396 0.919501 1.975382
0.533005 0.960463 2.027016
0.600776 1.004588 2.067485
0.672408 1.051884 2.095096
0.747495 1.102258 2.106610
0.825639 1.155366 2.101317
0.906530 1.210278 2.080608
0.947937 1.238002 2.063316
0.989957 1.265632 2.040413
1.032568 1.292912 2.011056
1.075754 1.319567 1.974662
-0.602067 -0.109341 0.896335
-0.544645 -0.115032 0.901629
-0.488472 -0.118573 0.906822
-0.433959 -0.119846 0.911986
-0.381467 -0.118792 0.917180
-0.331298 -0.115403 0.922469
-0.238867 -0.101803 0.933709
-0.157983 -0.079782 0.946666
-0.089034 -0.050495 0.962277
-0.031480 -0.015297 0.981122
0.015980 0.024476 1.003557
0.055112 0.067660 1.029894
0.087818 0.113321 1.060210
0.115899 0.160742 1.094421
-0.678312 0.597852 -0.122790
-0.628889 0.628721 -0.046472
-0.596295 0.640051 -0.008692
-0.559038 0.649030 0.028629
-0.517629 0.656016 0.065359
-0.472631 0.661406 0.101385
-0.424639 0.665624 0.136616
-0.374273 0.669104 0.170980
-0.322169 0.672273 0.204430
-0.268975 0.675543 0.236936
-0.215344 0.679293 0.268487
-0.161940 0.683861 0.299090
-0.109442 0.689536 0.328765
-0.058537 0.696549 0.357547
-0.009893 0.705067 0.385481
0.035862 0.715193 0.412626
0.116441 0.740343 0.464825
0.179365 0.771535 0.514787
0.222196 0.807460 0.563286
0.244141 0.846267 0.611193
0.246082 0.885914 0.659437
0.230354 0.924522 0.708934
0.200378 0.960658 0.760516
0.160218 0.993436 0.814867
0.090503 1.035320 0.902645
0.044236 1.058216 0.965752
0.002944 1.077655 1.032672
-0.030124 1.094702 1.103357
-0.052800 1.110407 1.177553
-0.064018 1.125383 1.254771
-0.063706 1.139738 1.334379
-0.052623 1.153509 1.415770
-0.032155 1.167321 1.498446
-0.004054 1.182347 1.582030
0.029860 1.199881 1.666256
0.067943 1.220998 1.751268
0.108844 1.246157 1.837038
0.151528 1.275168 1.923193
0.173300 1.290969 1.966616
0.195269 1.307566 2.010495
0.217384 1.324967 2.054415
0.131889 -0.772502 0.321837
0.137415 -0.715865 0.346370
0.154422 -0.658406 0.368780
0.180009 -0.600354 0.389730
0.211271 -0.541885 0.409703
0.245598 -0.483137 0.429050
0.280857 -0.424305 0.448033
0.315547 -0.365744 0.466863
0.348935 -0.307965 0.485728
0.396925 -0.223944 0.514475
0.428813 -0.170300 0.534185
0.462128 -0.118819 0.554509
0.498187 -0.069551 0.575575
0.581914 0.022801 0.620325
0.629753 0.066385 0.644150
0.680577 0.108762 0.669014
0.732952 0.150481 0.694973
0.785172 0.192200 0.722115
0.835559 0.234626 0.750573
1.082251 0.586402 1.008584
1.107193 0.643784 1.055998
1.132684 0.701831 1.105782
1.159935 0.760204 1.157765
1.190086 0.818703 1.211284
1.224174 0.877268 1.264556
1.263235 0.936008 1.315288
1.308231 0.995274 1.361456
1.358305 1.055532 1.401221
1.411414 1.117065 1.433263
1.466700 1.179821 1.456066
1.524247 1.243420 1.466766
1.583770 1.307256 1.462797
1.645095 1.370630 1.443089
1.708906 1.432703 1.406576
1.741831 1.462842 1.381455
1.775287 1.492044 1.351384
1.809113 1.520010 1.316280
1.843180 1.546497 1.276306
1.877402 1.571355 1.231759
1.911735 1.594408 1.182910
1.946174 1.615273 1.129912
1.980723 1.633423 1.072796
2.015361 1.648367 1.011572
-0.446640 -0.050829 0.687772
-0.393979 -0.050861 0.694984
-0.344365 -0.048539 0.702075
-0.254875 -0.037241 0.716400
-0.178494 -0.018014 0.731730
-0.114482 0.007829 0.749004
-0.061467 0.038959 0.768934
-0.017710 0.074159 0.791920
0.018708 0.112405 0.818417
0.049707 0.152895 0.849076
0.077047 0.195041 0.884515
0.508099 1.015489 2.040655
0.537539 1.078139 2.103963
0.567550 1.141824 2.157431
0.598136 1.206023 2.198270
0.629277 1.270390 2.222111
0.660961 1.334805 2.225586
0.693216 1.399289 2.207097
-0.815590 0.726732 0.181960
-0.756008 0.739976 0.261449
-0.719425 0.742252 0.300317
-0.678821 0.742163 0.338368
-0.634622 0.740156 0.375459
-0.587286 0.736701 0.411474
-0.537309 0.732282 0.446324
-0.485210 0.727381 0.479950
-0.431536 0.722467 0.512314
-0.376855 0.717984 0.543406
-0.321766 0.714343 0.573236
-0.266903 0.711904 0.601831
-0.110364 0.714559 0.680717
-0.062972 0.719350 0.704943
-0.018867 0.726215 0.728270
0.057811 0.746015 0.772599
0.116954 0.773116 0.814479
0.156771 0.805987 0.854757
0.176711 0.842668 0.894347
0.177608 0.880984 0.934233
0.161298 0.918736 0.975455
0.130454 0.953930 1.019090
0.088662 0.984928 1.066152
0.040258 1.010544 1.117426
-0.010145 1.030326 1.173326
-0.058168 1.044772 1.233907
-0.100038 1.054886 1.299058
-0.132809 1.061594 1.368631
-0.154455 1.065880 1.442374
-0.163886 1.069001 1.520106
-0.160871 1.072134 1.601287
-0.145935 1.076172 1.684777
-0.120197 1.081955 1.769758
-0.085160 1.090349 1.855582
-0.042448 1.102073 1.941340
0.006394 1.117569 2.025484
0.059966 1.137354 2.106742
0.075085 -0.783209 0.373350
0.088073 -0.728919 0.387808
0.110618 -0.675690 0.401082
0.139976 -0.622231 0.413736
0.361881 -0.258916 0.502953
0.543164 -0.045172 0.587921
0.989422 0.452475 0.950062
1.027438 0.529817 1.026313
1.052940 0.581540 1.080446
1.079795 0.633190 1.136443
1.109062 0.684811 1.193581
1.141744 0.736678 1.251083
1.178638 0.789261 1.307664
1.220083 0.843081 1.361206
1.266153 0.898548 1.409511
1.316683 0.955886 1.450706
1.371133 1.015042 1.482839
1.428590 1.075595 1.503893
1.488777 1.136796 1.512355
1.616311 1.257287 1.487137
1.681869 1.313953 1.451751
1.748463 1.366472 1.399294
1.782013 1.390805 1.366117
1.815564 1.413514 1.328293
1.849001 1.434217 1.286065
1.882286 1.452529 1.239805
1.915501 1.468172 1.189882
1.948776 1.481007 1.136552
1.982138 1.490970 1.079937
2.015455 1.497921 1.020089
1.303115 -0.735723 0.239665
1.171115 -0.779862 0.274852
1.033747 -0.815590 0.307412
0.891831 -0.842673 0.336786
0.746354 -0.860962 0.362534
0.449148 -0.871066 0.402063
0.299636 -0.863094 0.415656
0.150887 -0.846739 0.425252
-0.716319 -0.056383 0.942653
-0.634882 -0.074634 0.946153
-0.553780 -0.088958 0.948988
-0.473679 -0.099122 0.951441
-0.041896 -0.069979 0.972771
0.018288 -0.051020 0.979314
0.074283 -0.028599 0.987037
0.125913 -0.003005 0.996040
0.173078 0.025456 1.006418
0.215744 0.056476 1.018227
0.253931 0.089746 1.031463
0.287701 0.124963 1.046076
0.342413 0.200066 1.079314
0.381011 0.279514 1.118112
0.405093 0.361206 1.162912
0.416699 0.443284 1.214020
0.418160 0.524207 1.271582
0.415843 0.563853 1.302725
0.411890 0.602803 1.335392
0.406583 0.640970 1.369581
0.400189 0.678290 1.405319
0.392952 0.714718 1.442642
0.385097 0.750226 1.481577
0.376825 0.784794 1.522124
0.368315 0.818419 1.564252
0.359725 0.851103 1.607911
1.303131 -0.273364 -0.366560
1.318593 -0.283958 -0.303370
1.336825 -0.293033 -0.240115
1.356965 -0.300851 -0.177083
1.378893 -0.307575 -0.114573
1.403597 -0.313309 -0.052829
1.431441 -0.318087 0.007970
1.462115 -0.321824 0.067690
1.495844 -0.324312 0.126211
1.551217 -0.324937 0.211436
1.589812 -0.322515 0.266264
1.629179 -0.317046 0.319215
1.668785 -0.307778 0.370003
1.708406 -0.293934 0.418327
1.872726 -0.131789 0.613414
1.894857 -0.077859 0.641966
1.914333 -0.016897 0.667065
1.930831 0.050384 0.688914
1.944520 0.122900 0.707793
1.957935 0.199273 0.724023
1.973352 0.277965 0.737933
1.988074 0.357289 0.749864
1.998702 0.435347 0.760204
2.006413 0.510174 0.769299
2.014351 0.579956 0.777383
2.025331 0.643131 0.784636
2.040222 0.698390 0.791157
2.067476 0.764109 0.799461
1.693907 -0.528263 1.064889
1.609097 -0.548530 1.079260
1.520538 -0.566543 1.092123
1.428369 -0.582150 1.103343
1.332576 -0.595217 1.112810
1.233223 -0.605614 1.120441
1.130656 -0.613201 1.126179
1.025296 -0.617842 1.130007
0.917397 -0.619416 1.131940
0.807065 -0.617816 1.132016
0.694401 -0.612946 1.130286
0.579638 -0.604721 1.126805
0.463226 -0.593076 1.121647
0.345839 -0.577986 1.114931
0.228295 -0.559479 1.106843
0.111462 -0.537648 1.097636
-0.003808 -0.512650 1.087618
-0.116736 -0.484717 1.077126
-0.226640 -0.454155 1.066514
-0.205518 -0.173848 1.122095
-0.111770 -0.161376 1.123307
-0.018588 -0.143593 1.125802
0.073346 -0.120429 1.129716
0.163387 -0.091897 1.135066
0.250938 -0.058080 1.141767
0.335460 -0.019131 1.149688
0.416470 0.024744 1.158734
0.566262 0.126198 1.180196
0.634361 0.183148 1.192790
0.697603 0.243781 1.206801
0.755832 0.307727 1.222329
0.808947 0.374611 1.239401
0.856902 0.444052 1.257972
0.899701 0.515679 1.277965
0.937409 0.589127 1.299327
0.970139 0.664048 1.322044
0.998035 0.740112 1.346116
1.021259 0.817006 1.371511
1.039979 0.894428 1.398115
1.054364 0.972085 1.425739
1.064584 1.049690 1.454149
1.070823 1.126964 1.483133
1.073281 1.203636 1.512554
1.072183 1.279449 1.542364
1.067779 1.354161 1.572585
1.060342 1.427549 1.603239
1.050161 1.499409 1.634289
1.037527 1.569563 1.665599
1.022734 1.637858 1.696953
1.006069 1.704168 1.728078
1.629833 -0.706012 0.591244
1.560273 -0.705201 0.643284
1.486038 -0.702487 0.686509
1.407319 -0.698295 0.720756
1.324865 -0.692913 0.746081
1.238454 -0.686419 0.762694
1.147802 -0.678709 0.770876
0.156391 0.393222 0.992338
0.196792 0.413244 1.052919
0.228961 0.430976 1.112035
0.251367 0.447150 1.169664
0.262882 0.462538 1.225932
0.262846 0.477840 1.280953
0.251028 0.493623 1.334774
0.227618 0.510302 1.388048
0.193257 0.528155 1.441718
0.149097 0.547322 1.495667
0.096633 0.567733 1.550089
0.037540 0.589081 1.606153
-0.026453 0.610785 1.663443
-0.093432 0.632025 1.720432
-0.161076 0.651801 1.776495
-0.227125 0.669002 1.831641
-0.289552 0.682602 1.885286
-0.346448 0.691824 1.936477
-0.396095 0.696091 1.984030
0.550034 1.091480 1.956977
0.575701 1.130109 1.932762
0.600725 1.169704 1.906624
0.625059 1.210226 1.878637
0.648644 1.251601 1.848932
0.671404 1.293716 1.817507
0.693260 1.336433 1.784297
0.714130 1.379604 1.749261
0.733934 1.423077 1.712515
0.752596 1.466731 1.674467
0.770039 1.510511 1.635546
0.786181 1.554426 1.595667
0.800925 1.598499 1.554263
0.814161 1.642704 1.510878
0.825772 1.686929 1.465342
0.835648 1.730993 1.417598
0.717354 1.860342 -0.476379
0.684009 1.865236 -0.389980
0.657740 1.870341 -0.300856
0.639888 1.873466 -0.210032
0.631175 1.875519 -0.118543
0.631552 1.878774 -0.027291
0.640159 1.884023 0.063016
0.655453 1.892338 0.151916
0.675462 1.903765 0.239224
0.698173 1.917320 0.324979
0.721912 1.933074 0.409306
0.745428 1.953577 0.492344
0.768074 1.979742 0.574222
0.789487 2.009130 0.654897
0.809290 2.040371 0.734143
0.827742 2.073675 0.811565
0.846461 2.109358 0.886395
0.867586 2.146936 0.957383
0.892713 2.187711 1.023056
0.922707 2.233309 1.081982
0.461598 0.345791 2.038258
0.490978 0.393838 2.054082
0.519581 0.443455 2.070645
0.547376 0.494554 2.087682
0.574329 0.547063 2.104971
0.600407 0.600922 2.122221
0.625576 0.656061 2.138875
0.649805 0.712397 2.154173
0.673064 0.769833 2.167467
0.695323 0.828262 2.178410
0.755850 1.008291 2.195878
0.773872 1.069417 2.196272
0.790792 1.130840 2.193892
0.806600 1.192392 2.188635
0.821293 1.253894 2.180228
0.834875 1.315152 2.168377
0.847357 1.375962 2.152846
0.858758 1.436118 2.133257
1.270916 1.020431 -0.778197
1.270206 0.955791 -0.728634
1.270052 0.896250 -0.679617
1.271112 0.842111 -0.631557
1.274137 0.792678 -0.584733
1.279313 0.746883 -0.539270
1.286464 0.704252 -0.495118
1.295897 0.664515 -0.452078
1.308114 0.627104 -0.409945
1.322917 0.591327 -0.368609
1.339844 0.556650 -0.328058
1.359151 0.522749 -0.288330
1.381801 0.489434 -0.249497
1.408457 0.456612 -0.211670
1.471784 0.392769 -0.139278
1.506294 0.362261 -0.104580
1.540502 0.333194 -0.070629
1.573404 0.305953 -0.037210
1.605076 0.280845 -0.004141
1.635883 0.258089 0.028699
1.679004 0.228681 0.077624
1.714156 0.204953 0.126081
1.739613 0.185796 0.173883
1.756395 0.168525 0.220992
1.765320 0.149238 0.267592
1.758679 0.123712 0.313918
1.728891 0.088594 0.360029
1.696090 0.058814 0.390484
1.652691 0.023726 0.420501
1.598530 -0.016393 0.449817
1.532850 -0.060838 0.478036
1.453863 -0.108443 0.504609
1.408994 -0.132933 0.517054
1.360699 -0.157564 0.528805
1.309373 -0.182084 0.539761
1.255478 -0.206237 0.549830
1.199277 -0.229765 0.558920
1.140867 -0.252408 0.566932
1.080490 -0.273904 0.573765
1.018615 -0.294005 0.579323
0.955741 -0.312484 0.583536
0.892269 -0.329131 0.586373
0.828517 -0.343755 0.587840
0.362264 -0.092566 0.552045
0.411657 -0.085981 0.566680
0.515244 -0.092721 0.619784
0.482907 -0.103024 0.658675
0.412726 -0.100123 0.682531
0.261277 -0.075828 0.713027
0.164482 -0.052139 0.729218
0.111966 -0.037059 0.738121
0.057208 -0.019774 0.747717
0.000609 -0.000291 0.758132
-0.175883 0.070643 0.796003
-0.235405 0.097988 0.811449
0.499287 0.542836 2.206684
0.546988 0.598904 2.221203
0.591668 0.658588 2.236090
0.633159 0.721572 2.251077
0.671336 0.787499 2.265669
0.706123 0.855991 2.279358
0.737477 0.926680 2.291827
0.765384 0.999208 2.302892
0.789841 1.073222 2.312336
0.810860 1.148359 2.319853
0.828474 1.224251 2.325133
0.698527 -0.501092 1.060559
0.629686 -0.495740 1.054848
0.557950 -0.488132 1.048673
0.483531 -0.478178 1.041975
0.406656 -0.465799 1.034712
0.327565 -0.450931 1.026891
0.246556 -0.433522 1.018585
0.164020 -0.413539 1.009931
0.080441 -0.390987 1.001150
-0.003639 -0.365914 0.992528
-0.087657 -0.338423 0.984393
-0.386677 0.018481 1.392633
-0.306916 0.017316 1.400932
-0.225513 0.020450 1.409168
-0.143048 0.028206 1.417457
-0.060096 0.040833 1.425959
0.022781 0.058502 1.434854
0.105047 0.081313 1.444302
0.186195 0.109299 1.454415
0.265750 0.142432 1.465272
0.343274 0.180627 1.476946
0.418355 0.223748 1.489532
0.490615 0.271610 1.503114
0.559706 0.323994 1.517705
0.625316 0.380649 1.533184
0.687175 0.441299 1.549301
0.745062 0.505639 1.565748
0.798808 0.573338 1.582234
0.848299 0.644031 1.598518
0.893465 0.717328 1.614405
0.934278 0.792817 1.629762
0.970739 0.870083 1.644490
1.002888 0.948712 1.658500
1.030803 1.028306 1.671690
1.054598 1.108481 1.683942
1.074423 1.188875 1.695112
1.090455 1.269141 1.705002
1.102892 1.348951 1.713337
1.111935 1.427992 1.719774
1.117784 1.505965 1.723950
1.120645 1.582586 1.725563
1.120737 1.657591 1.724446
1.118275 1.730738 1.720588
1.113477 1.801815 1.714069
1.106552 1.870638 1.704930
1.097710 1.937048 1.693086
1.087155 2.000909 1.678314
-0.175967 0.986757 1.501739
-0.120507 0.996058 1.556539
-0.063936 1.004120 1.608105
-0.006466 1.011099 1.656195
0.051685 1.017144 1.700607
0.110296 1.022395 1.741192
0.169152 1.026976 1.777859
0.228035 1.030999 1.810583
0.286727 1.034551 1.839405
0.345008 1.037705 1.864448
0.402658 1.040513 1.885928
0.459462 1.043014 1.904114
0.515218 1.045241 1.919201
0.569741 1.047240 1.931174
0.622867 1.049070 1.939870
0.674453 1.050793 1.945217
0.905334 1.055545 1.922096
0.983344 1.053269 1.891433
1.052383 1.048356 1.849548
1.112206 1.039761 1.796519
1.162531 1.025824 1.733929
1.243833 0.957604 1.554247
1.238476 0.789578 1.323733
1.211132 0.732365 1.263252
1.173487 0.673232 1.209642
1.124934 0.612989 1.164819
1.064090 0.552904 1.128566
0.989796 0.494991 1.100860
0.947163 0.467577 1.090255
0.900730 0.441580 1.081744
0.850524 0.417283 1.075219
0.796689 0.394971 1.070517
0.739457 0.374920 1.067395
0.679072 0.357366 1.065559
0.615741 0.342508 1.064721
0.549613 0.330513 1.064669
0.480813 0.321539 1.065291
0.409496 0.315732 1.066571
0.335858 0.313217 1.068572
0.260139 0.314083 1.071408
0.182636 0.318381 1.075202
0.103731 0.326118 1.080028
0.023870 0.337238 1.085888
-0.056468 0.351623 1.092725
-0.136810 0.369090 1.100453
-0.216697 0.389402 1.108997
-0.295700 0.412270 1.118310
-0.373398 0.437351 1.128398
-0.449372 0.464245 1.139332
-0.523208 0.492498 1.151243
-0.594486 0.521615 1.164291
-0.662785 0.551075 1.178643
-0.727693 0.580335 1.194451
-0.488976 0.287453 1.791848
-0.426130 0.266562 1.803538
-0.364905 0.250013 1.814162
-0.306151 0.237956 1.823973
-0.250656 0.230402 1.833342
-0.199122 0.227226 1.842737
-0.110215 0.232899 1.863114
-0.042767 0.251905 1.886409
0.002084 0.280437 1.912058
0.030136 0.332849 1.952750
0.021417 0.387131 1.994734
-0.008543 0.435468 2.042512
-0.047345 -0.042484 -0.490808
-0.006368 -0.000450 -0.438880
0.062121 0.039921 -0.387314
0.105466 0.059856 -0.361784
0.154066 0.079927 -0.336500
0.207220 0.100402 -0.311525
0.264167 0.121567 -0.286922
0.324105 0.143713 -0.262754
0.386193 0.167116 -0.239084
0.449561 0.192028 -0.215973
0.513318 0.218665 -0.193483
0.576561 0.247196 -0.171674
0.638404 0.277736 -0.150603
0.856087 0.420193 -0.074709
0.899698 0.460406 -0.058014
0.937900 0.502071 -0.042256
0.970328 0.544915 -0.027419
0.996718 0.588635 -0.013463
1.016903 0.632903 -0.000326
1.038506 0.721727 0.023859
1.035828 0.808695 0.046083
1.011068 0.891331 0.067581
0.967739 0.967568 0.089737
0.910447 1.035891 0.113921
0.844650 1.095414 0.141312
0.776231 1.145936 0.172751
0.710875 1.187955 0.208646
0.653348 1.222585 0.248967
0.607053 1.251331 0.293309
0.573952 1.275779 0.341001
0.554542 1.297439 0.391232
0.547724 1.317816 0.443172
0.551131 1.338577 0.496108
0.561915 1.361792 0.549530
0.577111 1.389440 0.603176
0.593736 1.421768 0.657030
0.609098 1.457505 0.711286
0.621129 1.496887 0.766315
0.628569 1.539310 0.822527
0.631088 1.582986 0.880173
0.629276 1.626964 0.939287
0.624331 1.671878 0.999717
0.617754 1.718881 1.061100
0.611201 1.767781 1.122788
0.606285 1.816747 1.183768
0.604375 1.866042 1.242714
0.606444 1.917228 1.298120
0.613232 1.971031 1.348271
0.625197 2.025951 1.391202
0.642438 2.078782 1.425116
0.665001 2.128769 1.448865
0.693208 2.177057 1.461906
0.727359 2.225138 1.463802
-0.708206 -0.028512 0.208748
-0.654084 0.001651 0.244390
-0.602676 0.030475 0.281200
-0.553991 0.059135 0.319061
-0.506752 0.088428 0.357952
-0.351587 0.183250 0.481360
-0.288750 0.216872 0.524948
-0.218990 0.250861 0.569793
-0.143069 0.284727 0.615844
-0.062644 0.318076 0.663018
0.020050 0.350707 0.711223
0.061494 0.366758 0.735689
0.102618 0.382663 0.760393
0.143163 0.398464 0.785338
0.221659 0.429949 0.835971
0.295687 0.461655 0.887638
0.364624 0.494019 0.940383
0.428423 0.527391 0.994325
0.487464 0.561997 1.049657
0.542403 0.597941 1.106458
0.594058 0.635226 1.164550
0.643337 0.673805 1.223665
0.691203 0.713627 1.283696
0.738638 0.754692 1.344608
0.786603 0.797078 1.406122
0.835975 0.840945 1.466927
0.887481 0.886521 1.525056
0.941648 0.934099 1.579137
1.089957 1.063840 1.686618
1.154124 1.120777 1.711867
1.220622 1.180736 1.722992
1.289205 1.243388 1.716566
1.359795 1.308043 1.690738
1.395888 1.340906 1.670420
1.432559 1.373980 1.645046
1.469832 1.407040 1.614389
1.507722 1.439737 1.578142
1.546270 1.471662 1.535999
1.585550 1.502439 1.487738
1.625609 1.531773 1.433243
1.666389 1.559406 1.372531
1.707720 1.585020 1.305776
-0.638993 0.015112 0.577973
-0.587643 0.012200 0.590230
-0.538193 0.010645 0.602176
-0.445921 0.011871 0.625495
-0.362946 0.018992 0.648629
-0.288925 0.031824 0.672230
-0.223220 0.049947 0.696942
-0.113767 0.099709 0.752416
-0.068107 0.130073 0.784067
-0.027018 0.163309 0.818596
0.010597 0.198940 0.856371
0.045724 0.236591 0.897719
0.079198 0.275990 0.943175
0.111690 0.316952 0.993310
0.579851 1.095526 2.142690
0.676693 1.291771 2.253200
0.710001 1.359744 2.254903
-0.748753 0.681440 0.119910
-0.685663 0.696129 0.191451
-0.646250 0.699545 0.226523
-0.602228 0.700892 0.260904
-0.554130 0.700641 0.294453
-0.502522 0.699293 0.327058
-0.447992 0.697357 0.358631
-0.391154 0.695342 0.389112
-0.332664 0.693735 0.418462
-0.273212 0.692992 0.446668
-0.213496 0.693522 0.473732
-0.154194 0.695681 0.499674
-0.095965 0.699760 0.524527
-0.039455 0.705987 0.548333
0.014702 0.714515 0.571144
0.113516 0.738732 0.614020
0.258842 0.813785 0.690877
0.299792 0.861358 0.726335
0.317814 0.912368 0.761041
0.313136 0.964062 0.796116
0.287431 1.013787 0.832794
0.243741 1.059130 0.872322
0.186203 1.098101 0.915811
0.119720 1.129451 0.964083
0.049623 1.152969 1.017571
-0.080210 1.179567 1.140034
-0.130714 1.185153 1.208217
-0.167165 1.187365 1.280260
-0.187846 1.187237 1.355395
-0.192290 1.185872 1.432570
-0.181038 1.184828 1.510779
-0.155398 1.186049 1.589262
-0.117247 1.191019 1.667093
-0.068752 1.199870 1.744353
-0.012106 1.211953 1.822040
0.050608 1.227613 1.898054
0.083630 1.237205 1.934955
0.117457 1.248218 1.971391
0.151884 1.260791 2.007580
0.362678 1.371282 2.201225
-0.100588 -0.419083 0.271344
-0.071957 -0.369246 0.267536
-0.040866 -0.320581 0.268321
-0.008110 -0.273192 0.273568
0.025468 -0.227202 0.283082
0.058985 -0.182730 0.296594
0.091557 -0.139859 0.313781
0.122354 -0.098624 0.334240
0.150636 -0.059016 0.357732
0.206612 0.033219 0.429584
0.222153 0.067545 0.463179
0.233602 0.100475 0.499328
0.241165 0.132053 0.537887
0.245334 0.162328 0.578753
0.246940 0.191358 0.621961
0.284374 0.341232 0.926583
0.310428 0.361680 0.979606
0.345160 0.380495 1.031522
0.388514 0.397587 1.082328
0.439762 0.412924 1.131780
0.497596 0.426534 1.179331
0.560212 0.438503 1.224461
0.625381 0.448972 1.266825
0.690594 0.458140 1.306525
0.753270 0.466224 1.344033
0.810970 0.473378 1.378858
0.861524 0.479738 1.409913
0.920218 0.488166 1.448869
0.959529 0.497780 1.486320
0.920880 0.510401 1.521775
0.856460 0.516694 1.531722
0.798141 0.521592 1.536127
0.690580 0.530397 1.540516
0.607720 0.537698 1.543205
0.518103 0.546877 1.545483
0.423928 0.558361 1.546344
0.327379 0.572221 1.546787
0.230308 0.588410 1.548211
0.134210 0.606841 1.550471
0.040158 0.627339 1.552781
-0.051183 0.649669 1.554234
-0.139263 0.673581 1.554459
-0.107979 0.655585 1.822516
-0.025856 0.671368 1.832506
0.046305 0.697283 1.842842
0.105597 0.732515 1.851810
0.150026 0.775380 1.858438
0.178653 0.823203 1.863117
0.191617 0.872932 1.867335
0.184351 0.945565 1.878652
0.164872 0.990017 1.893432
0.137121 1.029649 1.914532
0.104607 1.063438 1.939117
0.071105 1.091089 1.964783
-0.002620 1.152747 2.074498
0.006727 1.175071 2.131631
0.047441 1.204329 2.188928
0.092038 1.229124 2.222253
-0.220038 0.298340 1.913484
-0.167198 0.301776 1.927875
-0.111667 0.308080 1.941304
-0.053879 0.317575 1.953783
0.128465 0.367714 1.985671
0.190687 0.392228 1.994435
0.252881 0.420803 2.002431
0.314628 0.453460 2.009958
0.375525 0.490166 2.017298
0.435181 0.530830 2.024480
0.493231 0.575288 2.031259
0.549329 0.623294 2.037198
0.603167 0.674553 2.041661
0.654484 0.728760 2.043993
0.703083 0.785611 2.043760
0.748810 0.844783 2.040725
0.791553 0.905881 2.034737
0.831232 0.968429 2.025821
0.867807 1.031916 2.014336
0.901285 1.095858 2.000612
0.931713 1.159791 1.984320
0.959175 1.223247 1.964755
0.983778 1.285774 1.941559
1.041762 1.463788 1.846458
1.056333 1.518711 1.803897
1.068809 1.570868 1.755823
0.795261 1.462467 -0.603929
0.753607 1.406016 -0.601442
0.721150 1.356922 -0.578578
0.703988 1.318020 -0.540142
0.706068 1.291225 -0.491240
0.729546 1.278653 -0.436806
0.774311 1.281835 -0.381300
0.813964 1.293115 -0.345558
0.858478 1.312197 -0.311793
0.904338 1.338618 -0.280514
0.947281 1.370571 -0.251880
0.982661 1.407704 -0.225660
1.006500 1.450570 -0.201266
1.015709 1.497574 -0.177790
1.008395 1.545870 -0.154025
0.984555 1.593517 -0.128585
0.945840 1.639366 -0.100064
0.895132 1.682839 -0.067182
0.836546 1.723429 -0.028917
0.775354 1.759128 0.015366
0.717824 1.789599 0.065772
0.670139 1.816394 0.121811
0.636785 1.839740 0.182499
0.619886 1.859938 0.246544
0.619086 1.878829 0.312591
0.631705 1.898016 0.379480
0.653246 1.918136 0.446369
0.678530 1.941080 0.512767
0.702748 1.967102 0.578604
0.721491 1.995222 0.644222
0.731732 2.025894 0.710275
0.732855 2.059392 0.777444
0.726018 2.096361 0.846184
0.713242 2.136694 0.916687
0.696999 2.179052 0.988829
0.680051 2.222708 1.062079
0.665314 2.267554 1.135419
-0.687015 0.167784 0.808134
-0.614105 0.186824 0.845899
-0.538905 0.208509 0.884815
-0.462954 0.231890 0.925155
-0.387680 0.256284 0.967198
0.336047 0.595541 1.613006
0.397832 0.635501 1.679281
0.460819 0.678463 1.743120
0.524723 0.724650 1.802866
0.781211 0.943923 1.953364
0.843455 1.006313 1.958507
0.934028 1.102843 1.935667
0.992275 1.168024 1.897214
1.020735 1.200478 1.870333
1.103598 1.294504 1.757548
-0.863369 0.403689 1.155550
-0.812406 0.378760 1.173835
-0.759350 0.354513 1.190596
-0.704642 0.331413 1.205935
-0.648756 0.309881 1.219975
-0.592182 0.290289 1.232857
-0.535419 0.272953 1.244738
-0.478960 0.258131 1.255784
-0.423284 0.246019 1.266175
-0.368851 0.236752 1.276097
-0.216999 0.226523 1.304949
0.082161 0.330986 1.411745
0.113535 0.371858 1.444352
0.133917 0.415257 1.479808
0.148852 0.503647 1.556560
0.147552 0.546662 1.598712
0.143258 0.588138 1.644908
0.137928 0.627753 1.696362
0.133237 0.665419 1.752901
0.130524 0.701345 1.811782
0.132213 0.752980 1.902425
0.137990 0.786758 1.967382
0.853335 -0.497269 -0.265616
0.876122 -0.455758 -0.203968
0.905586 -0.409452 -0.144553
0.938473 -0.358898 -0.087496
0.971349 -0.304714 -0.032999
1.001600 -0.247684 0.018702
1.028033 -0.188766 0.067411
1.050529 -0.129044 0.113022
1.069650 -0.069666 0.155533
1.086491 -0.011762 0.195046
1.102833 0.043623 0.231746
1.121064 0.095596 0.265866
1.143362 0.143452 0.297650
1.171406 0.186705 0.327326
1.206822 0.225102 0.355075
1.250847 0.258640 0.381026
1.303749 0.287580 0.405248
1.364496 0.312471 0.427774
1.430683 0.334217 0.448623
1.499511 0.354111 0.467816
1.568415 0.373801 0.485379
1.634861 0.395223 0.501334
1.696281 0.420488 0.515702
1.750414 0.451677 0.528494
1.795335 0.490605 0.539726
1.829821 0.538582 0.549457
1.854054 0.596225 0.557789
1.869139 0.663349 0.564853
1.876711 0.738979 0.570810
1.877725 0.821486 0.575870
1.872617 0.908790 0.580336
1.863540 0.998591 0.584549
1.852986 1.088509 0.588732
1.842903 1.176095 0.593015
1.835534 1.259005 0.597352
1.832153 1.335229 0.601384
1.833164 1.403207 0.604629
1.839208 1.461896 0.606545
1.850824 1.510819 0.606405
1.879688 1.566117 0.600258
1.922171 1.599790 0.584116
0.521402 0.937814 2.228715
0.550712 1.015431 2.270355
0.578264 1.094414 2.302524
0.604124 1.174381 2.323069
0.628356 1.255179 2.329755
0.526147 1.088814 -0.839798
0.481704 1.063252 -0.789305
0.442936 1.044948 -0.734705
0.411248 1.032633 -0.676804
0.387793 1.024710 -0.616299
0.373765 1.020991 -0.553835
0.370347 1.021601 -0.489984
0.378471 1.026418 -0.425276
0.398439 1.035004 -0.360271
0.429642 1.046980 -0.295604
0.470472 1.062896 -0.231949
0.518345 1.083724 -0.169944
0.569855 1.110152 -0.110102
0.621021 1.142337 -0.052743
0.667538 1.179826 0.002063
0.705143 1.221952 0.054542
0.730136 1.267976 0.105233
0.739980 1.316846 0.154975
0.733763 1.367069 0.204845
0.712372 1.417026 0.256052
0.678404 1.465185 0.309803
0.635944 1.510045 0.367147
0.590056 1.550621 0.428827
0.545873 1.587174 0.495179
0.507895 1.620815 0.566126
0.479594 1.652474 0.641220
0.458270 1.714286 0.801006
0.470790 1.760807 0.926671
0.488524 1.794018 1.012294
0.510270 1.828610 1.098939
0.533198 1.864963 1.186268
0.554962 1.904580 1.273971
0.582527 1.970288 1.405233
0.597223 2.017524 1.491423
-0.372932 -0.389805 0.158091
-0.321802 -0.348522 0.179812
-0.275596 -0.306363 0.202638
-0.231896 -0.263306 0.226504
-0.187567 -0.219481 0.251402
-0.139327 -0.175172 0.277364
-0.084311 -0.130852 0.304420
-0.020510 -0.087173 0.332563
0.052981 -0.044927 0.361719
0.274876 0.049258 0.437837
0.323985 0.065563 0.453357
0.373938 0.080961 0.468892
0.424387 0.095474 0.484408
0.474982 0.109150 0.499873
0.525376 0.122066 0.515262
0.575239 0.134320 0.530549
0.624254 0.146030 0.545718
0.672129 0.157334 0.560753
0.718598 0.168379 0.575646
0.806416 0.190327 0.604998
0.886255 0.213122 0.633804
0.957273 0.237897 0.662160
1.019234 0.265527 0.690196
1.072447 0.296543 0.718068
1.117665 0.331097 0.745933
1.155960 0.368995 0.773946
1.188627 0.409781 0.802263
1.217147 0.452821 0.831016
1.243147 0.497402 0.860265
1.268321 0.542832 0.889986
1.294297 0.588528 0.920009
1.322425 0.634063 0.949924
1.353625 0.679188 0.979067
1.388808 0.723831 1.006641
1.428253 0.768092 1.032110
1.471276 0.812188 1.055356
1.518328 0.856394 1.076149
1.569205 0.900953 1.093750
1.621890 0.945989 1.107549
1.674597 0.991477 1.116699
1.726697 1.037236 1.119355
1.778856 1.082911 1.113462
1.831912 1.127977 1.097814
1.886163 1.171825 1.071979
1.940861 1.213695 1.035539
2.022343 1.270228 0.961172
2.078165 1.301888 0.898777
2.134889 1.327164 0.826207
2.190974 1.344140 0.743940
2.218560 1.348795 0.699525
2.245757 1.350510 0.653244
2.272510 1.349024 0.605423
1.489667 -0.732432 0.312078
1.378657 -0.768760 0.341236
1.263687 -0.799325 0.367971
1.145303 -0.823983 0.391913
1.024416 -0.842645 0.412765
0.901818 -0.855285 0.430311
0.777707 -0.861920 0.444413
0.526063 -0.857391 0.462111
0.400300 -0.846464 0.465830
0.276031 -0.830037 0.466362
0.154134 -0.808403 0.463989
0.035357 -0.781916 0.459059
-0.377250 0.020294 0.594189
-0.291529 0.034952 0.619687
-0.214879 0.054883 0.646565
-0.062604 0.124740 0.722901
0.629180 1.122173 2.169158
0.662203 1.181511 2.211150
0.696003 1.241117 2.234578
0.730469 1.301047 2.239287
0.765565 1.360878 2.225114
-0.867546 0.725243 0.721397
-0.818000 0.707972 0.751314
-0.765271 0.689543 0.779647
-0.709724 0.670579 0.806362
-0.651790 0.651695 0.831457
-0.591968 0.633481 0.854955
-0.530826 0.616489 0.876902
-0.468989 0.601217 0.897363
-0.407124 0.588098 0.916418
-0.345916 0.577489 0.934156
-0.173083 0.563028 0.980482
-0.121233 0.564326 0.993986
-0.029601 0.575803 1.018777
0.043022 0.597793 1.041444
0.094366 0.627938 1.063074
0.123538 0.663374 1.084841
0.127123 0.719908 1.120465
0.105925 0.755858 1.148087
0.069908 0.787896 1.180240
0.023379 0.814615 1.217984
-0.028939 0.835319 1.261800
-0.082190 0.850043 1.311042
-0.131749 0.859467 1.364687
-0.173614 0.864672 1.422365
-0.204714 0.866882 1.483332
-0.223054 0.867377 1.545518
-0.227685 0.867532 1.607891
-0.218531 0.868612 1.671057
-0.196176 0.871577 1.735310
-0.161702 0.877416 1.799680
-0.116549 0.886905 1.862810
-0.062369 0.900452 1.924768
-0.000875 0.918530 1.986218
0.066291 0.941716 2.046546
0.137651 0.970635 2.105182
0.211925 1.005744 2.161825
0.249814 1.025691 2.188906
0.288048 1.047246 2.215112
0.326527 1.070416 2.240509
0.365163 1.095215 2.265121
0.403879 1.121665 2.288838
-0.096422 -0.666750 0.268310
-0.061428 -0.617185 0.259981
-0.025328 -0.568093 0.254373
0.011576 -0.519086 0.251589
0.049521 -0.470137 0.251701
0.089012 -0.421477 0.254743
0.130529 -0.373470 0.260712
0.174285 -0.326496 0.269554
0.220083 -0.280872 0.281162
0.267290 -0.236785 0.295392
0.314925 -0.194276 0.312077
0.361840 -0.153245 0.331046
0.406907 -0.113501 0.352113
0.449169 -0.074824 0.375100
0.487911 -0.037034 0.399901
0.522655 -0.000039 0.426512
0.553109 0.036135 0.454999
0.579097 0.071346 0.485449
0.634347 0.183295 0.606780
0.642745 0.223966 0.663991
0.645527 0.259594 0.723665
0.671310 0.339471 0.913872
0.704143 0.359003 0.976718
0.735875 0.370517 1.017179
0.875019 0.399530 1.130494
0.932405 0.407819 1.164573
0.992970 0.415583 1.195601
1.055373 0.422822 1.222499
1.118117 0.429489 1.246369
1.179469 0.435547 1.268479
1.237951 0.440877 1.288235
1.291896 0.445247 1.304610
1.358141 0.449448 1.322635
1.411499 0.449513 1.335706
1.275806 0.400620 1.321447
1.206020 0.387025 1.317657
1.124517 0.373248 1.314285
1.031820 0.360202 1.311996
0.981315 0.354252 1.311418
0.928050 0.348847 1.311245
0.872070 0.344113 1.311456
0.813489 0.340187 1.312014
0.752497 0.337216 1.312903
0.689362 0.335355 1.314143
0.624401 0.334747 1.315783
0.557947 0.335516 1.317866
0.421823 0.341527 1.323494
0.352725 0.346874 1.327067
0.283283 0.353814 1.331152
0.213730 0.362347 1.335797
0.144284 0.372454 1.341050
0.075151 0.384095 1.346868
0.006540 0.397208 1.353108
-0.061315 0.411709 1.359612
-0.128154 0.427489 1.366293
-0.193711 0.444417 1.373153
-0.257757 0.462342 1.380277
-0.320104 0.481096 1.387805
-0.380602 0.500493 1.395904
-0.439102 0.520338 1.404734
-0.495457 0.540421 1.414410
-0.194480 0.193582 1.976466
-0.126805 0.198937 1.980359
-0.059858 0.209211 1.984462
0.005778 0.224430 1.988750
0.069552 0.244573 1.993036
0.130947 0.269552 1.997169
0.189488 0.299182 2.001153
0.244752 0.333190 2.005010
0.296388 0.371256 2.008599
0.344108 0.413038 2.011734
0.517562 0.664748 2.028492
0.538562 0.720867 2.033048
0.554991 0.777921 2.038217
0.566927 0.835459 2.044131
0.574489 0.893040 2.050675
0.577838 0.950255 2.057642
0.564737 1.116099 2.081534
0.553514 1.168414 2.090904
0.539347 1.218826 2.100811
0.522556 1.267119 2.110825
0.503472 1.313098 2.120503
0.435904 1.435773 2.146651
0.385697 1.504439 2.162208
0.214557 2.097233 -0.112641
0.198783 2.097256 -0.063024
0.185869 2.097611 -0.012454
0.176154 2.098673 0.038796
0.169978 2.100470 0.090452
0.167685 2.102466 0.142225
0.169584 2.104061 0.193812
0.175904 2.105069 0.244897
0.186763 2.105549 0.295167
0.202171 2.105537 0.344312
0.222085 2.105203 0.392037
0.246458 2.104961 0.438060
0.275247 2.105224 0.482115
0.308377 2.106190 0.523950
0.345693 2.107815 0.563321
0.386957 2.109952 0.599998
0.431887 2.112499 0.633767
0.480189 2.115418 0.664431
0.531556 2.118784 0.691811
0.585667 2.122935 0.715751
0.642180 2.128043 0.736114
0.700695 2.133611 0.752785
0.760770 2.138883 0.765671
0.821956 2.143400 0.774707
0.883827 2.147163 0.779864
0.945984 2.150491 0.781140
1.008056 2.153784 0.778562
1.069692 2.157516 0.772184
1.130550 2.161940 0.762077
1.190309 2.166730 0.748338
1.248732 2.171385 0.731092
1.305673 2.175431 0.710490
1.360989 2.178508 0.686706
1.414473 2.180598 0.659942
1.465854 2.181925 0.630422
1.514867 2.182690 0.598388
1.850486 -0.508359 0.585322
1.727671 -0.562385 0.609978
1.597091 -0.610880 0.633300
1.459619 -0.653316 0.654709
1.316122 -0.689228 0.673682
1.167221 -0.718212 0.689769
0.695589 -0.760698 0.717581
0.533588 -0.759583 0.719563
0.371392 -0.750892 0.717988
0.210284 -0.734832 0.713109
0.051457 -0.711716 0.705302
-0.103905 -0.681967 0.695053
-0.318651 -0.171586 0.754697
-0.224259 -0.165617 0.757890
-0.133296 -0.154662 0.761789
-0.046571 -0.138761 0.766582
0.035231 -0.118065 0.772439
0.111571 -0.092814 0.779514
0.182061 -0.063324 0.787940
0.246446 -0.029962 0.797818
0.304573 0.006867 0.809217
0.356389 0.046737 0.822171
0.401938 0.089212 0.836712
0.441367 0.133858 0.852903
0.474903 0.180259 0.870841
0.502840 0.228021 0.890613
0.525514 0.276779 0.912273
0.543290 0.326201 0.935872
0.556551 0.375985 0.961486
0.565695 0.425864 0.989208
0.571132 0.475602 1.019123
0.573283 0.524994 1.051294
0.923655 -0.224537 -0.439145
0.937692 -0.214405 -0.381222
0.955194 -0.204017 -0.325417
0.976430 -0.194119 -0.271434
1.001401 -0.185375 -0.218895
1.030090 -0.178341 -0.167447
1.062749 -0.173469 -0.116813
1.099748 -0.171099 -0.066796
1.141361 -0.171460 -0.017260
1.187465 -0.174645 0.031885
1.237382 -0.180585 0.080695
1.290188 -0.189019 0.129201
1.345021 -0.199500 0.177400
1.401096 -0.211400 0.225256
1.457477 -0.223930 0.272692
1.513444 -0.236167 0.319582
1.568655 -0.247121 0.365744
1.622170 -0.255749 0.410949
1.672753 -0.260963 0.454911
1.720347 -0.261689 0.497303
1.787654 -0.252209 0.557223
1.830035 -0.237555 0.594275
1.869769 -0.215416 0.628694
1.904661 -0.185401 0.660268
1.933388 -0.147460 0.688855
1.957482 -0.101899 0.714428
1.979004 -0.049333 0.737084
1.998170 0.009307 0.757021
2.014036 0.072779 0.774522
2.025142 0.139561 0.789949
2.032825 0.207963 0.803729
2.046429 -0.279587 0.883707
1.969895 -0.318618 0.901566
1.888327 -0.355734 0.919449
1.801818 -0.390635 0.937069
1.709948 -0.423034 0.954142
1.612151 -0.452634 0.970391
1.508256 -0.479116 0.985550
1.398854 -0.502170 0.999373
1.285019 -0.521527 1.011644
1.167699 -0.536967 1.022173
1.047540 -0.548316 1.030803
0.925012 -0.555428 1.037415
0.800511 -0.558193 1.041944
0.674304 -0.556531 1.044389
0.546586 -0.550407 1.044822
0.417721 -0.539832 1.043388
0.288363 -0.524870 1.040298
0.159399 -0.505648 1.035816
0.031848 -0.482369 1.030245
-0.093265 -0.455318 1.023920
-0.215092 -0.424862 1.017196
-0.332972 -0.391440 1.010443
-0.259933 -0.159971 1.167870
-0.164555 -0.151645 1.168502
0.206995 -0.061674 1.181722
0.293600 -0.025017 1.188295
0.376347 0.017007 1.196326
0.528220 0.116005 1.217098
0.596552 0.172283 1.229973
0.659416 0.232558 1.244555
0.716600 0.296408 1.260856
0.813436 0.433095 1.298639
0.853009 0.505065 1.320117
0.886735 0.578885 1.343299
0.914720 0.654142 1.368144
0.937114 0.730433 1.394592
0.972892 0.961652 1.483019
0.975223 1.038315 1.515531
0.973256 1.114232 1.549598
0.967318 1.189114 1.585170
0.957748 1.262692 1.622102
0.944896 1.334721 1.660161
0.929109 1.404980 1.699090
0.910734 1.473278 1.738712
1.899880 -0.487800 0.567471
1.892636 -0.439186 0.624713
1.889427 -0.387848 0.674442
1.888842 -0.335237 0.717309
1.886627 -0.282622 0.754050
1.879205 -0.231136 0.785418
1.869292 -0.181811 0.812211
1.857873 -0.135580 0.835254
1.833756 -0.073897 0.864421
1.803838 -0.023764 0.889039
1.766510 0.012591 0.910861
1.718810 0.033900 0.931305
1.201380 -0.178957 1.146427
1.147989 -0.203008 1.159539
1.079829 -0.222838 1.169324
1.023620 -0.233052 1.174116
0.957490 -0.240163 1.177654
0.880315 -0.243560 1.180047
0.790852 -0.242618 1.181710
0.688733 -0.236538 1.183433
0.633130 -0.231298 1.184525
0.574653 -0.224454 1.185824
0.513452 -0.215912 1.187351
0.449749 -0.205588 1.189118
0.383852 -0.193421 1.191124
0.316104 -0.179383 1.193356
0.246795 -0.163483 1.195819
0.176136 -0.145764 1.198588
-0.041336 -0.082528 1.210119
-0.114309 -0.058523 1.215487
-0.186687 -0.033360 1.221768
-0.257933 -0.007279 1.229005
-0.327528 0.019437 1.237223
-0.395004 0.046474 1.246450
-0.459958 0.073493 1.256729
-0.522047 0.100142 1.268122
-0.580956 0.126068 1.280711
-0.636388 0.150916 1.294570
-0.551416 0.097542 1.654548
-0.490732 0.086549 1.664109
-0.427042 0.078317 1.673381
-0.360731 0.073262 1.682279
-0.077638 0.091375 1.713234
-0.004758 0.106592 1.719576
0.067951 0.126289 1.725488
0.139986 0.150446 1.731180
0.210859 0.178987 1.736892
0.280112 0.211780 1.742783
0.347329 0.248638 1.748821
0.412142 0.289317 1.754774
0.474246 0.333518 1.760303
0.533382 0.380907 1.765111
0.589330 0.431110 1.769023
0.641907 0.483725 1.771952
0.690977 0.538331 1.773814
0.736467 0.594513 1.774498
0.778349 0.651876 1.773852
0.816633 0.710040 1.771651
0.851361 0.768631 1.767574
0.882613 0.827281 1.761263
0.910496 0.885633 1.752432
0.935129 0.943342 1.740873
0.956646 1.000068 1.726395
0.975193 1.055473 1.708845
1.014657 1.210589 1.638313
1.023019 1.257685 1.609496
1.029291 1.302130 1.578390
1.036250 1.382546 1.510035
1.037260 1.418343 1.473124
1.036833 1.451137 1.434606
1.032247 1.507691 1.352874
1.023582 1.552320 1.263853
1.018028 1.570245 1.216493
1.011792 1.585318 1.167578
1.004950 1.597638 1.117548
0.997557 1.607351 1.066894
0.989644 1.614663 1.016081
0.981221 1.619847 0.965469
0.972288 1.623253 0.915284
0.962864 1.625264 0.865664
0.942707 1.626125 0.768756
0.921129 1.623495 0.676116
0.898531 1.619443 0.588243
0.875543 1.616052 0.504750
0.852608 1.613739 0.425695
0.829141 1.610783 0.351704
0.804941 1.606139 0.283374
0.781247 1.599884 0.221156
0.759748 1.592397 0.165373
0.715334 1.571675 0.035490
0.707119 1.561744 -0.023099
0.737433 1.563314 -0.072594
0.794643 1.584737 -0.101075
0.848461 1.611341 -0.119685
0.903272 1.646487 -0.137375
0.950980 1.690129 -0.154398
0.982892 1.740037 -0.169825
0.990801 1.796587 -0.181485
0.968072 1.856987 -0.186001
0.934033 1.896703 -0.182855
0.885308 1.935088 -0.173089
0.824325 1.971292 -0.155367
0.754801 2.003806 -0.128663
0.680631 2.032442 -0.092380
0.605962 2.058355 -0.046388
0.536533 2.081873 0.008881
0.479202 2.102509 0.072278
0.439852 2.118469 0.141901
0.422264 2.129277 0.215272
0.428296 2.137864 0.289617
0.457574 2.147138 0.362135
0.507470 2.157617 0.430240
0.573974 2.168643 0.491763
0.652217 2.178260 0.545065
0.736782 2.185764 0.589060
0.822330 2.194811 0.623258
0.903789 2.209266 0.647751
0.976713 2.230339 0.663113
1.037841 2.255631 0.670278
1.085319 2.283743 0.670472
1.130545 2.332522 0.661031
0.746406 1.983726 -0.345680
0.762483 1.981203 -0.264774
0.784187 1.980458 -0.184822
0.812411 1.980936 -0.106966
0.847833 1.979675 -0.032276
0.890811 1.976267 0.038248
0.941150 1.974248 0.103781
0.998080 1.974491 0.163704
1.060291 1.975284 0.217585
1.126112 1.975817 0.265169
1.193906 1.976880 0.306384
1.328212 1.980271 0.370172
1.391310 1.984487 0.393349
1.450435 1.991711 0.411373
1.504955 2.002413 0.424748
1.554741 2.016174 0.433896
-0.464281 0.713234 0.071095
-0.422465 0.752303 0.135506
-0.379408 0.787680 0.200663
-0.335293 0.819465 0.266223
-0.290297 0.847780 0.331865
-0.244585 0.872760 0.397291
-0.198306 0.894557 0.462226
-0.151600 0.913336 0.526415
-0.104599 0.929262 0.589610
-0.057434 0.942504 0.651584
-0.010234 0.953230 0.712128
0.036872 0.961608 0.771066
0.083766 0.967804 0.828251
0.176478 0.974291 0.936875
0.222091 0.974883 0.988106
0.267067 0.973902 1.037164
0.311299 0.971491 1.083979
0.354681 0.967790 1.128495
0.397106 0.962939 1.170669
0.438460 0.957072 1.210473
0.478626 0.950317 1.247894
0.517483 0.942797 1.282925
0.554911 0.934628 1.315571
0.625046 0.916733 1.373770
0.688222 0.897202 1.422668
0.743641 0.876344 1.462652
0.790558 0.854395 1.494667
0.828390 0.831729 1.519904
0.866862 0.796970 1.547322
0.879925 0.748380 1.571184
0.843840 0.700853 1.589765
0.782788 0.671154 1.607858
0.726261 0.655571 1.621507
0.657795 0.643550 1.635511
0.578372 0.635486 1.650181
0.489024 0.632042 1.665751
0.338779 0.637050 1.689989
0.285017 0.641691 1.698458
0.229677 0.647830 1.707383
0.055878 0.674491 1.739310
-0.004053 0.685751 1.752127
-0.064667 0.697992 1.765830
-0.125722 0.711090 1.780302
-0.186954 0.724911 1.795479
-0.248087 0.739308 1.811175
-0.308839 0.754115 1.827061
-0.368921 0.769144 1.842844
-0.428050 0.784190 1.858436
0.672460 0.862969 2.334995
0.680628 0.936390 2.333247
0.683114 1.009234 2.331667
0.680118 1.080942 2.330506
0.671895 1.150980 2.329998
0.896497 -0.962743 0.765650
0.855375 -0.936777 0.782069
0.783075 -0.881393 0.807015
0.725219 -0.822426 0.822957
0.681753 -0.760971 0.831750
0.651140 -0.698018 0.835158
0.631138 -0.634493 0.834775
0.619751 -0.571173 0.832000
0.615465 -0.508539 0.828057
0.617135 -0.446747 0.824040
0.623934 -0.385787 0.820963
0.635267 -0.325706 0.819789
0.650740 -0.266708 0.821354
0.670126 -0.209112 0.826153
0.693249 -0.153218 0.834288
0.719838 -0.099154 0.845965
0.749435 -0.046786 0.861696
1.480855 0.979172 1.784866
1.544995 1.042277 1.800915
1.609277 1.104244 1.803122
1.671963 1.163775 1.789627
1.731201 1.219193 1.757582
1.786439 1.268141 1.705606
1.838254 1.308102 1.633585
1.862821 1.323958 1.590180
1.886250 1.336662 1.542166
1.908329 1.345953 1.490015
1.928908 1.351589 1.434309
1.772890 0.456680 0.406326
1.716102 0.377560 0.397610
1.653905 0.299697 0.394166
1.586340 0.223931 0.395626
1.513277 0.151041 0.401540
1.434599 0.081742 0.411395
1.350408 0.016680 0.424636
1.261079 -0.043564 0.440678
1.167186 -0.098487 0.458929
1.069358 -0.147668 0.478808
0.968129 -0.190753 0.499756
0.863902 -0.227433 0.521255
0.757090 -0.257433 0.542836
0.648297 -0.280521 0.564085
0.538334 -0.296532 0.584656
0.428078 -0.305400 0.604277
0.318340 -0.307150 0.622754
0.209861 -0.301880 0.639976
-0.000554 -0.270987 0.670593
-0.101205 -0.245881 0.684144
-0.198087 -0.214788 0.696735
-0.290770 -0.178108 0.708591
-0.378919 -0.136284 0.719976
-0.462271 -0.089783 0.731183
-0.540600 -0.039106 0.742514
-0.613703 0.015222 0.754277
-0.681418 0.072655 0.766771
0.612017 -0.958642 0.608808
0.610301 -0.886461 0.633829
0.620601 -0.812542 0.653799
0.639574 -0.737440 0.669929
0.663792 -0.661443 0.683212
0.690102 -0.584783 0.694466
0.716282 -0.507902 0.704385
0.741251 -0.431530 0.713605
0.895711 -0.050914 0.776214
0.936126 0.010301 0.793396
0.979643 0.070468 0.813329
1.024306 0.130677 0.836336
1.067902 0.192117 0.862634
1.108505 0.255925 0.892444
1.517445 1.466497 1.649218
1.536931 1.516924 1.657214
1.556777 1.567444 1.659751
1.577036 1.617900 1.656270
1.597768 1.668136 1.646238
1.619045 1.718007 1.629220
1.640952 1.767385 1.604937
1.663555 1.816156 1.573262
-0.717201 0.150733 0.073859
-0.651075 0.160846 0.126102
-0.595690 0.171508 0.177497
-0.550300 0.183337 0.228220
-0.512769 0.196671 0.278496
-0.480044 0.211689 0.328560
-0.448873 0.228483 0.378635
-0.416394 0.247069 0.428914
-0.244183 0.336725 0.635002
-0.190547 0.361883 0.688396
-0.134697 0.387768 0.742694
-0.077956 0.414328 0.797927
-0.021462 0.441597 0.854163
0.033944 0.469672 0.911514
0.087748 0.498673 0.970138
0.139724 0.528718 1.030204
0.189861 0.559893 1.091796
0.238299 0.592247 1.154947
0.285279 0.625795 1.219590
0.331128 0.660527 1.285229
0.376258 0.696426 1.351245
0.443706 0.752458 1.449421
0.489329 0.791316 1.512833
0.536149 0.831481 1.574286
0.584683 0.873131 1.633817
0.635341 0.916526 1.690305
0.772560 1.034343 1.803052
0.831588 1.085489 1.831994
0.892638 1.138767 1.847831
0.955362 1.194160 1.850095
1.019423 1.251405 1.838047
1.150560 1.368302 1.764091
1.183873 1.397349 1.734003
1.217385 1.425894 1.698451
1.251107 1.453610 1.657015
-0.718487 -0.030179 0.788028
-0.662384 -0.040584 0.794661
-0.607204 -0.049112 0.800729
-0.553364 -0.055603 0.806362
-0.501230 -0.059955 0.811696
-0.451123 -0.062118 0.816871
-0.358016 -0.059913 0.827297
-0.275556 -0.049448 0.838756
-0.204315 -0.031637 0.852292
-0.143955 -0.007634 0.868601
-0.093428 0.021360 0.888291
-0.051241 0.054233 0.912161
-0.015680 0.090035 0.940436
0.042401 0.167623 1.009021
0.067899 0.208480 1.049352
0.525988 1.020243 2.158504
0.559168 1.083258 2.211171
0.592830 1.147540 2.251960
0.626889 1.213114 2.277588
-0.703334 0.605492 -0.020019
-0.667060 0.637973 0.051448
-0.606183 0.659154 0.122420
-0.567266 0.666180 0.157273
-0.523230 0.671333 0.191490
-0.474567 0.675059 0.224938
-0.421838 0.677839 0.257501
-0.120806 0.694888 0.404728
-0.058437 0.702069 0.430877
0.002800 0.711325 0.455948
0.305548 0.816796 0.586307
0.367858 0.869165 0.623799
0.405912 0.926915 0.659639
0.418925 0.987276 0.694910
0.322282 1.157088 0.810021
0.255716 1.202617 0.855702
0.141197 1.255541 0.934386
-0.110241 1.319754 1.206580
-0.137672 1.324564 1.285880
-0.147560 1.327450 1.367930
-0.140614 1.329722 1.451832
-0.118425 1.333212 1.536573
-0.083154 1.340067 1.621501
-0.037232 1.351295 1.706621
-0.011039 1.358454 1.749082
0.016920 1.366552 1.791138
0.046369 1.375609 1.832418
0.077042 1.385750 1.872591
0.108688 1.397159 1.911475
0.141067 1.409984 1.949054
0.173959 1.424284 1.985403
0.207165 1.440045 2.020605
0.240517 1.457240 2.054685
0.273881 1.475860 2.087531
0.301952 0.447224 1.258071
0.354401 0.465937 1.314389
0.404014 0.483230 1.368513
0.448559 0.499475 1.420565
0.542851 0.561365 1.598921
0.533558 0.585700 1.648598
0.460852 0.629250 1.713159
0.413986 0.647462 1.732295
0.358928 0.665996 1.748108
0.297236 0.684472 1.760853
0.230509 0.702733 1.771102
0.088336 0.739022 1.785357
0.015680 0.756856 1.789128
-0.056522 0.774395 1.789829
-0.171026 0.789746 1.764337
-0.091640 0.798739 1.761673
-0.018109 0.815987 1.759765
0.046267 0.841257 1.758329
0.098736 0.873788 1.757492
0.137331 0.912184 1.757549
0.167493 0.976310 1.755778
0.150771 1.082031 1.763472
0.113893 1.136370 1.781975
0.072211 1.181026 1.806454
0.039922 1.216482 1.834871
0.086086 1.292580 1.947367
0.243321 1.362687 2.018525
0.331764 1.399698 2.044248
0.380608 1.420672 2.056070
0.432202 1.443484 2.066826
0.486290 1.468132 2.075818
0.542610 1.494501 2.082474
0.600892 1.522419 2.086606
0.660860 1.551711 2.088349
0.722233 1.582228 2.087948
0.784736 1.613879 2.085352
0.848104 1.646642 2.080043
0.912083 1.680547 2.071473
0.976421 1.715607 2.059330
0.639785 0.056305 1.528366
0.544117 0.078868 1.543920
0.492782 0.091281 1.552307
0.439196 0.104497 1.561138
0.383529 0.118520 1.570444
0.326009 0.133327 1.580315
0.266903 0.148865 1.590903
0.206506 0.165056 1.602378
0.145137 0.181801 1.614839
0.083134 0.198977 1.628260
0.020854 0.216438 1.642515
-0.041331 0.234020 1.657459
-0.103039 0.251533 1.672998
-0.163883 0.268770 1.689129
-0.223480 0.285510 1.705886
-0.281458 0.301519 1.723202
-0.337450 0.316558 1.740890
-0.391093 0.330390 1.758777
-0.442041 0.342785 1.776842
0.053294 0.387383 2.241817
0.128645 0.425810 2.248011
0.206319 0.473432 2.254766
0.284745 0.530876 2.259433
0.323758 0.563375 2.260523
0.362384 0.598381 2.260756
0.400440 0.635847 2.260511
0.437751 0.675703 2.260532
0.474150 0.717861 2.261202
0.509487 0.762232 2.262099
0.543627 0.808714 2.262294
0.576454 0.857172 2.261209
0.607871 0.907446 2.258960
0.637786 0.959359 2.255866
0.666112 1.012730 2.252014
0.692771 1.067372 2.247102
0.717696 1.123099 2.240443
0.740849 1.179726 2.231296
0.762208 1.237060 2.219337
0.781774 1.294882 2.204560
0.799559 1.352954 2.186822
-0.102571 1.002724 1.864245
-0.011174 1.014615 1.945843
0.033626 1.020071 1.981722
0.077589 1.025371 2.014395
0.120559 1.030644 2.043911
0.203003 1.041605 2.093789
0.280100 1.053766 2.130876
0.351262 1.067684 2.152129
0.416220 1.083796 2.157344
0.474980 1.101349 2.147527
0.538407 0.912646 0.874304
0.463571 0.888797 0.829800
0.379049 0.871987 0.794319
0.237505 0.863748 0.753916
0.085234 0.876648 0.728809
0.033815 0.885285 0.723731
-0.017261 0.895869 0.720169
-0.067564 0.908207 0.718082
-0.116649 0.922056 0.717478
-0.209325 0.953042 0.720914
-0.291522 0.986042 0.730720
-0.359442 1.018165 0.746292
-0.409611 1.046734 0.766263
-0.445683 1.078382 0.801210
-0.414154 1.096442 0.849623
-0.365959 1.097477 0.871380
-0.300009 1.096396 0.889891
-0.221024 1.096253 0.904493
-0.134994 1.100061 0.915028
-0.048751 1.110196 0.921619
0.095202 1.152957 0.924182
0.140000 1.184271 0.921453
0.047640 1.324054 0.915084
-0.024867 1.339075 0.925308
-0.103900 1.345468 0.942012
-0.181546 1.343783 0.965032
-0.249619 1.336050 0.993597
-0.300425 1.325304 1.026156
-0.330680 1.310210 1.078301
-0.294242 1.303760 1.129385
-0.230830 1.305365 1.160347
-0.017286 1.321179 1.206880
0.051623 1.327438 1.213961
0.125614 1.334283 1.218807
0.286322 1.348624 1.221051
0.371743 1.355590 1.218139
0.459674 1.362145 1.212426
0.549489 1.368139 1.203918
0.640598 1.373416 1.192678
0.732446 1.377767 1.178769
0.824512 1.380929 1.162203
0.916305 1.382627 1.142928
1.007365 1.382610 1.120879
1.097262 1.380652 1.096043
1.185598 1.376569 1.068500
1.272006 1.370221 1.038426
1.356145 1.361498 1.006060
1.437704 1.350292 0.971672
1.516400 1.336504 0.935536
1.591988 1.320063 0.897917
1.664259 1.300940 0.859083
1.733042 1.279133 0.819308
1.798205 1.254643 0.778885
1.859651 1.227473 0.738123
1.917325 1.197648 0.697351
1.971209 1.165219 0.656909
2.021317 1.130259 0.617153
2.067693 1.092833 0.578438
2.110394 1.052982 0.541115
2.149478 1.010698 0.505506
2.185012 0.965933 0.471895
2.217079 0.918642 0.440523
2.245792 0.868849 0.411593
2.271287 0.816673 0.385282
2.293681 0.762329 0.361750
2.313031 0.706106 0.341143
2.329389 0.648345 0.323593
0.176863 0.743463 1.424563
0.214355 0.749705 1.465084
0.249602 0.755198 1.503456
0.312195 0.764394 1.573846
0.362529 0.771935 1.636214
0.426241 0.792972 1.783735
0.406588 0.806570 1.839859
0.332355 0.831188 1.898822
0.278468 0.846754 1.921297
0.216221 0.864304 1.940253
0.147626 0.882906 1.955149
0.074606 0.901650 1.963773
-0.062916 0.931090 1.612591
0.000733 0.956673 1.603743
0.030079 1.002711 1.594630
0.004014 1.046855 1.584094
-0.047669 1.076542 1.577709
-0.076750 1.105565 1.608729
-0.027046 1.122226 1.633492
0.032755 1.138032 1.648384
0.113998 1.158672 1.663125
0.162311 1.170867 1.670178
0.215439 1.184226 1.676336
0.273085 1.198675 1.681011
0.334913 1.214177 1.683796
0.400555 1.230724 1.684567
0.469627 1.248299 1.683419
0.541732 1.266826 1.680502
0.616472 1.286156 1.675869
0.693450 1.306077 1.669394
0.772280 1.326353 1.660800
0.852587 1.346765 1.649738
1.016195 1.387386 1.618948
1.181454 1.427044 1.575302
1.263846 1.446218 1.548672
1.426540 1.482457 1.487075
1.506259 1.499279 1.452616
1.735958 1.543891 1.334881
2.013375 1.583599 1.142590
2.076773 1.588730 1.088783
