3 2618
0.977591 1.942808 -0.991714
0.945584 1.928527 -0.932637
0.921803 1.917411 -0.882022
0.898072 1.907159 -0.824219
0.876068 1.898091 -0.760836
0.857280 1.889419 -0.693408
0.842942 1.880899 -0.623202
0.834464 1.871363 -0.551122
0.833760 1.859001 -0.477944
0.842758 1.843770 -0.404645
0.862193 1.827121 -0.332424
0.890973 1.810728 -0.262480
0.927454 1.794911 -0.195823
0.969436 1.779423 -0.133185
1.013772 1.765255 -0.074911
1.057794 1.753850 -0.020972
1.099390 1.745241 0.028971
1.136903 1.740766 0.075513
1.169575 1.742857 0.119297
1.197545 1.751737 0.160860
1.232185 1.775258 0.220169
1.260340 1.804704 0.277251
1.285427 1.835863 0.332774
1.314543 1.864261 0.386186
1.353834 1.888055 0.435612
1.403316 1.906266 0.478384
1.461065 1.911628 0.512076
1.528580 1.905646 0.534424
1.580348 1.895550 0.541832
1.636770 1.874619 0.542650
1.697117 1.839088 0.536801
1.761504 1.789157 0.524432
-0.790126 1.052660 1.947734
-0.277114 0.587443 2.797950
-0.203854 0.578210 2.786101
-0.152871 0.579169 2.782332
-0.100518 0.586004 2.776619
-0.047158 0.599741 2.760285
0.006804 0.621125 2.740620
0.060959 0.650145 2.719174
0.114927 0.686523 2.696257
0.168347 0.729971 2.674393
0.220846 0.780256 2.649900
0.272018 0.837171 2.617980
0.321451 0.900347 2.582898
0.368732 0.969118 2.544993
0.413416 1.042744 2.500545
1.999187 -0.143958 -0.794860
1.848856 -0.204535 1.063880
1.847088 -0.134595 1.073402
1.847264 -0.066137 1.084962
1.848521 0.000461 1.099353
1.852785 0.065101 1.117297
1.860870 0.128019 1.138910
1.872644 0.189726 1.164105
1.888421 0.250804 1.190917
1.906721 0.311603 1.216752
1.926906 0.372250 1.241872
-1.311476 0.513122 1.279425
-1.365593 0.522528 1.337412
-1.389430 0.509776 1.394504
-1.383718 0.475305 1.448732
-1.349281 0.421263 1.498076
0.248406 0.035282 1.681861
0.347707 0.075455 1.686056
1.100073 2.697183 -0.541603
1.085033 2.669344 -0.602213
1.076748 2.618063 -0.632154
1.080583 2.563839 -0.622590
1.095886 2.502792 -0.593122
1.114223 2.462995 -0.566562
1.139781 2.425419 -0.537532
1.171830 2.386412 -0.508253
1.209177 2.344685 -0.480328
1.250921 2.303683 -0.454862
1.296332 2.261714 -0.432610
1.345395 2.214300 -0.414105
1.397380 2.163442 -0.399747
1.450755 2.113134 -0.389707
1.503501 2.064554 -0.383848
1.553763 2.015689 -0.381742
1.600771 1.966736 -0.382777
1.645013 1.918541 -0.386272
1.687015 1.870969 -0.391642
1.726067 1.819267 -0.398386
1.761068 1.765181 -0.405929
1.791973 1.711180 -0.413693
1.820045 1.657994 -0.421164
1.847457 1.604722 -0.428076
1.875424 1.545369 -0.434311
1.904693 1.477377 -0.439699
1.935369 1.401198 -0.444079
1.963745 1.315416 -0.447103
-0.082585 0.294554 3.091144
-0.019951 0.318483 3.068595
0.041282 0.351685 3.047554
0.100322 0.393558 3.027331
0.156571 0.443349 3.010178
0.209625 0.500374 2.990438
0.259261 0.563923 2.971024
0.305427 0.633131 2.947193
0.348239 0.707141 2.913293
0.387955 0.783796 2.871103
0.698149 1.681187 2.035073
2.263476 0.368354 0.630716
2.264934 0.433214 0.632293
2.267914 0.486211 0.631582
2.271347 0.539833 0.628103
2.214790 0.394833 0.634456
2.180296 0.319965 0.644889
-0.020762 0.087182 2.263881
0.043765 0.105115 2.269432
0.107689 0.128210 2.275246
1.242165 1.769845 -1.058414
1.259376 1.710329 -1.005911
1.276579 1.653166 -0.953210
1.293909 1.596595 -0.901263
1.311808 1.541400 -0.850529
1.331017 1.487390 -0.801178
1.352606 1.433013 -0.753500
1.377108 1.377384 -0.708021
1.403675 1.320899 -0.665313
1.430885 1.264578 -0.625786
1.458325 1.209228 -0.589653
1.487034 1.154198 -0.556960
1.518269 1.098654 -0.527581
1.551632 1.043817 -0.501164
1.585308 0.990754 -0.477172
1.618360 0.938821 -0.455077
1.650759 0.886357 -0.434468
1.682434 0.832551 -0.414914
1.713358 0.778112 -0.395955
1.743435 0.723749 -0.377147
1.772499 0.669384 -0.358077
1.799593 0.614800 -0.338333
1.822768 0.559970 -0.317503
1.841805 0.504837 -0.295245
1.858229 0.449162 -0.271363
1.872017 0.392441 -0.245693
1.881328 0.334004 -0.217982
1.883405 0.273261 -0.187891
1.878154 0.209869 -0.155097
1.866585 0.143692 -0.119392
1.846269 0.074909 -0.080698
1.814150 0.004163 -0.039106
1.769569 -0.067539 0.005055
-0.358470 0.870035 2.697460
-0.328663 0.874727 2.636354
-0.299418 0.883891 2.582375
-0.271529 0.895664 2.522625
-0.245574 0.909015 2.462636
-0.221596 0.923193 2.404172
-0.198599 0.936812 2.354927
-0.166293 0.952681 2.303776
-0.013638 1.011992 2.196203
0.041718 1.035728 2.190360
0.102028 1.067223 2.195646
0.144124 1.093931 2.201212
0.187186 1.125454 2.208384
0.230795 1.160995 2.217314
0.274665 1.200190 2.229983
0.318773 1.243475 2.245602
0.363431 1.291323 2.263645
0.409245 1.343654 2.283273
0.457051 1.399894 2.305135
0.507816 1.459593 2.328883
0.562546 1.522885 2.350108
0.622177 1.590241 2.365808
0.143614 1.100609 0.625120
0.199146 1.136606 0.687779
0.223114 1.177716 0.748848
0.213665 1.219636 0.810350
0.172426 1.258156 0.874484
0.563842 -0.834319 0.364102
0.541150 -0.783701 0.408444
0.529961 -0.729627 0.447445
0.529096 -0.672433 0.481939
0.537050 -0.612486 0.512688
-1.476871 -0.193089 -0.289103
-1.436893 -0.110087 -0.260113
-1.381477 -0.045649 -0.222096
-1.315372 0.002158 -0.177687
-1.241916 0.035880 -0.129177
-1.164149 0.058380 -0.078417
-1.085219 0.072593 -0.026790
-1.008226 0.081313 0.024772
-0.935865 0.086988 0.075730
-0.869907 0.091589 0.125841
-0.810859 0.096575 0.175065
-0.758101 0.102943 0.223484
-0.710322 0.111306 0.271259
-0.665940 0.121970 0.318594
-0.623400 0.135004 0.365710
-0.581346 0.150298 0.412829
-0.538700 0.167615 0.460161
-0.494727 0.186648 0.507906
-0.449105 0.207073 0.556255
-0.114158 0.372771 0.922336
-0.069664 0.399086 0.979281
-0.026998 0.426029 1.037371
0.013706 0.453523 1.096706
0.052485 0.481460 1.157249
0.089593 0.509725 1.218958
0.125516 0.538216 1.281800
0.160951 0.566868 1.345431
0.196726 0.595663 1.408815
0.382259 0.729210 1.673644
0.431392 0.760800 1.723016
-1.024092 0.304020 0.789536
-1.062189 0.350896 0.832157
-1.073298 0.380712 0.877880
-1.058308 0.393078 0.925127
-1.018808 0.389150 0.972220
-0.957553 0.371570 1.017708
-0.034435 0.243948 1.360530
0.007633 0.272967 1.394938
0.034741 0.305954 1.431203
0.049234 0.340889 1.469439
0.054115 0.376185 1.510331
0.052612 0.410763 1.555281
0.038592 0.549834 1.808121
0.043797 0.578362 1.871728
0.053363 0.606829 1.939089
0.067146 0.635597 2.010318
0.084826 0.664958 2.084572
0.106011 0.695431 2.160370
0.130309 0.727779 2.236216
0.307008 0.953542 2.607769
0.385619 1.063092 2.688335
0.513479 1.252627 2.718461
0.389580 -0.192686 -0.754142
0.315841 -0.175919 -0.697633
0.261844 -0.151892 -0.643059
0.229475 -0.122895 -0.590269
0.219351 -0.090754 -0.538987
0.230968 -0.056678 -0.488865
0.262715 -0.021208 -0.439600
0.311866 0.015736 -0.391032
0.374643 0.054711 -0.343154
0.446396 0.096527 -0.296089
0.596355 0.191665 -0.205344
0.664275 0.245629 -0.162223
0.721513 0.303398 -0.120921
0.765110 0.363932 -0.081538
0.793735 0.425781 -0.044009
0.807691 0.487296 -0.008093
0.808843 0.546853 0.026604
0.800382 0.603070 0.060558
0.786425 0.654951 0.094241
0.771452 0.701951 0.128038
0.759663 0.743942 0.162178
0.754471 0.781124 0.196717
0.763818 0.828863 0.248985
0.795666 0.868815 0.300979
0.828012 0.892346 0.334932
0.866793 0.914404 0.367980
0.909139 0.935991 0.399950
0.952022 0.958222 0.430789
0.992649 0.982284 0.460567
1.028629 1.009372 0.489459
1.058210 1.040538 0.517728
1.080555 1.076471 0.545725
1.095758 1.117433 0.573846
1.104686 1.163422 0.602502
1.108818 1.214352 0.632094
1.110029 1.270135 0.662958
1.110309 1.330093 0.695303
1.111418 1.392703 0.729090
1.114749 1.456698 0.763925
1.121470 1.521246 0.799062
1.132493 1.585322 0.833544
1.148246 1.647595 0.866319
1.168906 1.706461 0.896144
1.195135 1.760857 0.921466
1.227800 1.809824 0.940551
1.267093 1.851883 0.951845
1.312770 1.886816 0.954226
1.364968 1.915979 0.946814
1.424244 1.939557 0.928566
1.490863 1.956397 0.898349
0.388362 0.372603 2.324205
1.058442 1.280137 -0.828910
1.063222 1.208060 -0.835938
1.074174 1.145450 -0.826819
1.092640 1.093847 -0.806265
1.117721 1.051931 -0.779012
1.148178 1.018627 -0.748954
1.183138 0.994425 -0.717559
1.221082 0.979376 -0.684834
1.258887 0.972157 -0.651165
1.301412 0.972730 -0.606395
1.326961 0.983064 -0.563916
1.332824 1.003377 -0.515839
1.326132 1.014167 -0.464662
1.342043 0.990893 -0.419691
1.382705 0.957173 -0.393918
1.424735 0.925523 -0.377234
1.469096 0.891869 -0.362602
1.509835 0.860867 -0.349583
1.549934 0.830725 -0.330270
1.521324 0.866925 -0.299341
1.505862 0.915893 -0.285271
1.516404 0.964769 -0.273027
1.553111 0.919779 -0.263565
1.561312 0.861601 -0.255890
1.562765 0.809541 -0.248154
1.558804 0.747408 -0.237656
1.546442 0.676425 -0.223819
1.523585 0.598630 -0.206129
1.489886 0.516473 -0.184270
0.213710 -0.019561 0.358023
0.153730 0.010794 0.389421
0.103174 0.044494 0.421695
0.061844 0.080482 0.455332
0.029331 0.117845 0.490765
0.005105 0.155824 0.528407
-0.011582 0.193808 0.568642
0.051971 0.601400 1.450808
0.056027 0.623518 1.540926
0.061567 0.644750 1.633339
-0.215768 0.722426 0.668251
-0.277105 0.754256 0.681207
-0.323637 0.794661 0.706724
-0.295533 0.829435 0.747765
-0.246827 0.840606 0.769020
-0.181130 0.850687 0.789315
-0.105332 0.862472 0.807748
-0.027417 0.878455 0.823831
0.044494 0.900252 0.837545
0.103054 0.928179 0.849296
0.142505 0.961166 0.859864
0.159283 1.015414 0.875932
0.127336 1.067548 0.896113
0.086338 1.097112 0.913776
0.038244 1.121164 0.935690
-0.007965 1.140117 0.962174
-0.053702 1.162049 1.009975
-0.047774 1.182122 1.064311
-0.006467 1.197886 1.101002
0.067077 1.216378 1.135263
2.736345 1.167277 0.397612
2.785845 1.147490 0.318304
2.828744 1.129837 0.241200
2.861805 1.114263 0.166514
2.883982 1.100083 0.094531
2.897550 1.087021 0.025424
2.906134 1.074523 -0.040844
2.909983 1.061446 -0.104274
2.910371 1.046410 -0.164595
2.910618 1.027841 -0.221444
2.908953 1.004003 -0.274312
2.903644 0.973400 -0.322441
2.896918 0.934683 -0.365141
2.888965 0.886238 -0.401695
2.882021 0.826435 -0.431366
2.877377 0.754057 -0.453415
2.876681 0.668445 -0.467137
0.779340 1.410865 1.571589
0.781930 1.393891 1.480682
0.774482 1.374701 1.390070
0.756362 1.354061 1.299870
0.727321 1.331637 1.211802
0.687389 1.306998 1.128582
0.636965 1.282650 1.053390
0.576817 1.260846 0.986984
0.508233 1.242553 0.928344
0.433152 1.228567 0.877321
0.353920 1.219322 0.834744
0.273465 1.215567 0.800436
0.158616 1.221846 0.762025
0.091885 1.231301 0.743539
0.037576 1.244438 0.729935
-0.013821 1.269601 0.717547
0.008411 1.315425 0.708671
0.076676 1.336987 0.704285
0.136146 1.353666 0.698950
0.200700 1.374781 0.690767
0.264100 1.402180 0.679334
0.319758 1.436320 0.664663
0.361580 1.476431 0.647194
0.384678 1.521296 0.627699
0.385422 1.569106 0.607233
0.361467 1.616518 0.587261
0.312723 1.659561 0.569760
0.241636 1.695573 0.557082
0.152767 1.723085 0.551589
-0.152867 1.749337 0.593270
-0.241104 1.741411 0.626576
-0.308617 1.728571 0.667032
-0.348189 1.714848 0.711959
-0.344869 1.700686 0.781079
-0.298315 1.697358 0.823799
-0.217280 1.698666 0.860373
1.659180 -0.598504 0.309360
1.609480 -0.624241 0.342419
1.559500 -0.646401 0.374365
0.738819 -0.544598 0.592089
0.707537 -0.511208 0.553719
0.666120 -0.480134 0.511018
0.623365 -0.457692 0.477995
0.569315 -0.435201 0.444855
0.505604 -0.411778 0.411769
0.460003 -0.395145 0.390958
0.414471 -0.377293 0.372173
0.352472 -0.347723 0.348007
0.307222 -0.314955 0.329816
0.289011 -0.268987 0.316506
0.329079 -0.226794 0.315611
0.395022 -0.202196 0.321914
0.452301 -0.190359 0.328732
0.516640 -0.182476 0.337583
0.584342 -0.178516 0.348724
0.651587 -0.178249 0.361509
0.714797 -0.181353 0.374436
0.770770 -0.187435 0.387432
0.835021 -0.200948 0.406630
0.872531 -0.229077 0.435310
0.813059 -0.251278 0.456485
0.734638 -0.255325 0.464602
0.668030 -0.252344 0.468322
0.592578 -0.244120 0.471109
0.510848 -0.230281 0.473668
0.425598 -0.210732 0.476671
0.339585 -0.185660 0.480970
0.255355 -0.155506 0.487604
0.175034 -0.120948 0.497495
0.100385 -0.082820 0.511401
0.032888 -0.042050 0.529960
-0.026423 0.000407 0.553569
-0.076956 0.043633 0.582515
-0.118491 0.086795 0.617198
-0.151217 0.129179 0.657467
-0.175706 0.170235 0.703064
-0.192772 0.209573 0.754398
-0.203308 0.246942 0.811484
-0.208223 0.282207 0.874050
-0.208431 0.315339 0.941733
-0.204798 0.346396 1.014056
-0.198076 0.375488 1.090220
-0.188956 0.402772 1.168870
-0.178155 0.428425 1.250094
-0.166349 0.452617 1.334713
-0.154007 0.475494 1.422799
-0.141376 0.497175 1.513392
-0.128617 0.517754 1.605787
0.087454 1.010659 2.324753
0.075698 1.031983 2.246416
0.054220 1.062282 2.115968
0.038369 1.081759 2.027283
0.022276 1.100441 1.942181
0.007015 1.117680 1.862945
-0.006157 1.133386 1.790173
-0.015932 1.148233 1.725564
-0.021083 1.162904 1.671694
-0.017782 1.184362 1.601949
0.001240 1.205501 1.535141
0.023035 1.220025 1.491679
0.051496 1.235425 1.450328
0.085327 1.252664 1.410163
0.122536 1.272496 1.369693
0.160647 1.295060 1.328184
0.196986 1.321035 1.285407
0.228984 1.350901 1.241222
0.254565 1.383892 1.196092
0.272465 1.418531 1.151133
0.282421 1.453398 1.107323
0.285246 1.488497 1.064848
0.282839 1.523741 1.023336
0.278157 1.556908 0.982817
0.275245 1.600314 0.924600
0.289424 1.635641 0.868593
0.332410 1.666263 0.811609
0.380872 1.686409 0.770814
0.446321 1.705675 0.726073
0.528487 1.722088 0.676130
0.575413 1.728450 0.648927
1.246438 -0.579027 0.711393
1.205540 -0.572624 0.682107
1.154628 -0.569564 0.646765
1.093632 -0.569848 0.607125
1.051262 -0.571462 0.578630
1.010603 -0.573797 0.548260
0.957678 -0.578115 0.498802
0.917571 -0.582958 0.448176
0.888755 -0.587806 0.399235
0.870873 -0.592400 0.352086
0.864402 -0.598508 0.293339
0.869641 -0.606242 0.240516
0.871680 -0.617615 0.191645
0.855426 -0.632943 0.140673
0.824574 -0.645911 0.099614
0.774078 -0.658081 0.058452
0.728632 -0.664386 0.029930
0.673827 -0.668155 -0.000974
0.610405 -0.668401 -0.034010
0.539667 -0.664174 -0.067954
0.463211 -0.654652 -0.102485
0.382727 -0.639203 -0.137559
0.299995 -0.617388 -0.172045
0.216904 -0.588981 -0.204411
0.135306 -0.553993 -0.233355
0.056788 -0.512673 -0.257638
-0.017502 -0.465457 -0.276200
-0.086886 -0.412906 -0.288408
-0.150834 -0.355653 -0.293667
-0.208586 -0.294397 -0.291221
-0.259579 -0.229907 -0.280239
-0.303891 -0.162979 -0.260099
-0.341923 -0.094395 -0.230931
-0.374062 -0.024913 -0.192689
-0.400649 0.044725 -0.144908
-0.422020 0.113809 -0.087526
-0.438538 0.181683 -0.020759
0.343025 1.187950 1.724644
0.370170 1.197468 1.633069
0.395729 1.204176 1.540462
0.418595 1.207860 1.444817
0.437700 1.208718 1.349198
0.452171 1.207087 1.256860
0.461343 1.202760 1.168414
0.464676 1.196000 1.084257
0.461732 1.187929 1.004932
0.452200 1.179527 0.931449
0.436109 1.171609 0.863930
0.413953 1.165211 0.800812
0.386602 1.161242 0.741217
0.355271 1.159825 0.685877
0.321496 1.160419 0.636079
0.287140 1.162497 0.592611
0.239237 1.167966 0.539218
0.202091 1.176346 0.497944
0.180403 1.192095 0.455486
0.210278 1.219310 0.413039
0.256966 1.244489 0.389395
0.317860 1.278454 0.364272
0.361420 1.305891 0.345681
0.403304 1.337230 0.325229
0.439991 1.372238 0.302955
0.468198 1.410505 0.279267
0.485121 1.451610 0.254943
0.484999 1.516344 0.219689
0.466590 1.558490 0.198935
0.433976 1.597855 0.182023
0.388849 1.633644 0.170312
0.333850 1.665061 0.164999
0.272441 1.691282 0.167008
0.208621 1.713377 0.176866
0.146722 1.732630 0.194621
0.091473 1.748522 0.219830
0.047751 1.760810 0.251525
0.012920 1.773238 0.307881
0.023726 1.781205 0.368816
0.059011 1.785921 0.408197
0.117102 1.791249 0.443852
0.197223 1.796495 0.473523
1.425879 -0.759648 0.845869
1.354649 -0.761128 0.808849
1.281988 -0.764102 0.767667
1.210384 -0.768204 0.723136
1.142020 -0.773044 0.674914
1.077428 -0.778215 0.623196
1.015482 -0.783301 0.569354
0.955016 -0.787905 0.514294
0.895549 -0.791682 0.459200
0.836557 -0.794391 0.404970
0.777399 -0.795897 0.351104
0.717368 -0.795958 0.296603
0.655211 -0.794090 0.240963
0.589366 -0.789563 0.184303
0.518759 -0.781513 0.126745
0.442965 -0.769041 0.069526
-0.085717 1.036798 2.254491
-0.072238 1.051213 2.195805
-0.058045 1.066764 2.134191
-0.043426 1.083353 2.069755
-0.028766 1.100389 2.000995
0.030595 1.176804 1.689808
0.042544 1.193785 1.627506
0.054766 1.210563 1.567150
0.301259 1.399877 1.095761
0.334771 1.428688 1.051859
0.366099 1.460512 1.007284
0.394025 1.494433 0.961802
0.417618 1.529685 0.915214
0.436445 1.565656 0.867424
0.450651 1.601626 0.818682
0.461009 1.637347 0.769622
0.476087 1.705683 0.672416
0.484781 1.734987 0.624474
0.497304 1.760913 0.576966
0.515774 1.783906 0.529754
0.541917 1.803176 0.482440
0.577183 1.818134 0.434361
0.622551 1.828817 0.384748
0.678158 1.835736 0.332928
0.743640 1.839118 0.278382
1.972449 -0.416012 1.036776
1.960927 -0.364243 1.039346
1.951031 -0.313976 1.041925
1.936124 -0.242653 1.048713
1.923958 -0.176736 1.062000
1.917212 -0.115653 1.082162
1.914327 -0.057739 1.108040
1.919047 -0.001386 1.134278
1.929760 0.054084 1.162457
1.941070 0.108815 1.194132
1.953054 0.162410 1.225272
1.963639 0.213637 1.253580
1.962467 0.260500 1.277364
1.934996 0.312313 1.303580
-0.385445 0.573436 1.617962
-0.454217 0.579607 1.648392
-0.503111 0.579110 1.677428
-0.538666 0.566344 1.716866
-0.518415 0.532941 1.763666
-0.457089 0.503759 1.795965
-0.396881 0.486643 1.814785
-0.323443 0.474181 1.830030
-0.239018 0.468486 1.841804
-0.145998 0.471251 1.851678
0.683125 2.504012 -0.557686
0.631552 2.504467 -0.523745
0.586629 2.502692 -0.474127
0.550855 2.498669 -0.411324
0.525822 2.495899 -0.338106
0.513289 2.493736 -0.257391
0.515470 2.491589 -0.172274
0.534184 2.488703 -0.085990
0.570094 2.482919 -0.001792
0.622836 2.474252 0.077247
1.112053 2.408824 0.328265
1.208848 2.394313 0.334140
1.299959 2.380809 0.328835
1.383029 2.373256 0.313440
1.455899 2.366543 0.289291
1.517738 2.359700 0.258041
1.568888 2.355239 0.221274
1.610342 2.351638 0.180447
1.643220 2.350805 0.136908
1.669237 2.350736 0.091864
1.690670 2.352299 0.046303
1.717944 2.353202 -0.021532
1.743200 2.337405 -0.086882
1.768836 2.306488 -0.147666
1.789267 2.277018 -0.184845
1.814755 2.238417 -0.219229
1.846500 2.191169 -0.251079
1.883081 2.133130 -0.280716
1.922212 2.061143 -0.308136
1.350688 0.223121 1.049796
1.396361 0.138610 1.059916
1.424047 0.055013 1.068278
1.433465 -0.026570 1.075684
1.424467 -0.105155 1.082531
1.397135 -0.179795 1.088803
1.351818 -0.249624 1.094258
1.289304 -0.313731 1.098575
1.210756 -0.370904 1.101443
-1.321443 0.330468 1.232175
-1.365465 0.368586 1.301112
-1.388684 0.385528 1.373121
-1.391573 0.380762 1.443937
-1.375098 0.355230 1.509919
-1.340512 0.311059 1.568487
-1.289003 0.251362 1.617484
0.566023 2.742930 -0.461244
0.558655 2.684392 -0.456797
0.569622 2.656201 -0.393782
0.588403 2.631803 -0.322290
0.607109 2.614408 -0.267081
0.629472 2.601884 -0.208382
0.655822 2.592558 -0.148160
0.687469 2.584703 -0.088350
0.725221 2.578979 -0.030772
0.769670 2.574724 0.022899
0.820315 2.568603 0.071198
0.876558 2.562573 0.112926
0.938010 2.556331 0.147099
1.004214 2.545746 0.172932
1.074730 2.532562 0.189850
1.149256 2.518778 0.197439
1.227421 2.502281 0.195451
1.308580 2.481697 0.183845
1.391873 2.453233 0.162877
1.476133 2.419438 0.133103
-0.616208 0.671459 2.694098
-0.303614 0.327071 2.981142
-0.254179 0.314075 2.973418
-0.208406 0.314896 2.951753
-0.166527 0.328301 2.912764
-0.127395 0.352171 2.870113
-0.088332 0.383917 2.850043
-0.045148 0.423591 2.835042
-0.007585 0.459475 2.827630
0.035808 0.501109 2.808081
0.085609 0.550313 2.790793
0.122231 0.588107 2.780587
0.161216 0.630610 2.767870
0.202057 0.677744 2.756929
0.244128 0.730236 2.750902
0.286707 0.788257 2.745200
0.329016 0.851407 2.742947
0.370273 0.919515 2.741678
0.409694 0.992619 2.741011
0.446507 1.070600 2.736359
0.480012 1.152994 2.725964
0.577230 1.563084 2.625163
1.924215 -0.334572 -1.086911
1.237314 -0.589582 0.880769
1.210076 -0.541524 0.847538
1.182567 -0.500216 0.813754
1.154917 -0.465588 0.782169
1.128043 -0.437245 0.749977
1.097709 -0.409290 0.713428
1.068592 -0.379322 0.677422
1.022833 -0.353209 0.651459
0.968389 -0.342092 0.637603
0.905563 -0.332107 0.628701
0.852352 -0.323522 0.623434
0.790564 -0.312705 0.618773
0.721348 -0.299117 0.614889
0.646246 -0.282292 0.611823
0.566745 -0.261896 0.609607
0.484162 -0.237793 0.608550
0.400081 -0.210038 0.609535
0.316672 -0.178812 0.613490
0.236398 -0.144443 0.620644
0.161459 -0.107452 0.630921
0.093588 -0.068517 0.645150
0.034050 -0.028386 0.664062
-0.016418 0.012197 0.688013
-0.057550 0.052559 0.716118
-0.089431 0.092141 0.748899
-0.112459 0.130507 0.787881
-0.127204 0.167351 0.833299
-0.134291 0.202501 0.883912
-0.134482 0.235934 0.938662
-0.128654 0.267758 0.997352
-0.117666 0.298170 1.058941
-0.102338 0.327421 1.124378
-0.083521 0.355782 1.194095
-0.062079 0.383548 1.268410
-0.038758 0.411035 1.346027
-0.014122 0.438569 1.425425
0.011374 0.466468 1.508349
0.037364 0.495032 1.595366
0.343825 0.982332 2.659583
1.003184 1.418550 -0.958659
1.059854 1.397994 -0.916327
1.113066 1.376348 -0.869352
1.162199 1.355834 -0.818640
1.205692 1.338614 -0.764693
1.242304 1.326658 -0.708633
1.271971 1.321468 -0.652144
1.293863 1.323583 -0.596872
1.306439 1.328015 -0.543728
1.309968 1.329452 -0.492834
1.305751 1.327013 -0.428247
1.300015 1.319251 -0.367072
1.302212 1.310305 -0.309075
1.315180 1.307053 -0.254364
1.339661 1.306913 -0.203449
1.365320 1.306497 -0.156303
1.388343 1.321192 -0.100887
1.404563 1.342558 -0.046808
1.430623 1.360636 0.006320
1.466938 1.356047 0.047138
1.501092 1.332434 0.076372
1.535275 1.288905 0.104719
1.565592 1.224699 0.132766
1.577781 1.168927 0.151900
1.580244 1.101723 0.172107
1.572462 1.022867 0.194035
1.554312 0.934519 0.218185
-0.459813 1.191319 2.358413
-0.483571 1.202173 2.314557
-0.505330 1.208262 2.265884
-0.524349 1.205487 2.213523
-0.539786 1.195156 2.160583
-0.548905 1.179047 2.105845
-0.546801 1.157165 2.057976
-0.528131 1.130270 2.016975
-0.489265 1.098285 1.990887
-0.429290 1.064440 1.974436
-0.378952 1.043469 1.967219
-0.322746 1.025001 1.961643
-0.263839 1.010340 1.954881
-0.206063 1.000549 1.943223
-0.153409 0.995974 1.928811
-0.091598 0.998331 1.908156
-0.049512 1.017822 1.877863
-0.081361 1.056413 1.882817
-0.035179 1.076284 1.895761
0.089275 1.110857 1.909564
0.487101 1.244032 -0.437952
0.423914 1.220548 -0.446904
0.363352 1.204187 -0.445920
0.308074 1.194903 -0.436136
0.260421 1.191333 -0.418674
0.207386 1.192080 -0.380409
0.181635 1.197758 -0.330871
0.187144 1.209316 -0.273905
0.225034 1.225853 -0.213485
0.267233 1.238951 -0.173203
0.321023 1.253953 -0.134155
0.383806 1.272179 -0.097242
0.452317 1.295558 -0.063183
0.522596 1.325644 -0.032470
0.590166 1.362808 -0.005328
0.650555 1.406580 0.018328
0.699636 1.456298 0.038907
0.733628 1.510666 0.057167
0.749130 1.567814 0.074245
0.743674 1.625873 0.091658
0.716176 1.682943 0.111232
0.667085 1.736984 0.134975
0.598426 1.786298 0.164903
-0.024844 1.940358 0.676929
-0.039780 1.940872 0.771788
-0.027147 1.941154 0.865339
0.011213 1.943267 0.954814
0.697624 2.089729 1.326530
0.784749 2.128313 1.327208
0.861778 2.169628 1.316702
0.927948 2.214733 1.295586
0.983276 2.265296 1.264919
1.028415 2.322553 1.226473
1.064495 2.383164 1.182504
1.093060 2.444365 1.133967
1.116057 2.502971 1.080022
1.135705 2.557256 1.019930
1.153768 2.605096 0.953268
1.171140 2.647538 0.878018
0.616020 0.838823 1.525688
0.679160 0.860819 1.596289
-1.672583 -0.258697 0.777567
-1.719090 -0.184603 0.771686
-1.741477 -0.129455 0.774092
-1.720217 -0.079865 0.794286
-1.647998 -0.093253 0.812311
-1.573414 -0.121888 0.820442
-0.592463 0.048905 -0.543248
-0.614168 0.121242 -0.488984
-0.596789 0.182165 -0.431802
-0.544281 0.230964 -0.372736
0.166486 0.454542 0.016803
0.218671 0.497104 0.065646
0.244500 0.541532 0.113698
0.245529 0.585602 0.161689
0.225709 0.627246 0.210402
0.191080 0.664947 0.260558
0.149036 0.697968 0.312695
0.107311 0.726364 0.367084
0.072976 0.750808 0.423695
0.051584 0.772308 0.482226
0.046633 0.791931 0.542175
0.059377 0.810613 0.602929
0.088985 0.829106 0.663854
0.132945 0.848026 0.724370
0.457986 0.988793 1.039881
0.505008 1.026996 1.095873
0.544302 1.070542 1.152515
0.576251 1.119079 1.210103
0.601800 1.172265 1.268732
0.622174 1.229641 1.328239
0.638665 1.290314 1.388378
0.652481 1.353766 1.448943
-0.611378 -0.680229 0.096163
-0.651902 -0.604811 0.098078
-0.672086 -0.533265 0.102021
-0.673674 -0.466714 0.108710
-0.659180 -0.405714 0.118492
-0.631562 -0.350320 0.131427
-0.594023 -0.300144 0.147377
-0.549788 -0.254439 0.166092
-0.501808 -0.212229 0.187282
-0.452438 -0.172479 0.210665
-0.403219 -0.134247 0.236005
-0.354831 -0.096782 0.263116
-0.307203 -0.059560 0.291866
-0.259705 -0.022276 0.322167
-0.211396 0.015184 0.353962
-0.161268 0.052785 0.387208
-0.108460 0.090380 0.421863
-0.052446 0.127760 0.457880
0.571411 0.492845 0.913036
0.616213 0.527917 0.963693
0.657976 0.563223 1.015926
0.697213 0.598587 1.069464
0.734565 0.633818 1.123754
0.770817 0.668756 1.178678
0.806871 0.703323 1.234240
0.843718 0.737547 1.289984
0.882366 0.771561 1.345160
-1.436164 0.120279 0.832169
-1.482073 0.181009 0.870443
-1.503637 0.220914 0.914847
-1.503302 0.238886 0.962528
-1.483400 0.235049 1.010711
-1.444299 0.210867 1.056878
-1.384333 0.169137 1.098637
1.394737 0.768989 -1.224815
1.404858 0.682767 -1.179351
1.412643 0.599086 -1.134812
1.458383 0.084507 -0.815602
1.466018 0.023778 -0.763331
1.475807 -0.033432 -0.709324
1.488337 -0.087292 -0.653578
1.502490 -0.137925 -0.596003
1.516578 -0.185306 -0.536479
1.529967 -0.229268 -0.474885
1.543158 -0.269563 -0.411148
1.556939 -0.305907 -0.345302
1.571750 -0.337990 -0.277538
1.587340 -0.365466 -0.208215
1.602960 -0.387938 -0.137845
1.618013 -0.404990 -0.067052
1.633233 -0.416242 0.003476
1.649724 -0.421403 0.073051
1.667561 -0.420254 0.140997
1.686142 -0.412639 0.206660
1.704803 -0.398455 0.269410
1.723013 -0.377655 0.328678
1.759907 -0.316423 0.435038
1.779265 -0.276429 0.481608
1.797966 -0.230756 0.523640
1.812594 -0.180097 0.561185
1.852329 0.050335 0.672399
1.864902 0.108140 0.692796
1.873889 0.163102 0.711254
1.877085 0.213697 0.728301
1.874433 0.278381 0.752332
1.868556 0.326452 0.775683
1.850640 0.364409 0.815122
1.820135 0.349458 0.858004
1.787093 0.305525 0.896187
1.765935 0.258812 0.926901
1.752574 0.204035 0.959576
1.746977 0.144338 0.992878
1.750124 0.082579 1.027081
1.756328 0.020878 1.061622
1.754392 -0.038846 1.093914
1.736825 -0.094505 1.125002
1.701624 -0.145096 1.156140
1.648251 -0.190341 1.186311
1.601180 -0.217323 1.205484
1.544449 -0.241666 1.223460
1.477849 -0.263363 1.239985
1.400483 -0.282159 1.255580
-0.951840 0.153425 1.450284
-1.017242 0.171715 1.479713
-1.057583 0.176092 1.509255
-1.061265 0.144194 1.563416
-1.025966 0.111524 1.585496
-0.968285 0.071878 1.603167
-0.890426 0.029156 1.616519
0.813932 1.008278 1.623018
0.792701 1.067241 1.594859
0.763765 1.117197 1.562633
0.728194 1.158388 1.526627
0.686928 1.191318 1.486339
0.640842 1.216817 1.443271
0.590992 1.236072 1.399997
0.538520 1.250508 1.357479
0.484403 1.261485 1.315169
0.429567 1.269926 1.274090
0.374963 1.276467 1.236396
0.321665 1.281906 1.202812
0.270869 1.287472 1.172558
0.223820 1.295089 1.144872
0.181820 1.305831 1.119658
0.131333 1.324968 1.087140
0.095129 1.352514 1.051557
0.110301 1.389335 1.011217
0.152492 1.413330 0.986577
0.216286 1.445978 0.956379
0.267983 1.474847 0.931530
0.324188 1.508621 0.902333
0.382060 1.545530 0.868283
0.511947 1.653890 0.759517
0.576228 1.784181 0.624329
0.573587 1.836991 0.568321
0.552562 1.886627 0.514062
0.513034 1.932513 0.463728
0.455793 1.975795 0.419349
0.382549 2.013540 0.382755
0.296208 2.043135 0.355728
0.000915 2.089681 0.344579
-0.092382 2.089856 0.365338
-0.173179 2.084839 0.396969
-0.235845 2.077932 0.437437
-0.275683 2.070672 0.484068
-0.289399 2.063858 0.533726
-0.274686 2.057796 0.583013
-0.230081 2.052110 0.628412
-0.155733 2.047917 0.666459
-0.103390 -0.610608 0.055135
-0.166344 -0.548958 0.012898
-0.225201 -0.482265 -0.021420
-0.278378 -0.410678 -0.046415
-0.324101 -0.334688 -0.060913
-0.360462 -0.255152 -0.064134
-0.385545 -0.173270 -0.055506
-0.397524 -0.090556 -0.034995
-0.394791 -0.008764 -0.003132
-0.376061 0.070211 0.039271
-0.340433 0.144429 0.091658
1.307161 0.293166 0.955307
1.377623 0.267788 0.976309
1.431245 0.242209 0.994222
1.478713 0.203723 1.015894
1.478727 0.152781 1.037720
1.344677 0.083149 1.068846
1.267659 0.064491 1.080267
1.178477 0.049836 1.093215
-0.156057 0.238950 1.336803
-0.232695 0.268298 1.373549
-0.288086 0.293195 1.412012
-0.319987 0.312919 1.451012
-0.321131 0.333489 1.508172
-0.266808 0.347768 1.563411
-0.202421 0.357891 1.600448
-0.118709 0.372130 1.637676
-0.136309 2.590071 1.105946
-0.135348 2.577997 1.020125
1.608157 -0.480659 -0.348694
1.620936 -0.527970 -0.263285
1.635963 -0.569486 -0.175835
1.651765 -0.604969 -0.087071
1.667793 -0.634133 0.002155
1.960901 0.024086 0.926316
1.969545 0.098533 0.940606
1.975837 0.169615 0.954839
1.980598 0.236152 0.969441
1.985756 0.297282 0.984914
1.991708 0.352512 1.001565
1.999311 0.401690 1.019442
2.016488 0.464597 1.047944
2.042655 0.516330 1.077358
2.085616 0.559981 1.104256
2.139529 0.598167 1.123250
2.201354 0.632088 1.132755
2.338367 0.691363 1.112351
2.393221 0.703060 1.083529
2.442700 0.701779 1.044945
2.485866 0.683776 1.000495
2.516500 0.645268 0.953149
2.521361 0.583738 0.907369
2.511374 0.529291 0.879948
2.493397 0.463853 0.856769
2.463355 0.387740 0.839670
-1.383993 0.178521 1.181115
-1.442006 0.205134 1.220781
-1.464566 0.201378 1.280698
-1.437621 0.171095 1.317076
-1.379194 0.122452 1.348408
1.169929 2.752417 -0.375968
1.174809 2.729129 -0.439309
1.184235 2.702279 -0.490735
1.198243 2.671936 -0.530998
1.226851 2.619158 -0.572747
1.251122 2.573066 -0.589803
1.279277 2.519971 -0.599663
1.311332 2.462895 -0.603704
1.347758 2.407367 -0.603502
1.389059 2.355526 -0.600812
1.434334 2.302243 -0.597266
1.482455 2.242076 -0.594102
1.532998 2.177294 -0.592338
1.585783 2.110380 -0.592894
1.640701 2.040709 -0.596525
1.696602 1.965073 -0.603625
1.803148 1.798183 -0.627196
1.850411 1.714269 -0.642429
1.893844 1.630242 -0.658945
1.934734 1.545369 -0.675955
1.972443 1.461587 -0.692783
2.006442 1.376988 -0.708757
2.037321 1.288811 -0.723227
2.063322 1.197369 -0.735657
-0.404425 -0.424030 0.244297
-0.436038 -0.347268 0.245265
-0.456101 -0.270518 0.251120
-0.465747 -0.194727 0.262517
-0.466248 -0.120685 0.279855
-0.458916 -0.049031 0.303337
-0.445074 0.019735 0.333006
-0.426047 0.085259 0.368772
-0.124956 0.655231 1.319808
-0.104369 0.679891 1.413074
-1.030988 0.466328 1.288018
-1.065049 0.480903 1.334261
-1.058466 0.465278 1.404951
-0.090729 0.270847 1.922309
-0.068283 0.293858 1.961168
-0.041134 0.318865 2.006492
-0.010172 0.346172 2.056588
0.023842 0.376420 2.108488
0.060326 0.410174 2.161120
0.098885 0.447127 2.215945
-0.474943 0.667397 -0.282994
-0.472271 0.708234 -0.197548
-0.449521 0.741676 -0.111085
0.300066 0.956320 0.592124
0.352856 1.002972 0.649690
0.386522 1.054572 0.706257
0.400252 1.109162 0.762982
0.372374 1.218152 0.881911
0.335971 1.268730 0.946543
-1.137190 0.215146 -0.101993
-1.080242 0.255360 -0.032929
-1.024290 0.288826 0.038003
-0.969719 0.317231 0.110078
0.067821 0.675947 1.406838
0.114946 0.700742 1.483143
0.161113 0.726796 1.559194
0.207190 0.754196 1.634105
-1.239328 -0.113988 0.724242
-1.274991 -0.058415 0.733924
-1.280765 -0.004887 0.757269
-1.231991 0.012842 0.787091
-1.171790 0.007374 0.808129
0.197513 0.334564 1.250663
0.219742 0.385865 1.307524
0.242362 0.437942 1.369817
0.265533 0.490883 1.437307
0.289290 0.544767 1.509617
0.313592 0.599686 1.586189
0.727129 1.531905 2.238593
0.743535 1.566360 2.199270
0.760120 1.600361 2.154131
-0.707781 0.528590 -0.236579
-0.694386 0.577907 -0.160990
-0.656362 0.614734 -0.084559
0.116441 0.740343 0.464825
0.179365 0.771535 0.514787
0.222196 0.807460 0.563286
0.244141 0.846267 0.611193
0.246082 0.885914 0.659437
0.230354 0.924522 0.708934
0.200378 0.960658 0.760516
0.160218 0.993436 0.814867
0.066987 1.047251 0.933725
0.022741 1.068308 0.998735
-0.014780 1.086405 1.067554
-0.042852 1.102671 1.140042
-0.059867 1.117969 1.215823
-0.065273 1.132643 1.294316
-0.059436 1.146675 1.374887
-0.043458 1.160344 1.456972
0.182633 -0.909033 0.245038
0.150336 -0.855412 0.279103
0.134232 -0.800438 0.308512
0.133047 -0.744302 0.334418
0.144660 -0.687223 0.357794
0.166328 -0.629442 0.379404
0.195103 -0.571163 0.399814
0.228197 -0.512537 0.419437
0.263221 -0.453714 0.438573
0.298338 -0.394961 0.457455
0.332417 -0.336721 0.476280
0.365134 -0.279543 0.495229
0.412778 -0.196860 0.524262
0.445205 -0.144282 0.544261
0.479742 -0.093911 0.564942
0.517573 -0.045725 0.586420
0.559425 0.000420 0.608786
0.925787 0.324189 0.812274
0.964359 0.372229 0.846127
0.998601 0.422672 0.882464
1.029068 0.475402 0.921597
1.056604 0.530119 0.963691
1.082251 0.586402 1.008584
1.107193 0.643784 1.055998
1.132684 0.701831 1.105782
1.159935 0.760204 1.157765
1.190086 0.818703 1.211284
1.877402 1.571355 1.231759
-1.351575 -0.262757 0.257831
-1.399406 -0.203734 0.259651
-1.438663 -0.148191 0.264624
-1.469525 -0.096696 0.272683
-1.492170 -0.049768 0.283677
-1.513526 0.028647 0.313498
-1.504753 0.084693 0.351563
-1.469069 0.118163 0.394797
-1.410128 0.130694 0.440073
-0.145016 -0.005835 0.740071
-0.086702 0.022813 0.758607
-0.038549 0.056119 0.780024
0.001294 0.092956 0.804689
0.034770 0.132411 0.833186
0.063734 0.173790 0.866160
0.089826 0.216604 0.904205
0.114399 0.260538 0.947733
0.138494 0.305415 0.997015
0.162842 0.351168 1.052625
0.187883 0.397812 1.114835
0.213801 0.445401 1.182997
0.240571 0.493994 1.256301
0.268029 0.543637 1.334024
0.408403 0.808921 1.757944
0.422456 0.837223 1.801452
0.436541 0.865898 1.844627
0.450677 0.894962 1.887054
0.794806 1.590630 2.015615
0.812726 1.621096 1.963430
0.831004 1.650811 1.905204
0.849668 1.679784 1.841328
0.868756 1.708100 1.772342
0.888316 1.735873 1.698537
0.908416 1.763076 1.619876
0.929122 1.789313 1.536130
0.950471 1.813797 1.447051
1.350917 0.683072 -0.883516
1.316009 0.606646 -0.885403
-0.871957 0.657645 0.021843
-0.854919 0.699790 0.101495
0.021517 0.735131 0.750791
0.089709 0.758735 0.793794
0.139348 0.788946 0.834763
0.169202 0.823985 0.874578
0.179444 0.861761 0.914190
0.171457 0.900062 0.954610
0.147490 0.936765 0.996904
0.110668 0.970040 1.042136
0.064998 0.998459 1.091228
0.015022 1.021154 1.144787
-0.034707 1.038155 1.203037
-0.080077 1.050309 1.265918
-0.117709 1.058611 1.333306
-0.145112 1.063965 1.404995
-0.160731 1.067505 1.480756
-0.163917 1.070506 1.560333
-0.154835 1.073988 1.642808
-0.134328 1.078790 1.727119
-0.103739 1.085775 1.812608
0.119407 -0.955645 0.314368
0.088337 -0.897244 0.337723
0.074328 -0.839428 0.356975
0.075085 -0.783209 0.373350
0.088073 -0.728919 0.387808
0.110618 -0.675690 0.401082
0.379061 -0.232806 0.511195
0.885848 0.278951 0.800678
0.989422 0.452475 0.950062
1.014861 0.503971 1.000170
1.040087 0.555682 1.053100
1.066132 0.607376 1.108258
1.094063 0.658992 1.164914
1.124917 0.710688 1.222347
-1.614070 0.193842 0.509078
-1.632821 0.256589 0.562919
-1.622135 0.292270 0.622134
-1.585651 0.301535 0.682821
-1.527056 0.286946 0.741314
0.400189 0.678290 1.405319
1.307117 0.247343 -1.177627
1.294538 0.175257 -1.123162
1.284077 0.110542 -1.069114
1.276392 0.052641 -1.015631
1.271650 0.000742 -0.962036
1.269271 -0.045852 -0.907528
1.268028 -0.087507 -0.851639
1.267460 -0.124380 -0.794275
1.267676 -0.156642 -0.735578
1.268805 -0.184562 -0.675786
1.271081 -0.208509 -0.615133
1.274985 -0.228914 -0.553799
1.281291 -0.246235 -0.491887
1.290657 -0.260915 -0.429450
1.303131 -0.273364 -0.366560
1.318593 -0.283958 -0.303370
1.336825 -0.293033 -0.240115
1.356965 -0.300851 -0.177083
1.378893 -0.307575 -0.114573
1.403597 -0.313309 -0.052829
1.431441 -0.318087 0.007970
1.462115 -0.321824 0.067690
1.495844 -0.324312 0.126211
1.532319 -0.325221 0.183398
1.570395 -0.324063 0.239068
1.609432 -0.320207 0.292991
1.648973 -0.312935 0.344898
1.688619 -0.301477 0.394492
1.973352 0.277965 0.737933
1.988074 0.357289 0.749864
1.998702 0.435347 0.760204
2.006413 0.510174 0.769299
2.014351 0.579956 0.777383
2.025331 0.643131 0.784636
2.040222 0.698390 0.791157
2.067476 0.764109 0.799461
2.101185 0.807125 0.805513
2.158919 0.829675 0.808566
2.220278 0.817048 0.806654
2.265552 0.787060 0.802134
2.310872 0.741906 0.793976
2.356374 0.684248 0.784009
2.385235 0.640017 0.776701
2.411200 0.591740 0.768784
2.436500 0.539728 0.760517
2.461123 0.484138 0.752977
2.484844 0.425103 0.747481
2.507124 0.362762 0.744894
2.524157 0.297292 0.745744
2.529939 0.229152 0.750435
2.522911 0.159066 0.759296
2.505011 0.087686 0.772553
2.478877 0.015511 0.790293
2.446101 -0.057036 0.812463
2.403619 -0.129534 0.838925
-1.106057 -0.077409 1.023046
-1.182358 -0.032465 1.035680
-1.229128 -0.003348 1.052934
-1.188248 -0.014504 1.107515
-1.115397 -0.044457 1.119773
1.918301 -0.658457 0.215467
1.893358 -0.668625 0.260054
-0.023045 -0.396937 0.479900
-0.093377 -0.344748 0.458080
-0.151654 -0.287786 0.443493
-0.196669 -0.227101 0.436700
-0.227834 -0.163990 0.438339
-0.245110 -0.099857 0.449344
-0.248801 -0.036107 0.470267
-0.239551 0.025901 0.500364
-0.218459 0.084963 0.538231
-0.186992 0.140142 0.582593
-0.146909 0.190782 0.632471
-0.100175 0.236481 0.687085
-0.048910 0.277088 0.745459
0.004659 0.312691 0.806295
0.058243 0.343577 0.868329
0.109547 0.370219 0.930604
0.156391 0.393222 0.992338
0.196792 0.413244 1.052919
0.228961 0.430976 1.112035
0.258408 0.485642 1.307995
0.240745 0.501831 1.361405
-0.486816 0.625564 2.181186
-0.449157 0.594942 2.202417
-0.390796 0.568799 2.223396
-0.342360 0.556376 2.231612
-0.287812 0.549333 2.230951
-0.228460 0.548474 2.223764
-0.165535 0.554271 2.212794
-0.100174 0.567142 2.199469
-0.033460 0.587420 2.187507
0.033664 0.614803 2.179583
0.166226 0.688394 2.159679
0.230621 0.735019 2.144058
0.293320 0.788422 2.121964
0.354134 0.847977 2.093153
0.412888 0.912600 2.059452
0.469453 0.981353 2.021650
0.467590 2.432852 0.082407
0.411571 2.444345 0.018007
0.360966 2.450499 -0.033136
0.318271 2.453978 -0.071323
0.274203 2.455126 -0.106110
0.353453 2.420371 -0.092660
0.411066 2.406545 -0.081474
0.481367 2.392476 -0.072172
0.563577 2.376267 -0.066522
2.326567 -0.167996 0.742072
2.294347 -0.121237 0.781315
2.259936 -0.090582 0.814173
2.215534 -0.078331 0.842631
2.144280 -0.084868 0.867871
2.090171 -0.099067 0.883230
2.032618 -0.120443 0.897681
1.970738 -0.148121 0.911410
1.904278 -0.180974 0.924342
1.836472 -0.217831 0.936070
1.766426 -0.257570 0.946182
1.689898 -0.298878 0.954679
1.609066 -0.340398 0.961772
1.527759 -0.381065 0.967478
1.445814 -0.419953 0.971151
1.363339 -0.456218 0.971670
1.280775 -0.489247 0.968636
1.196756 -0.518499 0.962423
1.111806 -0.543471 0.953296
1.027581 -0.563895 0.940742
0.943998 -0.579656 0.924239
0.858573 -0.590548 0.904504
0.767888 -0.596182 0.882646
-1.052893 0.225223 0.802405
-1.095378 0.278016 0.865664
-1.119298 0.315332 0.936017
-1.125273 0.336121 1.009904
-1.114135 0.340470 1.083710
-1.086589 0.329519 1.154621
-1.043043 0.305343 1.220371
-0.983584 0.270847 1.279230
0.371740 2.527144 0.099842
0.384308 2.529253 0.197077
0.397745 2.525927 0.290954
0.411980 2.523723 0.380250
0.427594 2.524512 0.464007
0.445555 2.527568 0.541310
0.466490 2.534292 0.611311
0.491141 2.544194 0.673220
0.520193 2.556757 0.726256
0.554043 2.574331 0.769677
0.593016 2.597360 0.802758
0.637524 2.619811 0.824725
0.687765 2.641409 0.834810
0.743803 2.662873 0.832335
0.805775 2.681774 0.816752
0.873738 2.698250 0.787680
0.947438 2.713437 0.744903
0.657093 -0.656411 0.762225
0.586695 -0.636717 0.718134
0.520384 -0.616502 0.673474
0.457889 -0.595238 0.627950
0.399149 -0.572416 0.582828
0.344655 -0.547566 0.539934
0.295100 -0.520351 0.500263
0.211695 -0.458506 0.431917
0.176998 -0.424109 0.404302
0.145838 -0.387677 0.381486
0.117250 -0.349429 0.363547
0.077103 -0.289068 0.346035
0.037466 -0.225547 0.340438
0.010051 -0.181572 0.343832
-0.018887 -0.136317 0.352969
-0.049778 -0.089760 0.367749
-0.082706 -0.041875 0.388400
-0.117378 0.007302 0.415485
-0.153270 0.057628 0.449512
-0.189731 0.108844 0.490527
-0.226018 0.160564 0.538172
-0.261360 0.212283 0.592522
-0.295067 0.263410 0.653826
-0.326512 0.313284 0.721697
-0.355168 0.361207 0.795734
-0.380703 0.406511 0.875632
-0.402958 0.448579 0.961003
1.009831 1.843942 -0.983497
0.975450 1.836029 -0.925360
0.933941 1.838672 -0.859749
0.899276 1.844872 -0.805532
0.860261 1.850410 -0.743415
0.818626 1.853868 -0.674175
0.776467 1.856064 -0.598781
0.736116 1.858520 -0.518257
0.699902 1.862614 -0.433581
0.669893 1.867935 -0.345696
0.647700 1.872184 -0.255590
0.634373 1.874455 -0.164310
0.630262 1.876923 -0.072838
0.634910 1.881109 0.018016
0.647086 1.887724 0.107660
0.664999 1.897735 0.195770
0.686593 1.910342 0.282288
0.710005 1.924778 0.367313
0.733752 1.942575 0.450976
0.756882 1.966092 0.533425
0.778960 1.994156 0.614721
0.799603 2.024532 0.694718
0.818613 2.056725 0.773118
0.836930 2.091251 0.849372
0.856604 2.127894 0.922461
0.879580 2.166757 0.990976
0.907070 2.209992 1.053451
0.939678 2.256839 1.108458
0.977898 2.301412 1.154323
-0.689400 -0.139461 2.126268
-0.610337 -0.179930 2.115546
-0.530864 -0.209671 2.100432
-0.451002 -0.228486 2.080206
-0.370851 -0.236175 2.057344
-0.290708 -0.232780 2.032843
-0.211007 -0.218770 2.009182
-0.132207 -0.194804 1.987593
-0.054719 -0.161265 1.968655
0.869105 1.495432 2.108985
1.262062 1.412842 -1.046811
1.265925 1.338697 -0.998633
1.268675 1.266730 -0.950336
1.270669 1.195308 -0.901711
1.271540 1.124113 -0.852584
1.271281 1.054302 -0.803039
1.270528 0.987533 -0.753376
1.270023 0.925340 -0.704029
1.270380 0.868526 -0.655447
1.272347 0.816881 -0.607979
1.276472 0.769371 -0.561830
1.282637 0.725184 -0.517040
1.290856 0.684050 -0.473473
1.301649 0.645563 -0.430908
1.315231 0.609050 -0.389180
1.331120 0.573876 -0.348234
1.349150 0.539617 -0.308088
1.369992 0.506026 -0.268795
1.394634 0.472962 -0.230451
1.423183 0.440393 -0.193163
1.454966 0.408439 -0.156975
1.488972 0.377361 -0.121821
1.523526 0.347522 -0.087525
1.557133 0.319324 -0.053866
1.589360 0.293117 -0.020641
1.620595 0.269162 0.012303
1.665267 0.237839 0.061360
1.703559 0.212268 0.109992
1.732131 0.191808 0.158030
1.751676 0.174295 0.205357
1.763416 0.156159 0.252100
1.763401 0.133147 0.298495
1.741368 0.101519 0.344698
1.696090 0.058814 0.390484
1.652691 0.023726 0.420501
1.598530 -0.016393 0.449817
0.364909 -0.374399 0.558229
0.280322 -0.358167 0.544496
0.213971 -0.334372 0.531027
0.167411 -0.304856 0.519307
0.135701 -0.254513 0.507562
0.146536 -0.203327 0.504734
0.258631 -0.121693 0.525438
0.310033 -0.104389 0.538047
0.362264 -0.092566 0.552045
0.411657 -0.085981 0.566680
0.509774 -0.090104 0.612038
0.482907 -0.103024 0.658675
0.412726 -0.100123 0.682531
0.344782 -0.091458 0.697901
0.261277 -0.075828 0.713027
-0.880851 0.501166 1.282511
-0.908162 0.519246 1.371404
-0.919028 0.523270 1.460334
-0.913538 0.513570 1.546897
-0.891873 0.491369 1.628764
-0.853986 0.458624 1.704757
0.867030 1.675206 2.288051
-0.295699 2.578610 0.118743
-0.297901 2.563170 0.214484
-0.296855 2.548638 0.309676
-0.292686 2.533553 0.402332
-0.285182 2.516932 0.490610
-0.273978 2.500797 0.572879
-0.258796 2.481461 0.647656
-0.239783 2.462219 0.713670
-0.217409 2.447378 0.769984
-0.191738 2.437096 0.815880
-0.146342 2.426762 0.863889
-0.092745 2.420643 0.886061
-0.030177 2.413866 0.882947
0.041967 2.409392 0.855600
0.095349 2.406307 0.824259
0.152173 2.404441 0.782800
0.211832 2.404771 0.731761
0.274572 2.407980 0.671797
0.340779 2.412771 0.603617
2.131149 -0.364983 -0.247407
2.142341 -0.414246 -0.163319
2.151066 -0.451205 -0.076638
2.157062 -0.475482 0.010995
2.160136 -0.487035 0.097883
2.160586 -0.486174 0.182381
2.170238 0.017021 0.738029
2.162923 0.065751 0.757224
2.142893 0.125892 0.781670
2.115404 0.167400 0.803069
2.072945 0.190312 0.830009
2.019079 0.175364 0.857640
1.959507 0.141802 0.880252
1.915094 0.110737 0.896300
1.869296 0.074101 0.912931
1.824543 0.033058 0.930248
1.780813 -0.011303 0.948177
1.736905 -0.057845 0.966268
1.692818 -0.105498 0.984252
1.649440 -0.153319 1.002055
1.606004 -0.200431 1.019203
1.561512 -0.246149 1.035192
1.514275 -0.289839 1.049602
1.462775 -0.330773 1.061950
1.406293 -0.368344 1.072212
1.344792 -0.402031 1.080416
1.279103 -0.431410 1.086195
1.208802 -0.456331 1.089125
1.131001 -0.476692 1.088858
1.042724 -0.492165 1.085391
-0.957753 0.100403 1.033401
-1.024433 0.146780 1.069284
-1.067320 0.178619 1.109923
-1.085265 0.194693 1.153824
-1.064378 0.190013 1.220007
-1.018781 0.170459 1.260155
-0.948773 0.141506 1.294978
0.488903 2.929064 -0.044112
0.463769 2.924583 -0.114239
0.442642 2.920800 -0.170053
0.419713 2.908800 -0.226925
0.445775 2.863011 -0.202863
0.485371 2.846383 -0.155268
0.519868 2.834095 -0.119899
0.561245 2.825883 -0.083925
0.609576 2.817233 -0.049255
0.664800 2.805055 -0.017661
0.726744 2.789988 0.009260
0.795175 2.771664 0.030121
0.869832 2.751578 0.043758
0.950293 2.727343 0.049249
1.035788 2.698664 0.045976
1.125368 2.667726 0.033611
0.863090 1.055654 1.933363
1.257037 0.916614 1.485914
1.258492 0.869352 1.419924
1.248056 0.817136 1.355384
1.226123 0.761270 1.292861
1.193594 0.702988 1.235396
1.150668 0.643190 1.186126
1.096116 0.582815 1.145642
-1.023428 0.719170 1.324657
-1.077676 0.738096 1.379479
-1.106030 0.737885 1.436868
-1.107000 0.717433 1.495037
-1.080184 0.677569 1.551771
0.002084 0.280437 1.912058
0.030136 0.332849 1.952750
0.021417 0.387131 1.994734
-0.008543 0.435468 2.042512
-0.032103 0.462423 2.081084
-0.053393 0.485014 2.124786
-0.069026 0.504176 2.171833
-0.076707 0.521176 2.222188
-0.075162 0.537295 2.276654
-0.063966 0.553763 2.335025
-0.043348 0.571665 2.395377
-0.013981 0.591952 2.454840
0.023200 0.615590 2.513401
0.067158 0.643530 2.571934
0.116875 0.676459 2.629317
0.015726 -0.174935 -0.648201
-0.037063 -0.131342 -0.595260
-0.058046 -0.086441 -0.542908
-0.047345 -0.042484 -0.490808
-0.006368 -0.000450 -0.438880
1.016903 0.632903 -0.000326
1.038506 0.721727 0.023859
1.035828 0.808695 0.046083
1.011068 0.891331 0.067581
0.967739 0.967568 0.089737
0.910447 1.035891 0.113921
0.844650 1.095414 0.141312
0.776231 1.145936 0.172751
0.710875 1.187955 0.208646
0.653348 1.222585 0.248967
0.607053 1.251331 0.293309
0.573952 1.275779 0.341001
0.554542 1.297439 0.391232
0.547724 1.317816 0.443172
0.551131 1.338577 0.496108
0.561915 1.361792 0.549530
0.577111 1.389440 0.603176
0.593736 1.421768 0.657030
0.609098 1.457505 0.711286
0.621129 1.496887 0.766315
0.628569 1.539310 0.822527
0.631088 1.582986 0.880173
0.629276 1.626964 0.939287
0.624331 1.671878 0.999717
0.617754 1.718881 1.061100
0.611201 1.767781 1.122788
0.606285 1.816747 1.183768
0.604375 1.866042 1.242714
0.606444 1.917228 1.298120
0.613232 1.971031 1.348271
-0.896396 -0.378539 0.034882
-0.914307 -0.298402 0.051677
-0.907979 -0.228886 0.072898
-0.881840 -0.170043 0.098136
-0.840900 -0.120927 0.126754
-0.790539 -0.079803 0.158060
-0.735854 -0.044571 0.191437
-0.680866 -0.013175 0.226411
-0.628006 0.016147 0.262659
-0.578047 0.044767 0.300002
-0.530309 0.073666 0.338376
-0.483030 0.103468 0.377796
-0.433864 0.134480 0.418325
0.542403 0.597941 1.106458
0.594058 0.635226 1.164550
0.643337 0.673805 1.223665
0.691203 0.713627 1.283696
0.738638 0.754692 1.344608
-1.428240 -0.039981 0.272428
-1.398694 0.011830 0.300795
-1.349192 0.046375 0.334212
-1.283226 0.065463 0.370349
-1.204116 0.071658 0.407200
-0.288925 0.031824 0.672230
-0.223220 0.049947 0.696942
-0.165124 0.072789 0.723467
-0.047061 0.146365 0.800950
-0.007841 0.180851 0.837056
0.028415 0.217532 0.876573
0.062622 0.256085 0.919889
0.380728 0.719921 1.619882
0.579851 1.095526 2.142690
0.611630 1.159385 2.194957
0.643910 1.224798 2.232772
-0.797732 0.587229 -0.057794
-0.798198 0.635385 0.012068
-0.771595 0.669504 0.083826
0.157047 0.754374 0.634223
0.230056 0.792110 0.672560
0.282144 0.836972 0.708764
0.311688 0.886606 0.743715
0.318242 0.938300 0.778457
0.302751 0.989329 0.814175
0.267598 1.037143 0.852127
0.216411 1.079512 0.893512
0.153752 1.114767 0.939313
0.084783 1.142162 0.990163
0.014914 1.161975 1.046298
-0.080210 1.179567 1.140034
-0.130714 1.185153 1.208217
-0.167165 1.187365 1.280260
-0.187846 1.187237 1.355395
-0.192290 1.185872 1.432570
-0.181038 1.184828 1.510779
-0.155398 1.186049 1.589262
-0.117247 1.191019 1.667093
-0.068752 1.199870 1.744353
-0.167335 -0.827795 0.436343
-0.179702 -0.770227 0.403574
-0.183624 -0.713412 0.372852
-0.180434 -0.657349 0.345116
-0.171214 -0.602313 0.321069
-0.156665 -0.548504 0.301194
-0.137316 -0.495902 0.285784
-0.113749 -0.444418 0.274991
-0.086627 -0.394023 0.268860
-0.056671 -0.344761 0.267361
-0.024645 -0.296719 0.270397
0.008631 -0.250014 0.277807
0.042290 -0.204770 0.289357
0.075443 -0.161091 0.304752
0.107226 -0.119037 0.323626
0.136851 -0.078619 0.345606
0.163635 -0.039807 0.370627
0.197314 0.015519 0.413785
0.214896 0.050559 0.446054
0.228382 0.084182 0.480943
0.237846 0.116430 0.518316
0.243630 0.147350 0.558032
0.246392 0.176995 0.600060
0.247135 0.205425 0.644456
0.247195 0.232699 0.691306
0.248185 0.258859 0.740780
0.251880 0.283913 0.792492
0.260075 0.307810 0.845714
0.274435 0.330439 0.899691
0.296339 0.351652 0.953235
0.326697 0.371298 1.005699
0.365790 0.389260 1.057071
0.413221 0.405474 1.107252
-0.181892 0.686038 1.554289
-0.263922 0.711733 1.554138
-0.341315 0.738154 1.555043
-0.413904 0.764899 1.557298
-0.481425 0.791401 1.560488
-0.543389 0.816972 1.564071
-0.599358 0.841002 1.568436
-0.648905 0.862741 1.574428
-0.709964 0.889064 1.586588
-0.764247 0.907824 1.608162
-0.781912 0.886975 1.652301
-0.743361 0.845357 1.689545
-0.687223 0.802252 1.720055
-0.635927 0.770053 1.738131
-0.573657 0.737404 1.754006
-0.501160 0.706858 1.768182
0.011672 0.683096 1.837710
0.077707 0.713815 1.847604
0.129754 0.753141 1.855413
0.166330 0.798864 1.860958
0.187045 0.848009 1.865143
0.192534 0.897666 1.870055
0.175848 0.968313 1.885184
0.151821 1.010512 1.903319
0.121227 1.047313 1.926609
0.087740 1.078014 1.951831
0.015933 1.130844 2.022651
-0.002620 1.152747 2.074498
0.006727 1.175071 2.131631
0.047441 1.204329 2.188928
0.092038 1.229124 2.222253
0.149737 1.258237 2.253074
0.219417 1.292915 2.281784
0.299787 1.333396 2.306480
1.367330 -0.470269 1.258203
1.313825 -0.433567 1.248876
1.260351 -0.400785 1.239882
1.206024 -0.371433 1.231610
1.150012 -0.344828 1.225441
1.092368 -0.320230 1.220788
1.034060 -0.297049 1.216120
0.976117 -0.274877 1.211205
0.919068 -0.253453 1.206192
0.862525 -0.232609 1.201284
0.806040 -0.212150 1.197539
0.749406 -0.191819 1.195771
0.691636 -0.171307 1.195490
0.631653 -0.150239 1.196014
0.568961 -0.128175 1.197118
0.503284 -0.104674 1.199689
0.434230 -0.079342 1.204348
0.361340 -0.051856 1.211869
0.284157 -0.021992 1.223104
0.202618 0.010344 1.238094
-0.439631 0.292877 1.499258
-0.487922 0.314186 1.547744
-0.521835 0.328479 1.597690
-0.539687 0.335500 1.646956
-0.533689 0.333589 1.718421
-0.506660 0.325920 1.764056
-0.460937 0.315633 1.806558
0.840235 1.527469 -0.582051
0.810061 1.482872 -0.599522
0.766815 1.424186 -0.604750
0.730526 1.372233 -0.588180
0.707728 1.329775 -0.554369
0.703065 1.298635 -0.508391
0.719287 1.281188 -0.455278
0.757187 1.278951 -0.399674
0.793340 1.286538 -0.363225
0.835816 1.301659 -0.328389
0.881488 1.324602 -0.295824
0.926468 1.353982 -0.265872
0.966190 1.388432 -0.238497
0.996235 1.428456 -0.213284
1.013090 1.473739 -0.189483
1.014165 1.521709 -0.166028
0.998468 1.569858 -0.141604
0.966905 1.616719 -0.114794
0.921756 1.661407 -0.084240
0.866521 1.703600 -0.048773
0.805901 1.741993 -0.007548
0.745721 1.774919 0.039821
0.692418 1.803397 0.093139
0.651480 1.828526 0.151650
0.626243 1.850136 0.214189
0.617591 1.869416 0.279397
0.623965 1.888351 0.345990
0.641686 1.907869 0.412965
0.665732 1.929151 0.479644
0.691060 1.953804 0.545744
0.713046 1.980886 0.611404
0.727768 2.010212 0.677149
0.733389 2.042265 0.743685
0.730319 2.077401 0.811599
0.720226 2.116189 0.881214
0.705387 2.157690 0.952576
0.688432 2.200732 1.025367
0.672226 2.244962 1.098822
0.659645 2.290499 1.171656
0.653132 2.335923 1.241962
0.654565 2.377915 1.307152
0.665171 2.416762 1.364333
-1.604596 0.182993 0.052975
-1.558392 0.235809 0.114795
-0.017840 0.400380 1.235544
0.041595 0.429077 1.292450
0.099959 0.458983 1.351940
0.157982 0.490314 1.413679
-1.258737 0.455122 0.621768
-1.272875 0.515082 0.685385
-1.269043 0.555948 0.752250
-1.249028 0.577563 0.820297
-1.214742 0.580710 0.887443
-1.167989 0.567062 0.951784
-1.109761 0.539134 1.011735
-0.088522 0.241645 1.335341
0.082161 0.330986 1.411745
0.113535 0.371858 1.444352
0.133917 0.415257 1.479808
0.145024 0.459590 1.517172
0.148852 0.503647 1.556560
0.147552 0.546662 1.598712
0.143258 0.588138 1.644908
0.137928 0.627753 1.696362
0.133237 0.665419 1.752901
0.130524 0.701345 1.811782
0.134610 0.769882 1.934301
0.142368 0.803685 2.001549
0.154106 0.837977 2.071566
0.169694 0.873259 2.141005
0.188896 0.909907 2.208724
0.211447 0.948245 2.275301
0.965781 -0.597213 -0.686647
0.913193 -0.604486 -0.609835
0.874418 -0.600191 -0.535698
0.849579 -0.585967 -0.464341
0.838350 -0.563278 -0.395668
0.840041 -0.533373 -0.329485
0.853335 -0.497269 -0.265616
0.876122 -0.455758 -0.203968
0.905586 -0.409452 -0.144553
0.938473 -0.358898 -0.087496
0.971349 -0.304714 -0.032999
1.001600 -0.247684 0.018702
1.028033 -0.188766 0.067411
1.050529 -0.129044 0.113022
1.069650 -0.069666 0.155533
1.086491 -0.011762 0.195046
1.102833 0.043623 0.231746
1.121064 0.095596 0.265866
1.143362 0.143452 0.297650
1.171406 0.186705 0.327326
1.206822 0.225102 0.355075
1.250847 0.258640 0.381026
1.303749 0.287580 0.405248
1.364496 0.312471 0.427774
1.430683 0.334217 0.448623
1.499511 0.354111 0.467816
1.568415 0.373801 0.485379
1.634861 0.395223 0.501334
1.696281 0.420488 0.515702
1.750414 0.451677 0.528494
1.795335 0.490605 0.539726
1.829821 0.538582 0.549457
1.854054 0.596225 0.557789
1.869139 0.663349 0.564853
1.876711 0.738979 0.570810
1.877725 0.821486 0.575870
1.872617 0.908790 0.580336
1.863540 0.998591 0.584549
1.852986 1.088509 0.588732
1.842903 1.176095 0.593015
1.835534 1.259005 0.597352
1.832153 1.335229 0.601384
1.833164 1.403207 0.604629
1.839208 1.461896 0.606545
1.850824 1.510819 0.606405
1.879688 1.566117 0.600258
1.922171 1.599790 0.584116
1.978366 1.612875 0.556654
2.023211 1.608036 0.532060
2.072392 1.589766 0.502380
2.125020 1.557136 0.468344
2.182223 1.509595 0.430898
-0.519545 0.211091 1.218067
-0.441700 0.201374 1.259675
-0.365307 0.197423 1.298999
-0.290722 0.199510 1.337189
-0.218271 0.207749 1.376173
-0.148273 0.222138 1.417924
-0.081047 0.242536 1.463758
-0.016851 0.268665 1.513387
0.044174 0.300204 1.565559
0.101988 0.336875 1.620329
0.156592 0.378455 1.678217
0.628356 1.255179 2.329755
0.526147 1.088814 -0.839798
0.481704 1.063252 -0.789305
0.442936 1.044948 -0.734705
0.411248 1.032633 -0.676804
0.387793 1.024710 -0.616299
0.373765 1.020991 -0.553835
0.370347 1.021601 -0.489984
0.378471 1.026418 -0.425276
0.398439 1.035004 -0.360271
0.429642 1.046980 -0.295604
0.470472 1.062896 -0.231949
0.518345 1.083724 -0.169944
0.569855 1.110152 -0.110102
0.621021 1.142337 -0.052743
0.667538 1.179826 0.002063
0.705143 1.221952 0.054542
0.730136 1.267976 0.105233
0.739980 1.316846 0.154975
0.733763 1.367069 0.204845
0.712372 1.417026 0.256052
0.678404 1.465185 0.309803
0.635944 1.510045 0.367147
0.590056 1.550621 0.428827
0.545873 1.587174 0.495179
0.507895 1.620815 0.566126
0.479594 1.652474 0.641220
0.458270 1.714286 0.801006
0.590212 1.993629 1.448543
0.603667 2.041941 1.533720
-0.730301 -0.857103 0.034525
-0.756174 -0.781051 0.042785
-0.753658 -0.713449 0.051231
-0.727161 -0.654061 0.060889
-0.623823 -0.555034 0.085767
-0.558989 -0.511942 0.101233
-0.493003 -0.470840 0.118587
-0.430166 -0.430417 0.137616
-0.372932 -0.389805 0.158091
-0.321802 -0.348522 0.179812
-0.275596 -0.306363 0.202638
-0.231896 -0.263306 0.226504
-0.187567 -0.219481 0.251402
-0.139327 -0.175172 0.277364
-0.084311 -0.130852 0.304420
0.957273 0.237897 0.662160
1.019234 0.265527 0.690196
1.072447 0.296543 0.718068
1.117665 0.331097 0.745933
1.155960 0.368995 0.773946
1.188627 0.409781 0.802263
1.217147 0.452821 0.831016
1.243147 0.497402 0.860265
1.268321 0.542832 0.889986
1.294297 0.588528 0.920009
1.322425 0.634063 0.949924
1.353625 0.679188 0.979067
1.388808 0.723831 1.006641
1.428253 0.768092 1.032110
1.471276 0.812188 1.055356
1.518328 0.856394 1.076149
1.569205 0.900953 1.093750
-1.025437 -0.197269 0.358018
-1.060949 -0.131788 0.365519
-1.068631 -0.080092 0.379647
-1.032061 -0.028417 0.409982
-0.978901 -0.009254 0.433833
-0.906542 0.000537 0.458858
0.662203 1.181511 2.211150
-1.118439 0.687858 0.327879
-1.121589 0.736941 0.401733
-1.100516 0.765146 0.476963
-1.057218 0.773358 0.551373
-0.029601 0.575803 1.018777
0.043022 0.597793 1.041444
0.094366 0.627938 1.063074
0.123538 0.663374 1.084841
0.127123 0.719908 1.120465
0.105925 0.755858 1.148087
0.069908 0.787896 1.180240
0.023379 0.814615 1.217984
-0.028939 0.835319 1.261800
-0.082190 0.850043 1.311042
-0.131749 0.859467 1.364687
-0.173614 0.864672 1.422365
-0.204714 0.866882 1.483332
-0.223054 0.867377 1.545518
-0.227685 0.867532 1.607891
-0.218531 0.868612 1.671057
-0.196176 0.871577 1.735310
-0.161702 0.877416 1.799680
-0.116549 0.886905 1.862810
-0.062369 0.900452 1.924768
-0.000875 0.918530 1.986218
0.066291 0.941716 2.046546
0.137651 0.970635 2.105182
-0.165995 -1.033717 0.366769
-0.189077 -0.972598 0.350718
-0.195666 -0.912354 0.333371
-0.188437 -0.853795 0.316111
-0.170333 -0.797460 0.299953
-0.144345 -0.743574 0.285589
-0.113209 -0.691927 0.273455
-0.079110 -0.641870 0.263813
-0.043482 -0.592613 0.256830
-0.006981 -0.543588 0.252623
0.030389 -0.494595 0.251280
0.069039 -0.445750 0.252855
0.109496 -0.397367 0.257363
0.152129 -0.349832 0.264779
0.196959 -0.303500 0.275020
0.243566 -0.258630 0.287959
0.338545 -0.173586 0.321287
0.384669 -0.133226 0.341329
0.428439 -0.094042 0.363376
0.469015 -0.055827 0.387276
0.505805 -0.018438 0.412977
0.538432 0.018157 0.440516
0.566670 0.053874 0.469973
0.590382 0.088519 0.501428
0.609507 0.121830 0.534865
0.629736 0.168656 0.588275
0.640753 0.210965 0.644648
0.644969 0.248276 0.703498
0.646493 0.280619 0.764787
0.650826 0.308420 0.828121
0.663996 0.332285 0.892491
0.691279 0.352812 0.956042
0.719005 0.364899 0.997095
0.754721 0.375879 1.036983
0.798023 0.385916 1.075665
0.847962 0.395163 1.112701
1.389972 0.450356 1.330707
1.332935 0.413346 1.325245
1.275806 0.400620 1.321447
1.206020 0.387025 1.317657
-0.696500 0.618830 1.461198
-0.780670 0.653748 1.488502
-0.852875 0.683345 1.518579
-0.912715 0.705883 1.551363
-0.960252 0.719927 1.586023
-0.995899 0.724471 1.621538
-1.028168 0.712374 1.674964
-1.036024 0.677542 1.726254
-1.019918 0.620654 1.775258
-0.994843 0.571721 1.807024
-0.956209 0.515743 1.837127
0.261070 1.636037 2.191276
0.217690 1.676276 2.196705
0.180967 1.710915 2.198853
0.141620 1.756219 2.194529
0.124178 1.800063 2.177745
0.130562 1.840636 2.146537
0.161827 1.884199 2.103464
0.196310 1.913606 2.064682
0.241567 1.943122 2.014336
0.622921 -0.514945 0.878551
0.572867 -0.482062 0.850820
0.523798 -0.450477 0.825477
0.475341 -0.419825 0.802321
0.426913 -0.389497 0.780426
0.378450 -0.358842 0.759540
0.330554 -0.327360 0.740029
0.284027 -0.294750 0.723002
0.239540 -0.260873 0.708599
0.197634 -0.225696 0.696913
0.158810 -0.189258 0.688947
0.123509 -0.151663 0.686089
0.077783 -0.093472 0.692744
0.040824 -0.033765 0.713749
0.020678 0.006495 0.735755
-0.036491 0.166643 0.876653
-0.048611 0.205667 0.925627
-0.061349 0.244058 0.979302
-0.075525 0.281737 1.037018
1.959946 2.135916 0.017810
1.998535 2.112510 -0.067289
2.036134 2.082875 -0.149601
2.069683 2.044266 -0.228280
2.098917 1.997497 -0.302318
2.128497 1.944022 -0.371316
2.159045 1.883469 -0.435285
0.086463 0.838028 3.020835
0.122415 0.871681 2.975740
0.158064 0.910343 2.927262
0.193410 0.954024 2.873422
0.228477 1.001862 2.813821
0.263290 1.053076 2.751695
0.297848 1.107526 2.690921
0.332093 1.165807 2.630959
0.365885 1.227726 2.569047
2.084833 0.258425 0.994011
2.096202 0.345949 1.008199
2.110404 0.429974 1.023398
2.125937 0.509871 1.040008
2.141819 0.585321 1.057933
2.159296 0.656325 1.076589
2.179914 0.723095 1.094455
2.205338 0.785881 1.109615
2.232827 0.844848 1.121147
-1.403599 -0.077014 0.605005
-1.440577 -0.027113 0.623696
-1.408915 -0.000574 0.660629
-1.333593 -0.011837 0.685895
0.955125 -0.157198 -1.043328
0.932964 -0.188598 -0.980747
0.916194 -0.212367 -0.916951
0.905044 -0.229254 -0.852271
0.898848 -0.240050 -0.787146
0.896592 -0.245525 -0.721978
0.897607 -0.246425 -0.657122
0.901567 -0.243497 -0.592985
0.908311 -0.237511 -0.530082
0.917819 -0.229260 -0.468936
0.930264 -0.219552 -0.409907
0.945988 -0.209194 -0.353069
0.965339 -0.198963 -0.298221
0.988455 -0.189565 -0.245007
1.015271 -0.181614 -0.193053
1.045899 -0.175611 -0.142042
1.080684 -0.171954 -0.091737
1.119972 -0.170929 -0.041974
1.163883 -0.172700 0.007357
1.212003 -0.177282 0.056329
1.263481 -0.184514 0.104986
1.317399 -0.194039 0.153340
1.372957 -0.205318 0.201374
1.429308 -0.217642 0.249033
1.485532 -0.230146 0.296215
1.720347 -0.261689 0.497303
1.968512 -0.076441 0.726111
1.988917 -0.020702 0.747377
2.006619 0.040528 0.766055
2.020208 0.105860 0.782469
2.029173 0.173668 0.797018
2.036582 0.242236 0.810132
2.045252 0.309920 0.822173
2.055137 0.375218 0.833343
2.065877 0.436817 0.843709
2.076754 0.493622 0.853269
2.087410 0.544782 0.861952
2.108094 0.609805 0.873918
2.140197 0.660214 0.884393
2.177986 0.704907 0.894417
2.231852 0.726382 0.900260
2.284734 0.730246 0.899601
2.340809 0.725382 0.891467
2.394140 0.712060 0.875967
2.447624 0.689927 0.855645
2.496101 0.658010 0.831493
2.538453 0.614662 0.804759
2.566292 0.558226 0.778477
2.580803 0.512435 0.762928
2.592478 0.459604 0.750003
2.594931 0.399831 0.740771
2.584687 0.333744 0.736427
-1.266983 0.030318 1.040018
-1.265041 0.042128 1.092112
1.833756 -0.073897 0.864421
1.803838 -0.023764 0.889039
1.751830 0.021390 0.917763
1.700776 0.037639 0.938045
1.643549 0.039302 0.958755
1.584041 0.028188 0.981277
1.522780 0.007007 1.005117
1.461389 -0.021330 1.029103
1.382185 -0.064855 1.063357
1.329175 -0.098482 1.090223
1.280075 -0.130946 1.115281
1.232935 -0.160883 1.135609
1.184760 -0.187391 1.151178
1.127216 -0.210138 1.163165
1.052899 -0.228293 1.171882
0.991859 -0.237036 1.176038
-0.817435 0.232619 1.362019
-0.879766 0.258603 1.400312
-0.920936 0.272384 1.439122
-0.941112 0.269377 1.495793
-0.911413 0.240910 1.548083
-0.864787 0.211439 1.578628
-0.797863 0.177333 1.604245
0.952987 1.626179 0.816759
0.932071 1.625163 0.721837
0.909926 1.621478 0.631605
0.887038 1.617593 0.545965
0.864086 1.614833 0.464634
0.840989 1.612460 0.388024
0.817081 1.608667 0.316802
0.792921 1.603208 0.251475
0.770133 1.596234 0.192452
0.750197 1.588543 0.139904
0.715334 1.571675 0.035490
0.707119 1.561744 -0.023099
0.737433 1.563314 -0.072594
0.794643 1.584737 -0.101075
0.848461 1.611341 -0.119685
0.903272 1.646487 -0.137375
0.950980 1.690129 -0.154398
0.982892 1.740037 -0.169825
0.990801 1.796587 -0.181485
0.968072 1.856987 -0.186001
0.934033 1.896703 -0.182855
0.885308 1.935088 -0.173089
0.824325 1.971292 -0.155367
0.754801 2.003806 -0.128663
0.680631 2.032442 -0.092380
0.605962 2.058355 -0.046388
0.536533 2.081873 0.008881
0.479202 2.102509 0.072278
0.439852 2.118469 0.141901
0.422264 2.129277 0.215272
0.428296 2.137864 0.289617
0.457574 2.147138 0.362135
0.507470 2.157617 0.430240
0.573974 2.168643 0.491763
0.652217 2.178260 0.545065
0.736782 2.185764 0.589060
0.822330 2.194811 0.623258
0.903789 2.209266 0.647751
0.976713 2.230339 0.663113
1.037841 2.255631 0.670278
1.085319 2.283743 0.670472
1.130545 2.332522 0.661031
1.148710 2.389301 0.644896
1.148469 2.448868 0.626116
1.139870 2.510428 0.605837
1.131502 2.573801 0.583626
1.132317 2.632410 0.557995
1.149659 2.676887 0.525806
1.187467 2.707137 0.483312
1.224623 2.720858 0.447628
1.270955 2.728844 0.405129
1.326477 2.724262 0.355371
1.391063 2.704579 0.298318
-0.593088 0.649838 2.751843
-0.546718 0.602188 2.810589
-0.499871 0.559920 2.863629
-0.452299 0.523475 2.909678
-0.403685 0.493312 2.946926
0.712267 2.038331 -0.724624
0.715986 2.024136 -0.655630
0.720399 2.011680 -0.582408
0.726312 2.000412 -0.505671
0.734710 1.990861 -0.426374
0.746406 1.983726 -0.345680
0.762483 1.981203 -0.264774
0.784187 1.980458 -0.184822
0.812411 1.980936 -0.106966
0.847833 1.979675 -0.032276
0.890811 1.976267 0.038248
0.941150 1.974248 0.103781
0.998080 1.974491 0.163704
1.060291 1.975284 0.217585
1.126112 1.975817 0.265169
1.193906 1.976880 0.306384
1.261938 1.978160 0.341317
1.328212 1.980271 0.370172
1.391310 1.984487 0.393349
1.450435 1.991711 0.411373
1.504955 2.002413 0.424748
1.554741 2.016174 0.433896
1.622840 2.040242 0.440355
1.688237 2.063514 0.438361
1.756180 2.081767 0.427021
1.827467 2.086905 0.404991
1.876610 2.079806 0.383982
1.927671 2.063858 0.357852
1.982576 2.040324 0.326738
2.042559 2.008249 0.290820
2.105912 1.963002 0.250427
0.625046 0.916733 1.373770
0.688222 0.897202 1.422668
0.743641 0.876344 1.462652
0.790558 0.854395 1.494667
0.828390 0.831729 1.519904
0.866862 0.796970 1.547322
0.879925 0.748380 1.571184
0.843840 0.700853 1.589765
0.782788 0.671154 1.607858
0.726261 0.655571 1.621507
0.657795 0.643550 1.635511
-0.916402 0.880779 2.044256
-0.981291 0.873900 2.084750
-1.031721 0.853996 2.123640
-1.066427 0.820424 2.159913
-1.084490 0.773434 2.193665
-1.085355 0.713772 2.225743
-1.068694 0.642826 2.253851
-1.034218 0.563280 2.275362
0.564759 1.460190 2.323780
-0.014019 1.850663 2.239157
-0.061047 1.854589 2.201936
-0.072752 1.860906 2.139597
-0.039859 1.867263 2.068753
0.002516 1.873114 2.007810
0.963280 0.281465 1.076661
0.992738 0.333228 1.127590
1.020996 0.385354 1.182394
1.048891 0.437685 1.241604
1.077665 0.490192 1.305000
-1.106248 1.168833 1.400470
-1.094715 1.209763 1.484483
-1.081917 1.236644 1.566738
-1.068347 1.249906 1.646586
-1.054202 1.250210 1.724026
-1.039365 1.238352 1.798197
-1.023267 1.215367 1.867498
-1.004956 1.182442 1.930680
-0.983390 1.141286 1.987283
-0.957560 1.093539 2.038036
-0.926462 1.040050 2.084327
-0.888963 0.982192 2.125518
-0.843836 0.922287 2.160670
-0.790209 0.861668 2.191653
-0.727947 0.800056 2.220615
-0.173169 0.526255 2.325506
-0.004385 0.567156 2.341883
0.041856 0.613807 2.355624
0.064577 0.666887 2.378379
0.068698 0.721102 2.418110
0.064459 0.756028 2.455065
0.057393 0.788754 2.497885
0.049968 0.818906 2.540621
0.043203 0.859968 2.596782
0.047363 0.898631 2.643618
0.066788 0.939369 2.684899
0.103606 0.985551 2.723264
0.138011 1.020519 2.746660
0.180017 1.059947 2.766730
0.229185 1.104751 2.787692
0.284997 1.155671 2.809093
-1.278532 -0.146706 -0.329651
-1.250911 -0.063530 -0.291019
-1.200889 0.001701 -0.245489
-1.133093 0.050540 -0.195224
-0.793357 0.140109 0.020689
-0.717201 0.150733 0.073859
-0.651075 0.160846 0.126102
-0.595690 0.171508 0.177497
-0.550300 0.183337 0.228220
-0.512769 0.196671 0.278496
-0.480044 0.211689 0.328560
-0.448873 0.228483 0.378635
-0.416394 0.247069 0.428914
-0.380477 0.267373 0.479557
-0.339888 0.289238 0.530698
0.189861 0.559893 1.091796
0.238299 0.592247 1.154947
0.285279 0.625795 1.219590
0.331128 0.660527 1.285229
0.376258 0.696426 1.351245
0.421164 0.733486 1.416998
-1.360117 -0.046042 0.498379
-1.385140 0.021248 0.522333
-1.384515 0.070023 0.552118
-1.361230 0.100051 0.585685
-1.318346 0.112464 0.620848
-1.258273 0.109478 0.655573
-1.183067 0.094041 0.688170
-0.117548 0.006312 0.877972
-0.071397 0.037375 0.899667
-0.032743 0.071819 0.925766
0.104857 0.271671 1.119113
0.129674 0.314967 1.171772
0.155121 0.359215 1.228592
0.194832 0.427478 1.322348
-0.708127 0.533780 -0.124907
-0.711697 0.584647 -0.055470
-0.688393 0.623240 0.015682
-0.639563 0.649860 0.087088
0.305548 0.816796 0.586307
0.367858 0.869165 0.623799
0.405912 0.926915 0.659639
0.418925 0.987276 0.694910
0.350467 1.131676 0.788917
0.290476 1.180796 0.832243
-0.006488 1.298880 1.059877
-0.065821 1.311644 1.130931
-0.110241 1.319754 1.206580
-0.137672 1.324564 1.285880
-0.147560 1.327450 1.367930
-0.140614 1.329722 1.451832
-0.118425 1.333212 1.536573
-0.083154 1.340067 1.621501
0.104015 -0.679048 0.593143
0.084749 -0.630652 0.563872
0.069710 -0.583192 0.536800
0.058498 -0.536114 0.512514
0.050646 -0.489213 0.491492
0.045581 -0.442516 0.474152
0.041785 -0.373010 0.455696
0.040542 -0.304352 0.446579
0.039727 -0.236831 0.446985
0.037567 -0.170773 0.457497
0.032873 -0.106402 0.478480
0.012362 0.037322 0.566276
0.006331 0.076864 0.600807
0.001919 0.115704 0.639719
0.000298 0.153741 0.683037
0.002694 0.190812 0.730380
0.010300 0.226700 0.781420
0.024164 0.261155 0.835874
0.058223 0.309597 0.923276
0.090071 0.339417 0.984502
-0.292882 0.834142 1.779531
-0.352928 0.850508 1.773430
-0.408393 0.866491 1.765446
-0.458925 0.882016 1.756872
-0.525129 0.903248 1.747258
-0.579230 0.920646 1.740078
-0.632113 0.936118 1.730155
-0.619101 0.889678 1.749276
-0.560040 0.858677 1.760522
-0.506795 0.837236 1.765716
-0.443331 0.817463 1.768127
-0.371295 0.801569 1.768541
-0.091640 0.798739 1.761673
-0.018109 0.815987 1.759765
0.046267 0.841257 1.758329
0.098736 0.873788 1.757492
0.137331 0.912184 1.757549
0.167493 0.976310 1.755778
0.166114 1.041307 1.756578
0.139869 1.101145 1.768776
0.099831 1.152357 1.789646
0.059720 1.193786 1.815413
0.033550 1.226604 1.845860
0.040386 1.262839 1.901871
0.086086 1.292580 1.947367
0.137170 1.317058 1.976040
0.204196 1.346261 2.004621
0.285921 1.380437 2.031737
1.568150 -0.323811 1.336351
1.528776 -0.281810 1.338270
1.488021 -0.244066 1.341583
1.446584 -0.210506 1.346646
1.405132 -0.180859 1.354439
1.361390 -0.154713 1.364145
1.315137 -0.131636 1.374408
1.268436 -0.111240 1.384877
1.221619 -0.093159 1.396373
1.174849 -0.076932 1.409306
1.128468 -0.061995 1.422970
1.080807 -0.047811 1.436321
1.030063 -0.033950 1.449521
0.974436 -0.019980 1.463232
0.912179 -0.005404 1.477433
0.842992 0.010204 1.491818
-0.628527 0.179089 2.102460
-0.571637 0.148821 2.113529
-0.511014 0.123882 2.122998
-0.449685 0.105297 2.131049
-0.390448 0.093575 2.136666
-0.335734 0.088657 2.139652
-0.266211 0.092663 2.139677
-0.215022 0.107297 2.137277
-0.172020 0.146246 2.133302
-0.180397 0.201595 2.134040
-0.221406 0.242990 2.118409
-0.263332 0.269438 2.109522
-0.309991 0.289510 2.115753
-0.311899 0.300507 2.166440
-0.258673 0.302929 2.192857
-0.196016 0.310173 2.209376
-0.143921 0.319871 2.220702
-0.084328 0.335182 2.229946
-0.018180 0.357401 2.236451
0.053294 0.387383 2.241817
0.167291 0.448425 2.251486
0.245535 0.500900 2.257481
0.354715 2.591428 -0.376434
0.311296 2.566791 -0.360361
0.315972 2.555867 -0.306447
0.335958 2.548952 -0.234779
0.358445 2.547942 -0.181007
0.387891 2.547697 -0.124986
0.423830 2.545336 -0.068677
0.466295 2.540301 -0.013887
0.515726 2.534014 0.037684
0.572456 2.526017 0.084422
0.636313 2.517394 0.124860
0.706745 2.509908 0.157738
0.783369 2.499620 0.182018
0.865957 2.484754 0.196890
0.954193 2.465311 0.201773
1.047522 2.440278 0.196347
0.769606 1.133781 1.466660
0.769156 1.112195 1.371854
0.760988 1.085508 1.278571
0.743873 1.054669 1.189189
0.716795 1.021552 1.105675
0.679196 0.988187 1.029396
0.630910 0.956197 0.960783
0.571912 0.926398 0.900597
0.502268 0.900001 0.850754
-0.251973 0.969473 0.725034
-0.327495 1.002387 0.737861
-0.386941 1.033047 0.755823
-0.427127 1.058968 0.777425
-0.441313 1.090666 0.825763
-0.392515 1.097403 0.860845
-0.334942 1.097016 0.881095
-0.261797 1.096012 0.897700
-0.178477 1.097491 0.910264
-0.091450 1.104232 0.918805
0.095202 1.152957 0.924182
0.140000 1.184271 0.921453
0.129008 1.286850 0.910901
0.079185 1.313454 0.912331
0.012670 1.332628 0.919391
-0.064048 1.343348 0.932851
-0.143409 1.345544 0.952762
-0.217281 1.340493 0.978702
-0.277619 1.330856 1.009497
-0.317279 1.319767 1.043329
-0.326323 1.306841 1.095695
-0.266405 1.304013 1.145310
-0.187751 1.307776 1.174264
-0.446332 1.038662 1.895900
-0.497820 1.053791 1.881746
-0.543538 1.067967 1.867103
-0.601273 1.086072 1.846097
-0.646436 1.098167 1.825055
-0.693961 1.104935 1.793441
-0.687168 1.076436 1.752726
-0.649383 1.046228 1.731805
-0.586374 1.009639 1.708288
-0.530152 0.984802 1.692925
-0.463733 0.961994 1.678735
-0.389454 0.942960 1.665767
-0.231868 0.921166 1.638335
-0.157280 0.919737 1.624886
-0.091399 0.925513 1.615545
-0.037903 0.938282 1.609924
0.014070 0.967404 1.600692
0.022553 1.026075 1.590349
-0.021104 1.063746 1.578963
-0.070300 1.086048 1.581282
-0.048832 1.115872 1.625392
0.032755 1.138032 1.648384
0.113998 1.158672 1.663125
-0.352443 0.472321 2.709340
-0.285847 0.452043 2.704478
-0.217778 0.445178 2.696141
-0.150112 0.452997 2.674872
-0.084037 0.474642 2.649853
-0.019962 0.507572 2.629092
0.021765 0.535847 2.618841
0.062938 0.568863 2.611348
0.103823 0.606237 2.603292
0.144698 0.647985 2.591513
0.185815 0.694192 2.575949
0.227347 0.744714 2.558839
0.269330 0.799603 2.541565
0.311660 0.858789 2.523251
0.354094 0.922106 2.502101
0.396240 0.989783 2.477653
0.437571 1.062009 2.450349
0.477401 1.138808 2.418644
0.514845 1.219867 2.378391
