inf
7.044876317544287447e-01
6.918151442874677093e-01
6.303173376335381439e-01
6.133178972954833608e-01
5.993063316675456553e-01
5.886397885033596289e-01
5.610122606029821490e-01
5.606834532429264550e-01
5.477419138740792226e-01
4.972707558180354814e-01
4.913987104009797102e-01
4.897362899993242258e-01
4.824143604074453417e-01
4.659466079000589289e-01
4.515911875946224674e-01
4.440109780157069919e-01
4.393479643284963210e-01
4.263559288564692795e-01
4.152578654088112109e-01
4.098846846261999799e-01
4.002253900602019132e-01
3.873762264658864862e-01
3.857531253066009969e-01
3.788091714355575346e-01
3.732037006983660588e-01
3.730612244172580305e-01
3.700591838426946500e-01
3.684413323801791207e-01
3.648144298404287778e-01
3.644111463950324703e-01
3.616159365352535904e-01
3.371832760849011179e-01
3.357645068687716838e-01
3.354706949476662925e-01
3.342310615264178497e-01
3.334815765990745695e-01
3.277328489650499499e-01
3.273861291636434023e-01
3.222965321364815172e-01
3.170936131222035215e-01
3.150290380917163402e-01
3.103609078561371248e-01
3.085118948905296032e-01
3.070378173928367538e-01
3.068137634662741475e-01
3.038248237038643773e-01
2.976054432261261429e-01
2.936216628397068096e-01
2.926200493859071883e-01
2.920036439706808484e-01
2.886608554047510045e-01
2.880928205718025215e-01
2.862545499883182298e-01
2.853180360434900420e-01
2.847314670912463042e-01
2.799908925180130681e-01
2.792787355532850846e-01
2.778098201856885052e-01
2.771403460630347260e-01
2.763495462815709347e-01
2.711634956882147951e-01
2.682312720600218414e-01
2.673928056334987091e-01
2.669162082214704412e-01
2.663345549033487303e-01
2.660345899108996215e-01
2.650250277052316750e-01
2.649924849542684147e-01
2.632918644946185549e-01
2.632280423241482037e-01
2.627689027303440339e-01
2.625146928835250248e-01
2.620357151742073176e-01
2.593979888992093974e-01
2.592590204909802631e-01
2.584712343875771312e-01
2.576583648633082868e-01
2.568605100001807306e-01
2.556869093145159311e-01
2.550116219216965741e-01
2.547004500359691948e-01
2.541656941833888017e-01
2.521670726875360202e-01
2.520333559557457748e-01
2.499057235972221847e-01
2.493037926505022039e-01
2.492837975264340644e-01
2.481161329269124804e-01
2.468371409309558506e-01
2.449022644600430954e-01
2.444918702629356455e-01
2.430138165823065299e-01
2.424402012536090445e-01
2.422525321159108846e-01
2.422177512444044500e-01
2.421691321740683522e-01
2.412056286682747741e-01
2.411730082646928452e-01
2.406508286305377997e-01
2.403588048648620801e-01
2.395706767437431883e-01
2.391634178664263644e-01
2.386858351603583228e-01
2.384859921878461075e-01
2.382006348311797861e-01
2.381985632321125534e-01
2.372901107903520879e-01
2.372515543988964748e-01
2.372124592478629113e-01
2.370903311494454713e-01
2.370175425439118022e-01
2.369246663466383629e-01
2.367263284657317168e-01
2.367126988086272477e-01
2.367103956812995347e-01
2.360995875522052811e-01
2.357354796467649727e-01
2.355104943899606895e-01
2.354770418810881172e-01
2.340130933991786122e-01
2.322028885650077035e-01
2.301568129451834477e-01
2.273943124245526859e-01
2.271277704616863624e-01
2.267545014941398096e-01
2.260366249589789156e-01
2.254084961312634583e-01
2.253129699619619286e-01
2.245061304105696875e-01
2.231808268458267963e-01
2.224266015188697820e-01
2.221686235335673387e-01
2.214881438590849683e-01
2.210419052579662147e-01
2.209682335161992361e-01
2.205810265366608680e-01
2.193267533346279496e-01
2.186942180644093070e-01
2.185961054445635376e-01
2.180781553529662908e-01
2.178892794256502285e-01
2.155033810852872989e-01
2.152146494656660691e-01
2.142444960536180054e-01
2.123269552175001962e-01
2.116375923696743322e-01
2.113179817706936081e-01
2.104155143086380297e-01
2.099514521244011389e-01
2.097392333605756776e-01
2.097138943006935652e-01
2.093339547106369825e-01
2.090923723118207067e-01
2.090611145560419271e-01
2.090554296152850877e-01
2.084221035845300052e-01
2.067728122579287897e-01
2.067605416637304516e-01
2.064002205187020766e-01
2.063603297236325240e-01
2.060854304276019400e-01
2.043312525104497013e-01
2.036464651671437975e-01
2.034096710862071666e-01
2.033570096820788986e-01
2.022853457025961810e-01
2.018225579179425688e-01
2.009264628445707190e-01
1.999748212183534990e-01
1.996612609279549144e-01
1.986523885867853834e-01
1.984650143743613704e-01
1.976184917118379292e-01
1.970233118086544555e-01
1.965170976283422410e-01
1.957939583047640930e-01
1.952185014842726940e-01
1.947316789616362620e-01
1.943728619604702113e-01
1.939311836510677345e-01
1.936249717756283184e-01
1.936227976222189007e-01
1.929644499946606140e-01
1.928875822130676765e-01
1.916067221815727084e-01
1.902830328984251584e-01
1.899107582282966444e-01
1.896497732471032205e-01
1.888959518796210213e-01
1.884759125160174742e-01
1.884073648119666267e-01
1.882820790750000250e-01
1.879858213802064193e-01
1.871760754454604436e-01
1.866444318441403127e-01
1.858338680985557045e-01
1.858135349719041152e-01
1.857603079835682403e-01
1.836507228766764699e-01
1.834578820898831730e-01
1.829396881510992889e-01
1.828735696309408687e-01
1.826211498412009804e-01
1.823251220321336075e-01
1.821064879663924496e-01
1.817733695494324897e-01
1.812668590197256957e-01
1.807951678774850079e-01
1.805971227964386083e-01
1.805719788376973778e-01
1.805522609768122622e-01
1.804489859183876221e-01
1.803815806790681764e-01
1.802514285504167590e-01
1.801949760810495071e-01
1.797237199779176953e-01
1.796929973705784500e-01
1.796019842370306374e-01
1.794103294374145841e-01
1.792970286626654475e-01
1.792311050342713652e-01
1.780284568542319923e-01
1.778017959894807876e-01
1.769036835351295300e-01
1.766728014742856012e-01
1.766473823366868645e-01
1.766112017161664827e-01
1.761684163817087145e-01
1.760417662767216063e-01
1.758701122981231602e-01
1.756981588407668660e-01
1.752983603399487500e-01
1.751858044148631444e-01
1.751165311672339686e-01
1.750100325705354898e-01
1.748408370315629179e-01
1.737536221619035981e-01
1.733078496125914081e-01
1.730377666593921893e-01
1.727749605725253657e-01
1.722541257770135170e-01
1.721956312430623359e-01
1.721036197352840413e-01
1.713197051268478266e-01
1.711456306896354529e-01
1.710823481312991612e-01
1.705803966077927003e-01
1.697215622315107753e-01
1.695284881601962501e-01
1.692363449486890825e-01
1.691764866234211906e-01
1.690939088170866633e-01
1.686577604248193640e-01
1.681001434463063327e-01
1.678343231596372553e-01
1.677596055144394416e-01
1.672284727114767555e-01
1.662898549235274914e-01
1.661469813781828175e-01
1.659284110449108784e-01
1.656748589665105464e-01
1.656073519096983582e-01
1.655775678852433874e-01
1.653798994653750132e-01
1.653522478720746425e-01
1.653277194486222346e-01
1.645311547125923590e-01
1.643310548711542085e-01
1.641591142968218120e-01
1.640431856787019360e-01
1.640200546353983158e-01
1.639891136288449403e-01
1.638293096044203534e-01
1.634488944383843678e-01
1.632589914303861078e-01
1.626347435423549093e-01
1.623261971870077203e-01
1.621926193874010658e-01
1.620153818864658035e-01
1.619159962434107147e-01
1.619070337530648940e-01
1.618125045512549820e-01
1.614622728073911440e-01
1.613884175641905061e-01
1.610686963537825700e-01
1.605372051485391971e-01
1.604902163467878118e-01
1.603687005897213302e-01
1.600159568009804634e-01
1.599881869081831443e-01
1.594558198409476157e-01
1.592503967300535339e-01
1.591569112799607055e-01
1.578133933529589361e-01
1.572718446126747383e-01
1.571819395424352284e-01
1.571378104193008607e-01
1.568917400425730024e-01
1.566981445749364432e-01
1.565616152092841329e-01
1.564517196194675774e-01
1.563352544821869916e-01
1.562994760333656641e-01
1.562052251010962178e-01
1.560599785850368126e-01
1.559529949546021588e-01
1.558747597690018361e-01
1.558307319971356797e-01
1.557932367925449757e-01
1.557311121912101082e-01
1.556969191656533968e-01
1.554462772749490851e-01
1.554123188327269367e-01
1.552488065505085169e-01
1.552220301664348490e-01
1.552182164350155991e-01
1.549849322118693751e-01
1.549307402682502666e-01
1.546556927125660175e-01
1.544241544750805106e-01
1.543930498108877780e-01
1.541344296842780404e-01
1.535757144720335809e-01
1.534281043814481882e-01
1.532871038078945369e-01
1.532392939952175737e-01
1.529331287872815193e-01
1.524568723165240225e-01
1.519375396687034641e-01
1.516866383623899639e-01
1.516381503446154466e-01
1.515361100670469530e-01
1.514293304920381611e-01
1.512830006668867688e-01
1.512489142888620575e-01
1.512214588880040900e-01
1.510995322627125825e-01
1.509654317617382668e-01
1.509165924098818112e-01
1.507420344418937130e-01
1.505973034002699995e-01
1.504114856940062250e-01
1.500796553708610703e-01
0.000000000000000000e+00
