3 232
0.010117 -0.395647 2.855994
-0.025429 -0.392657 2.795906
-0.058015 -0.390491 2.737917
-0.087946 -0.389310 2.681906
-0.115522 -0.389240 2.627772
-0.141024 -0.390381 2.575427
-0.164723 -0.392811 2.524802
-0.186875 -0.396593 2.475839
-0.207720 -0.401777 2.428492
-0.227484 -0.408406 2.382730
-0.425970 -0.081927 2.853555
-0.400765 -0.089171 2.795524
-0.378178 -0.097288 2.738777
-0.358076 -0.106137 2.683299
-0.340330 -0.115611 2.629072
-0.324808 -0.125623 2.576077
-0.311385 -0.136114 2.524295
-0.299939 -0.147043 2.473708
-0.290356 -0.158388 2.424302
-0.282529 -0.170142 2.376062
-0.273868 -0.188555 2.305865
-0.268641 -0.207977 2.238240
-0.315097 0.098664 2.911108
-0.282406 0.093195 2.847876
-0.252735 0.087223 2.786260
-0.225887 0.080948 2.726196
-0.201664 0.074533 2.667617
-0.179871 0.068105 2.610463
-0.160317 0.061766 2.554675
-0.142820 0.055591 2.500198
-0.127202 0.049635 2.446983
-0.113300 0.043937 2.394984
-0.100957 0.038522 2.344157
-0.090027 0.033403 2.294464
-0.075991 0.026286 2.221973
-0.064421 0.019825 2.151845
0.336658 0.057180 2.719307
0.316195 0.065658 2.663157
0.298074 0.074599 2.608285
0.282153 0.083921 2.554663
0.268293 0.093565 2.502261
0.256363 0.103492 2.451054
0.246237 0.113681 2.401018
0.237801 0.124126 2.352131
0.229437 -0.171818 2.871529
0.196870 -0.166592 2.808673
0.167273 -0.161271 2.747531
0.140419 -0.156037 2.688018
0.116082 -0.151036 2.630056
0.094042 -0.146383 2.573570
0.074089 -0.142167 2.518494
0.056019 -0.138457 2.464768
0.039641 -0.135303 2.412336
0.024775 -0.132744 2.361150
0.011249 -0.130805 2.311165
-0.001093 -0.129504 2.262342
-0.017711 -0.128776 2.191209
-0.021561 0.338898 2.783774
0.009866 0.336076 2.724898
0.038663 0.334070 2.667894
0.065110 0.333008 2.612665
0.089477 0.332991 2.559127
0.112018 0.334099 2.507208
0.333122 0.009850 2.786538
0.297464 0.021118 2.699228
0.276815 0.029169 2.642703
0.258477 0.037524 2.587478
0.242297 0.046108 2.533514
0.228127 0.054864 2.480777
0.215825 0.063754 2.429234
0.205258 0.072759 2.378854
0.196303 0.081872 2.329609
0.185646 0.095759 2.257816
0.178862 -0.253538 2.906231
0.142946 -0.248952 2.842373
0.110193 -0.244459 2.780435
0.080343 -0.240265 2.720312
0.053138 -0.236535 2.661905
0.028328 -0.233402 2.605126
0.005671 -0.230969 2.549895
-0.015063 -0.229318 2.496143
-0.034095 -0.228513 2.443809
-0.051633 -0.228604 2.392839
-0.067871 -0.229628 2.343188
-0.082995 -0.231616 2.294815
-0.103962 -0.236463 2.224582
-0.256183 0.162615 2.902415
-0.222368 0.157440 2.838768
-0.191622 0.152025 2.776854
-0.163720 0.146570 2.716590
-0.138441 0.141238 2.657897
-0.115565 0.136157 2.600699
-0.094881 0.131427 2.544929
-0.076186 0.127127 2.490524
-0.059287 0.123313 2.437428
-0.044000 0.120029 2.385590
-0.030153 0.117304 2.334963
-0.017585 0.115160 2.285506
-0.000806 0.113058 2.213432
-0.084644 -0.453375 2.804056
-0.118068 -0.452023 2.747737
-0.148855 -0.451851 2.693506
-0.177318 -0.452975 2.641258
-0.203752 -0.455489 2.590907
-0.228441 -0.459465 2.542386
-0.451828 -0.181415 2.756401
-0.433519 -0.191029 2.703354
-0.417506 -0.201523 2.651495
-0.403686 -0.212819 2.600826
-0.391959 -0.224859 2.551352
-0.382228 -0.237608 2.503075
-0.371173 -0.258019 2.432914
-0.364120 -0.279979 2.365479
-0.396994 -0.039872 2.860252
-0.370290 -0.046738 2.800912
-0.346281 -0.054379 2.742918
-0.324821 -0.062643 2.686244
-0.305763 -0.071413 2.630859
-0.288963 -0.080596 2.576735
-0.274281 -0.090125 2.523844
-0.261582 -0.099953 2.472157
-0.250739 -0.110051 2.421651
-0.241632 -0.120408 2.372303
-0.230987 -0.136433 2.300408
-0.223667 -0.153096 2.231016
0.073865 -0.347613 2.880119
0.037687 -0.343878 2.818132
0.004596 -0.340702 2.758204
-0.025702 -0.338266 2.700214
-0.053495 -0.336718 2.644057
-0.079058 -0.336170 2.589642
-0.102656 -0.336716 2.536891
-0.124539 -0.338426 2.485737
-0.144945 -0.341359 2.436127
-0.164098 -0.345561 2.388017
-0.182206 -0.351070 2.341373
-0.390936 -0.002421 2.901798
-0.361358 -0.008495 2.840674
-0.334627 -0.015369 2.780971
-0.310587 -0.022862 2.722655
-0.289078 -0.030831 2.665687
-0.269943 -0.039159 2.610029
-0.253027 -0.047762 2.555645
-0.238179 -0.056573 2.502499
-0.225259 -0.065550 2.450559
-0.214130 -0.074667 2.399793
-0.204667 -0.083911 2.350173
-0.196753 -0.093285 2.301675
-0.187554 -0.107617 2.230979
-0.181281 -0.122348 2.162686
-0.182640 0.242042 2.895960
-0.147451 0.237378 2.832372
-0.115377 0.232799 2.770666
-0.086161 0.228507 2.710739
-0.059552 0.224660 2.652497
-0.035302 0.221386 2.595853
-0.013177 0.218786 2.540731
0.007051 0.216936 2.487064
0.025597 0.215900 2.434791
0.042663 0.215722 2.383859
0.058441 0.216440 2.334225
0.073111 0.218083 2.285847
-0.067729 0.313445 2.818671
0.101894 0.304636 2.456786
0.314622 -0.038601 2.825007
0.287319 -0.031994 2.764715
0.262717 -0.024967 2.705870
0.240641 -0.017663 2.648421
0.220914 -0.010194 2.592319
0.203367 -0.002648 2.537517
0.187836 0.004914 2.483969
0.174165 0.012447 2.431637
0.162207 0.019924 2.380481
0.151826 0.027331 2.330466
0.142893 0.034666 2.281560
0.131955 0.045552 2.210217
0.114025 -0.325123 2.908124
-0.172172 -0.326600 2.286818
-0.354570 0.035293 2.890707
-0.324460 0.029274 2.829007
-0.297225 0.022612 2.768790
-0.272694 0.015487 2.710009
-0.250693 0.008042 2.652615
-0.231050 0.000393 2.596561
-0.213598 -0.007376 2.541802
-0.198176 -0.015200 2.488295
-0.184631 -0.023035 2.436002
-0.172818 -0.030855 2.384883
-0.162602 -0.038644 2.334907
-0.153857 -0.046403 2.286043
-0.143248 -0.058004 2.214767
-0.120381 -0.266323 2.270871
-0.141814 -0.274086 2.202652
0.007669 0.182789 2.398857
0.023169 0.182069 2.348400
0.037449 0.182149 2.299177
0.077254 -0.315665 2.837421
0.043633 -0.311943 2.776354
0.012901 -0.308796 2.717210
-0.015221 -0.306382 2.659884
-0.041007 -0.304828 2.604280
-0.064715 -0.304234 2.550317
-0.086594 -0.304680 2.497926
-0.106879 -0.306228 2.447045
-0.125792 -0.308928 2.397627
-0.143542 -0.312820 2.349631
-0.126813 -0.057022 2.152392
-0.036451 -0.160541 2.228512
-0.053277 -0.162564 2.159005
-0.129700 0.280931 2.868506
-0.079003 0.274618 2.775488
-0.048869 0.270909 2.715822
-0.021354 0.267793 2.657913
0.003802 0.265399 2.601669
0.026849 0.263828 2.547010
0.048025 0.263161 2.493867
0.067557 0.263459 2.442179
0.085659 0.264773 2.391894
0.102532 0.267142 2.342969
0.285317 -0.104019 2.868478
0.254458 -0.098256 2.806231
0.226496 -0.092160 2.745573
0.201230 -0.085906 2.686435
0.178460 -0.079635 2.628752
0.157990 -0.073457 2.572464
0.139632 -0.067454 2.517513
0.123205 -0.061691 2.463846
0.108537 -0.056210 2.411416
0.095466 -0.051043 2.360176
0.083841 -0.046207 2.310088
0.073522 -0.041710 2.261112
0.060208 -0.035601 2.189662
