inf
2.247928498172396816e-01
2.202400173383869675e-01
2.149459892063048383e-01
2.067681963561565917e-01
1.916027839843440772e-01
1.915237543172935986e-01
1.912034399646445060e-01
1.909491930452271169e-01
1.904293313293048684e-01
1.898903260486685118e-01
1.881078612347544810e-01
1.859438113838363382e-01
1.820047987983613447e-01
1.817991169934203011e-01
1.798992265807895508e-01
1.794856937589372203e-01
1.785379726147946489e-01
1.776150370019726754e-01
1.757701556509926322e-01
1.755837360532908897e-01
1.755535989000656105e-01
1.754954400547742432e-01
1.753277315981266182e-01
1.742747325623723031e-01
1.735757711598495956e-01
1.706896480269011196e-01
1.692930512049931613e-01
1.690993919243307941e-01
1.689004764962310778e-01
1.681852004656886612e-01
1.676512643154104143e-01
1.648366171415823200e-01
1.644699303760930320e-01
1.644680374699160341e-01
1.640760299877610517e-01
1.628162439398242733e-01
1.611522588286616597e-01
1.594656715180607365e-01
1.591389247369509319e-01
1.589952834622883893e-01
1.584093833791934136e-01
1.580837865125583330e-01
1.579653264623377407e-01
1.573813997683703725e-01
1.573443109713733856e-01
1.570229060445511582e-01
1.563517359053815114e-01
1.561855835516665902e-01
1.558557999954888473e-01
1.556369528052907181e-01
1.553131255668867838e-01
1.552123709352033754e-01
1.542819537743835290e-01
1.539712980519676033e-01
1.536112942766179601e-01
1.523119180164364539e-01
1.522064690405136589e-01
1.517995996076874354e-01
1.513123508788287996e-01
1.503690388955211954e-01
1.501499706917899524e-01
0.000000000000000000e+00
