3 1962
5.629867 -1.009742 -0.048520
5.629867 -0.486647 -0.022050
5.747156 -0.098359 0.090281
5.629867 0.641844 0.387025
5.512578 -0.135198 0.437169
5.278000 -0.256610 -0.066482
5.160711 0.130888 -0.326980
5.160711 -0.133027 -0.729951
5.278000 0.431205 -0.643933
5.747156 -0.527429 -0.328713
5.747156 -0.526405 -0.503745
5.512578 -0.395206 -0.698734
5.512578 0.075447 -0.166325
5.160711 -0.140000 -0.801169
4.926133 0.101721 -0.436719
5.160711 0.440896 0.256905
5.512578 0.076367 -0.412146
6.216311 -0.453442 -0.496647
6.099022 -0.180004 -0.309266
5.395289 -0.056391 -0.458578
5.395289 -0.242410 -0.862086
5.278000 -0.074611 -0.953795
5.278000 0.527727 -0.131827
5.278000 0.804864 -0.257335
5.160711 0.557459 -0.219277
5.160711 0.721536 -0.167042
5.395289 -0.150675 -0.814295
5.512578 -0.703028 0.706074
5.864444 -0.393646 0.503877
6.568178 -0.104992 -0.140352
5.043422 0.496811 0.326726
5.160711 0.412561 0.306625
5.629867 -0.295756 -0.696019
5.512578 -0.098857 -0.948982
5.278000 -0.071633 -0.731739
5.278000 0.260567 -0.832053
5.278000 0.315945 -0.497988
5.160711 0.365127 -0.840798
4.926133 -0.443265 -0.387362
4.926133 -0.104641 -0.018501
5.043422 0.154692 -0.006633
5.043422 0.279575 -0.028018
5.043422 0.662550 -0.085545
5.043422 0.314846 -0.640000
5.043422 0.010738 -0.125122
5.160711 0.209270 -0.188870
5.278000 -0.427019 -0.595591
5.278000 -0.663317 -0.397010
5.278000 -0.240702 -0.798883
5.864444 -0.227147 -0.159973
6.450889 -0.076565 0.357057
5.160711 0.400892 0.191905
5.629867 -0.500296 -0.245110
5.278000 0.309539 -0.803120
5.278000 -0.001106 -0.941958
5.160711 0.106017 -0.744949
4.691556 -0.095380 0.186967
5.160711 0.396423 -0.402352
5.160711 0.770167 -0.096428
5.160711 0.371879 -0.281239
6.333600 -0.359545 -0.299828
4.926133 -0.087871 0.362968
6.333600 -0.217016 0.049949
6.333600 -0.688259 -0.050002
6.333600 -0.464784 0.287330
6.568178 0.158664 -0.118766
5.747156 0.246441 0.977759
5.278000 -0.350735 0.703831
5.278000 -0.539537 0.318516
5.278000 -0.621328 -0.383054
5.160711 -0.266363 -0.628029
5.160711 0.061068 -0.508587
6.333600 -0.288554 0.605388
4.926133 -0.202339 0.308866
4.926133 0.171814 0.293393
4.926133 0.056129 -0.324147
5.160711 0.230814 -0.764592
6.568178 -0.293372 -0.076197
5.629867 -0.633747 -0.647915
5.278000 -0.674297 -0.616117
5.278000 -0.522989 -0.156645
5.747156 0.138967 0.147624
5.864444 0.461725 -0.218660
5.864444 -0.163044 -0.359230
5.864444 -0.283745 -0.219177
5.747156 -0.355319 -0.197817
5.747156 -0.577969 -0.523285
5.747156 -0.306061 -0.569246
5.981733 0.094808 -0.019560
5.629867 -0.762931 -0.502082
5.629867 -0.660525 -0.092480
6.333600 0.191981 0.109820
6.333600 -0.133488 0.645484
5.512578 -0.739155 0.355553
5.395289 -0.502714 -0.288111
5.395289 0.216422 -0.832258
5.395289 -0.001868 -0.467521
5.512578 -0.860385 -0.230024
5.395289 -0.925692 0.232641
5.278000 -0.572488 -0.128482
5.395289 -0.319407 -0.662785
6.450889 -0.390815 -0.265641
6.450889 -0.380363 0.152017
5.512578 -0.137803 1.005388
5.278000 -0.409108 -0.063454
5.747156 -0.874032 -0.504911
5.864444 -0.829109 -0.526599
4.808844 0.063049 -0.131022
4.926133 0.361372 0.298722
4.808844 0.178325 -0.407109
4.808844 -0.158485 -0.081697
4.926133 0.605295 -0.393279
5.043422 0.648916 -0.486553
5.160711 0.692688 -0.526456
4.926133 0.689860 -0.107399
4.808844 0.622141 0.082152
5.864444 -0.348039 -0.188824
5.864444 -0.981038 -0.002434
5.864444 -0.875203 0.443873
5.981733 -0.795070 0.436471
6.450889 0.287236 0.473625
6.333600 -0.056144 0.513727
6.333600 -0.168997 0.341276
6.216311 -0.185502 -0.026790
5.864444 -0.667505 0.406455
5.864444 -0.855287 -0.149493
5.747156 0.325749 0.483381
5.629867 0.731067 0.232544
5.864444 0.441906 -0.449624
5.864444 -0.807931 -0.374327
5.512578 0.127419 -0.806738
5.512578 -0.037766 -0.681393
5.278000 -0.048209 -0.718021
5.278000 -0.140667 -0.934377
5.278000 0.220416 -0.840772
5.278000 0.365520 -0.540380
5.160711 0.093923 -0.447148
5.160711 0.040801 -0.213928
5.160711 -0.127938 -0.085473
5.278000 0.050679 0.262097
5.278000 0.294435 0.014063
5.278000 0.287715 -0.298731
5.278000 0.340858 -0.290960
5.278000 -0.411900 -0.594074
5.395289 -0.471203 -0.726123
6.450889 -0.130283 0.147874
5.864444 -0.799596 0.060843
5.981733 -0.261606 -0.114781
5.864444 0.063578 0.029512
5.864444 -0.087859 -0.169975
5.747156 -0.643247 -0.319605
5.864444 -0.391736 -0.405278
5.864444 -0.257284 -0.056600
4.926133 -0.047820 0.047247
5.747156 -0.582150 -0.665375
5.747156 -0.274449 -0.583559
5.278000 -0.222632 -0.266520
5.278000 0.031191 -0.499552
5.278000 0.462083 -0.204426
5.278000 0.770625 -0.011256
5.160711 0.898943 0.201038
5.160711 0.535379 -0.468747
5.395289 0.103518 -0.344403
5.747156 -0.589796 0.021902
5.864444 -0.531511 0.217219
6.450889 -0.128926 0.145324
6.099022 -0.415757 0.128166
5.981733 0.084183 0.067071
5.864444 0.335521 0.281272
5.747156 -0.186375 0.882672
5.747156 -0.463356 -0.096830
5.629867 -0.332676 0.011352
5.629867 -0.610100 -0.104170
5.629867 -0.689327 -0.375895
5.629867 -0.697109 -0.655075
5.629867 -0.217490 -0.413270
5.629867 -0.492690 -0.655983
5.395289 -0.900338 -0.423954
5.512578 -0.605702 -0.670138
5.629867 -0.729627 -0.464957
6.216311 -0.462131 0.456316
6.216311 -0.461655 0.380235
6.568178 -0.142218 0.040620
6.450889 0.017747 -0.299428
5.864444 0.285142 -0.403907
5.512578 -0.757283 -0.668218
5.512578 -0.228929 -0.410014
5.395289 0.126352 -0.801379
5.160711 -0.211877 -0.853014
5.160711 0.802050 -0.211524
4.926133 0.489152 -0.503466
5.747156 0.091341 0.134090
4.926133 -0.173541 0.743554
5.278000 -0.168576 0.204131
5.278000 -0.494149 0.057006
5.278000 0.126182 -0.050357
5.278000 0.034088 -0.608286
5.278000 -0.372680 -0.583455
5.160711 -0.400445 -0.547235
5.160711 -0.046970 -0.511960
4.691556 0.154307 -0.150941
4.926133 0.627171 -0.390595
5.278000 0.107266 -0.870203
5.278000 -0.069363 -0.661740
5.278000 -0.397769 -0.511298
5.278000 -0.320094 -0.308781
5.278000 0.108764 -0.474509
6.216311 -0.551250 -0.230846
5.981733 0.338669 -0.664364
5.981733 0.708379 -0.221471
5.278000 0.317346 -0.432423
5.278000 -0.168672 -0.891570
5.512578 -0.566971 -0.725934
5.160711 -0.157449 -0.880761
5.278000 0.111360 -0.955026
5.278000 0.564843 -0.062411
5.278000 0.717399 0.048137
5.981733 0.661719 -0.224563
5.981733 -0.076080 -0.390718
5.981733 -0.593447 -0.484650
5.981733 0.068059 -0.421786
5.747156 -0.396726 -0.656694
5.629867 -0.387217 -0.286522
6.333600 0.266284 -0.041094
6.450889 0.106161 0.090797
4.926133 0.096549 -0.457250
6.333600 -0.466691 0.512251
6.333600 -0.210207 0.225356
6.216311 0.292757 0.290323
5.981733 0.071175 -0.411343
5.981733 0.123751 -0.930247
5.981733 -0.555385 -0.668281
6.450889 -0.309734 0.331666
6.568178 -0.243791 0.228753
5.043422 0.645185 -0.374519
5.160711 0.566119 -0.049804
5.278000 -0.176496 0.114595
5.278000 -0.692871 0.083866
5.864444 -0.298537 0.081716
5.864444 -0.494544 0.164913
5.747156 -0.645438 0.068287
5.747156 -0.316217 -0.330809
5.864444 -0.379773 -0.800382
5.160711 -0.233411 -0.806833
5.160711 0.086376 -0.483757
5.160711 0.188946 -0.394311
5.043422 -0.135138 -0.222037
5.043422 -0.030480 -0.120655
5.043422 0.543142 -0.356442
5.160711 0.545809 -0.707089
5.160711 0.401804 -0.596734
5.160711 0.742375 -0.287025
5.395289 -0.374177 -0.861247
5.278000 -0.322805 -0.435016
5.278000 -0.496305 -0.497625
5.278000 0.088498 -0.965211
5.160711 -0.599549 -0.139734
5.278000 0.407751 -0.138754
5.278000 -0.241877 -0.559964
5.864444 -0.258224 -0.830950
5.864444 -0.386434 -0.704053
5.629867 -0.566533 -0.483469
5.864444 -0.468132 -0.056189
5.981733 -0.432431 -0.006825
5.864444 0.097064 -0.155544
5.864444 0.193715 -0.364983
5.864444 -0.262334 0.195435
5.981733 -0.257963 0.043936
6.450889 -0.331663 -0.451591
5.629867 0.283494 -0.745287
5.629867 -0.087300 -0.633477
5.278000 0.043146 -0.910516
5.278000 0.200646 -0.707224
5.278000 0.554233 -0.611450
5.278000 0.602853 -0.427142
5.043422 0.445499 -0.068131
4.926133 0.283359 0.198877
6.333600 0.401562 0.193444
6.333600 0.090154 -0.209463
6.333600 -0.474455 -0.114598
5.160711 -0.428667 0.303207
5.160711 0.079095 0.417915
5.160711 0.825584 -0.165352
5.160711 -0.189588 -0.353299
5.160711 0.462895 -0.384426
5.160711 0.763923 0.116898
5.160711 0.297307 0.490275
5.278000 -0.469044 0.054303
5.278000 -0.472521 -0.578538
5.512578 -0.236671 -0.675423
5.864444 -0.295093 -0.387857
5.395289 -0.406116 0.042236
5.395289 0.387780 0.077117
5.981733 -0.897391 -0.074802
6.450889 -0.325362 -0.220493
5.981733 -0.284293 -0.259117
5.278000 -0.806009 0.481718
5.395289 -0.771183 0.419447
5.629867 -0.819247 -0.377897
5.278000 -0.024192 -0.705609
5.395289 0.005869 -0.402378
5.864444 -0.127216 0.001819
5.864444 -0.183949 -0.029588
5.629867 -0.666591 -0.007081
5.747156 -0.538498 0.440754
5.747156 -0.260861 0.714071
5.747156 -0.172195 0.536228
5.747156 0.019928 -0.144522
5.747156 0.397498 -0.199235
5.747156 -0.088772 0.459127
5.747156 -0.639910 0.596756
5.747156 -0.630119 0.501782
6.216311 -0.477904 0.280685
6.333600 -0.160768 0.647063
5.160711 0.172791 0.610433
5.043422 0.770015 -0.175605
5.160711 0.450319 -0.655390
5.160711 0.029458 -0.900543
5.278000 -0.142206 -0.199785
5.395289 0.294116 0.148358
5.747156 -0.245558 -0.013593
5.864444 -0.420275 0.422412
5.864444 -0.630491 0.387844
5.864444 0.678241 0.035471
5.747156 0.894314 0.079253
5.747156 0.714023 -0.187678
5.629867 0.201769 -0.343825
5.629867 -0.436110 -0.167612
5.629867 -0.954064 -0.206291
5.629867 -0.872743 -0.441312
5.747156 -0.444259 -0.595453
6.099022 -0.172855 -0.623142
4.808844 0.147799 -0.492979
4.926133 0.529672 0.071024
5.395289 -0.667456 -0.505261
5.395289 -0.209778 -0.655951
5.395289 -0.408973 -0.631928
5.395289 -0.540087 -0.382312
5.395289 -0.728607 -0.382429
5.395289 -0.615618 -0.217512
5.395289 -0.495798 -0.265132
5.395289 -0.521608 0.001307
5.395289 -0.484742 -0.225565
5.629867 -0.552859 -0.020552
5.160711 0.722985 -0.345200
5.160711 0.104663 -0.619175
5.160711 0.297032 -0.503599
5.278000 0.419167 -0.659864
5.395289 -0.703370 -0.332430
5.747156 -0.330058 0.009720
6.216311 -0.485849 0.107552
5.981733 -0.656972 -0.201772
5.981733 -0.660582 -0.626744
5.864444 -0.100987 -0.524459
5.864444 -0.085304 -0.424139
6.099022 -0.101368 -0.377545
6.333600 -0.194144 -0.566638
6.333600 -0.498587 -0.282359
5.864444 -0.427146 0.131937
5.864444 -0.320853 0.555956
5.747156 -0.107291 0.549157
5.747156 0.137478 0.058191
5.747156 0.315618 -0.295299
5.747156 0.420689 0.020061
5.747156 0.804189 0.279819
5.747156 0.357440 0.115319
5.512578 -0.372366 -0.331539
5.512578 -0.570999 -0.474649
5.278000 -0.109681 -0.538551
5.278000 0.506274 -0.593908
5.160711 -0.020632 -0.454438
5.160711 0.586103 -0.437083
5.278000 0.497649 -0.490399
6.333600 -0.100740 -0.023309
5.160711 0.025829 0.545940
5.395289 -0.630140 -0.254902
5.395289 0.374400 -0.356850
5.278000 -0.156843 -0.744458
5.512578 -0.479102 -0.898468
5.278000 -0.098156 -0.786068
5.278000 -0.673722 -0.085783
5.747156 -0.731974 0.115173
5.864444 -0.626615 -0.617010
5.747156 -0.374734 -0.835753
5.747156 0.493224 -0.427817
5.747156 -0.107969 -0.427770
5.864444 -0.453204 -0.334767
5.629867 -0.586830 0.070529
5.512578 -0.586221 -0.246667
5.512578 -0.425610 -0.305899
5.512578 -0.320475 -0.233156
5.395289 0.193680 -0.326441
5.395289 0.759591 -0.537889
5.512578 0.881651 0.248333
5.512578 0.443398 0.597027
5.395289 0.342418 -0.663632
5.278000 -0.082520 -0.643152
5.160711 -0.576124 -0.673542
5.278000 -0.641832 -0.509799
5.395289 -0.296783 -0.380660
5.278000 -0.283846 -0.602619
5.278000 -0.440934 -0.528816
5.278000 0.305685 -0.653729
5.395289 0.492648 -0.374444
5.512578 0.304151 -0.554056
5.629867 -0.591364 -0.323599
6.450889 0.145277 0.128775
6.450889 0.104912 -0.317276
6.333600 0.135999 -0.255221
6.216311 0.197840 -0.090024
6.099022 0.056190 -0.175011
4.808844 -0.157463 -0.298479
4.926133 -0.278098 -0.591938
5.160711 0.234799 -0.298194
4.808844 0.477149 -0.214696
6.333600 -0.293734 0.262548
6.333600 -0.582771 0.100308
5.160711 -0.083126 0.369884
5.160711 -0.756561 0.515851
5.278000 -0.573288 0.555659
5.278000 -0.458915 -0.008518
5.395289 -0.219424 -0.243324
5.512578 -0.333089 -0.770344
5.629867 -0.612419 -0.689911
5.629867 -0.563074 -0.692905
5.512578 0.189372 -0.925498
5.395289 0.156680 -0.951009
4.926133 0.279327 0.162715
4.926133 0.221001 0.047909
5.160711 0.181462 0.203211
5.160711 0.014252 -0.236915
5.278000 -0.506723 -0.615400
5.395289 -0.931342 -0.306497
5.278000 -0.661136 -0.260186
5.160711 -0.617335 -0.606294
5.160711 -0.388992 -0.813228
5.160711 -0.385809 -0.820420
5.747156 -0.615093 -0.429929
5.278000 -0.552767 -0.753111
5.629867 0.517914 -0.837289
5.629867 -0.131715 -0.749667
5.981733 -0.926909 -0.086061
6.333600 0.464286 -0.088189
6.216311 -0.282896 -0.594846
5.747156 -0.801437 -0.535300
5.747156 -0.664916 -0.507581
5.747156 -0.361245 -0.083359
5.747156 0.076575 0.053126
5.160711 0.365868 -0.639889
5.629867 -0.175210 -0.073403
5.512578 -0.449054 -0.233480
5.512578 -0.357389 0.058836
5.629867 -0.018159 0.170976
5.512578 -0.275055 0.238235
5.629867 -0.332928 0.044632
5.512578 -0.402912 0.319707
5.512578 -0.824181 0.429290
5.629867 -0.672547 0.140497
5.278000 -0.726615 -0.271755
5.278000 -0.435251 -0.059150
5.278000 -0.168782 -0.469550
5.160711 0.513243 -0.596481
5.160711 0.621836 -0.640279
5.160711 -0.469044 -0.094901
5.160711 -0.730392 -0.233666
5.278000 -0.739365 0.606445
5.395289 -0.432542 0.837477
5.395289 -0.064769 0.146631
5.395289 0.166440 -0.684662
5.395289 0.176812 -0.918727
5.160711 -0.332172 -0.552003
5.278000 -0.518890 -0.504201
5.278000 -0.197810 -0.106034
5.278000 0.266098 0.176089
5.278000 0.808283 -0.107772
5.864444 -0.352743 -0.800738
5.864444 -0.524377 -0.332852
5.981733 -0.596674 0.090156
4.808844 -0.092853 0.332974
4.808844 0.230868 0.216718
4.808844 0.209500 0.082182
4.808844 0.511394 0.039396
5.160711 0.598275 -0.113818
5.278000 0.709810 -0.507671
5.395289 -0.072997 -0.746793
5.512578 -0.525309 -0.612654
5.747156 -0.492398 -0.610635
5.747156 -0.233331 -0.942413
5.629867 0.255002 -0.798445
5.512578 0.517589 -0.209675
5.512578 0.052734 0.147549
5.278000 -0.287675 0.073301
5.747156 -0.498755 0.094436
5.981733 -0.431039 0.148411
5.747156 -0.673636 0.004811
5.629867 -0.861941 -0.186626
5.278000 0.805873 -0.525447
5.043422 0.471667 -0.168656
5.629867 -0.024959 -0.454550
5.629867 0.362306 -0.735151
5.629867 -0.204950 -0.812660
5.512578 -0.379146 -0.160006
5.160711 0.195218 -0.249845
5.278000 0.147613 0.606256
5.512578 0.238082 -0.763294
5.629867 0.096898 -0.889804
5.629867 -0.232892 -0.567469
5.278000 -0.238416 -0.459629
5.512578 0.414067 -0.450973
5.395289 0.075972 -0.932356
5.278000 0.198211 -0.635873
5.278000 -0.179292 -0.828226
5.278000 -0.105320 -0.843364
5.395289 0.407291 -0.886606
5.395289 0.257211 -0.762637
5.395289 0.520011 -0.543609
5.512578 -0.206331 -0.870586
5.864444 0.010855 -0.596241
5.512578 -0.226670 -0.454708
5.864444 -0.635110 0.037090
6.450889 -0.341212 0.301492
6.216311 -0.624750 -0.128877
6.216311 -0.569657 0.071698
5.512578 -0.495442 -0.779092
5.512578 -0.094085 -0.606882
5.395289 0.137961 -0.717271
5.395289 -0.313830 -0.512429
5.395289 -0.555074 -0.039276
5.395289 -0.117793 -0.072956
5.395289 -0.257934 -0.314966
5.512578 -0.299663 0.031515
5.395289 -0.466988 0.526882
5.160711 -0.094875 0.894267
5.512578 -1.003171 -0.089036
5.512578 -0.431491 -0.458901
5.512578 -0.185696 -0.958328
5.512578 -0.056832 -0.854419
5.395289 0.194139 -0.669001
5.278000 0.259320 -0.774315
5.512578 0.078425 0.436998
6.450889 -0.255138 0.117966
6.099022 -0.467752 -0.413937
5.629867 0.014065 -0.897826
5.512578 -0.732188 -0.565056
5.629867 -0.791111 0.278540
5.747156 0.015424 0.240474
5.864444 -0.467272 -0.770484
5.160711 0.451609 -0.733962
5.160711 0.697677 -0.296770
5.160711 0.505233 -0.132543
5.160711 0.150941 -0.103287
5.981733 -0.077883 0.110149
6.333600 -0.343231 0.397950
5.629867 -0.556521 -0.282029
5.629867 -0.288298 -0.420960
5.629867 -0.522328 -0.719630
5.512578 -0.127365 -0.686647
5.278000 0.639091 -0.326622
5.278000 0.045678 0.332811
5.160711 -0.266976 0.379305
5.160711 -0.078984 0.463903
5.160711 -0.381460 0.539360
5.160711 -0.204648 0.683359
5.395289 0.756746 0.503170
4.926133 0.209788 0.382224
4.926133 -0.158363 -0.001010
4.926133 -0.256148 -0.237640
4.926133 0.166378 -0.040412
4.926133 0.319975 0.068457
5.747156 -0.402331 0.135634
5.864444 -0.513229 0.461563
5.864444 -0.648691 -0.393052
5.160711 -0.327800 -0.648188
5.160711 -0.049494 -0.708317
4.926133 -0.164379 -0.748227
4.926133 0.495470 -0.554072
4.926133 0.134112 0.196223
5.629867 -0.526530 -0.725981
5.747156 -0.829401 -0.332610
5.747156 -0.917733 0.273701
5.864444 -0.512471 0.727756
5.864444 -0.337921 0.665980
5.629867 -0.604907 0.482847
5.512578 -0.920677 0.105577
5.512578 -0.875998 -0.212112
5.512578 -0.376197 -0.594016
5.278000 -0.632933 -0.487604
5.278000 -0.776895 -0.459070
5.512578 -0.332903 -0.711892
5.512578 0.075748 -0.737489
5.512578 -0.685501 -0.494691
5.160711 0.068000 -0.709174
5.160711 0.547428 -0.026812
5.160711 -0.149253 -0.256090
5.160711 -0.634524 -0.093450
5.395289 -0.348733 -0.003706
5.395289 -0.112765 -0.441737
5.278000 -0.125421 -0.415211
5.160711 0.282390 -0.693183
5.160711 0.498563 -0.650168
5.043422 0.450890 -0.287589
5.160711 0.814731 -0.365181
5.278000 -0.309028 0.843097
5.395289 0.418041 0.904518
5.395289 0.295154 0.768961
5.395289 0.062644 0.555747
5.395289 0.031286 0.745982
5.512578 -0.391655 0.161552
5.512578 0.023159 -0.320233
5.864444 -0.514203 -0.619254
5.395289 -0.785852 0.232023
5.278000 -0.216727 -0.408816
5.160711 0.152197 0.070180
6.216311 -0.149589 0.531915
6.450889 -0.441693 -0.182847
5.981733 -0.398533 -0.363677
5.864444 -0.452206 -0.153148
5.864444 -0.274794 -0.008091
5.278000 0.047229 -0.358924
5.278000 0.086700 -0.919245
5.864444 -0.509467 -0.413480
5.864444 -0.017809 -0.595547
5.747156 -0.444129 -0.249432
5.747156 -0.367601 0.057857
5.864444 -0.069091 0.039092
5.864444 -0.238506 -0.561202
5.629867 -0.521936 -0.294965
5.512578 -0.717279 0.523868
5.864444 -0.888956 0.341477
5.981733 -0.513375 0.233850
5.864444 -0.124383 -0.269037
5.981733 -0.115158 -0.622625
5.981733 -0.858459 -0.381765
5.747156 -0.004051 0.076365
5.747156 0.120808 -0.797159
5.864444 -0.056578 -0.707795
5.981733 -0.636172 -0.457230
5.981733 -0.903390 0.133843
6.333600 -0.558293 0.423850
6.333600 0.024459 0.312973
6.333600 0.241740 -0.125285
5.864444 0.432927 -0.220620
5.864444 0.381369 -0.356669
5.864444 0.388305 -0.579946
5.864444 -0.060470 -0.747547
5.278000 -0.810005 -0.468692
5.278000 0.151273 -0.879068
5.512578 -1.002440 0.027406
5.512578 -0.192053 0.710553
5.160711 0.041385 -0.150734
4.808844 0.322324 0.070917
5.160711 0.272159 0.863200
5.747156 -0.079621 0.190056
5.864444 -0.708706 -0.239665
5.160711 -0.762165 -0.209695
5.160711 -0.138040 0.149458
5.160711 0.430245 0.074192
5.160711 0.343893 -0.606807
5.395289 0.072313 -0.768321
5.395289 -0.043344 -0.830640
5.395289 -0.160303 -0.105294
5.512578 -0.119848 0.531018
5.278000 -0.115273 0.091847
5.278000 0.531434 0.113231
5.278000 0.811833 -0.483356
4.926133 0.434501 -0.478206
4.926133 0.249235 -0.381651
5.043422 -0.153083 -0.030219
5.043422 -0.133483 0.308147
4.808844 0.000225 0.230096
4.926133 -0.236159 0.521917
4.926133 -0.138353 -0.019406
5.160711 -0.568608 -0.701848
5.981733 -0.493108 -0.575574
6.099022 -0.604284 -0.154295
5.981733 -0.397104 -0.075866
5.512578 -0.124355 -0.183352
5.512578 0.204445 -0.889004
5.512578 -0.466627 -0.748408
5.512578 -0.188357 -0.833955
5.512578 -0.528618 -0.822152
5.278000 -0.193682 -0.294896
4.808844 0.323123 -0.255991
5.278000 -0.390692 -0.572115
5.278000 -0.056075 -0.832557
5.278000 0.153212 -0.416144
5.512578 -0.537942 0.638086
5.747156 -0.606485 0.698003
5.395289 -0.185631 0.075017
5.395289 -0.258035 -0.449882
5.395289 -0.437022 -0.684356
5.395289 -0.410302 -0.350074
5.395289 -0.546216 -0.406398
5.512578 -0.955743 -0.121275
5.512578 -0.400190 -0.861840
5.747156 -0.624810 -0.452414
5.747156 -0.338729 -0.442018
5.512578 -0.520923 -0.746860
5.512578 -0.370030 -0.587965
5.278000 -0.155021 -0.299404
5.278000 0.284263 0.128935
5.160711 0.298410 0.221622
5.160711 0.156619 0.837674
5.160711 0.343271 0.346905
5.160711 0.698380 0.069150
5.160711 0.413305 -0.227721
4.808844 0.506401 -0.300088
6.333600 0.435326 0.173361
6.333600 0.356949 0.069736
6.333600 0.231425 -0.095902
6.216311 0.119696 0.626014
6.216311 -0.555117 -0.133310
5.747156 -0.907706 -0.440584
5.629867 -0.371613 -0.236389
5.512578 -0.306388 -0.462301
5.278000 -0.303929 -0.703277
5.278000 -0.700306 -0.597127
5.160711 -0.804154 -0.259367
5.160711 -0.498976 -0.608263
5.160711 -0.390999 -0.810927
5.160711 0.695342 -0.274119
5.160711 0.417919 0.105398
5.278000 0.092503 0.165405
5.278000 -0.483651 -0.047411
5.864444 -0.421682 0.164228
5.981733 -0.401825 -0.575521
5.981733 -0.666000 -0.307356
5.981733 -0.751958 0.273964
5.864444 -0.504068 0.467051
5.864444 -0.062469 0.538308
5.981733 -0.011861 0.110128
5.160711 0.347514 -0.076791
5.747156 -0.125504 0.201267
5.747156 0.059510 0.464334
5.747156 -0.336608 0.950503
5.747156 -0.585330 0.498683
5.629867 -0.125126 -0.100134
5.747156 0.524707 -0.085153
5.747156 0.791340 0.457349
5.512578 0.011043 0.835148
5.278000 -0.409028 0.351595
5.512578 -0.438210 0.228045
5.512578 -0.601308 -0.062449
5.512578 -0.034455 -0.724931
5.512578 0.573871 -0.450509
5.278000 0.737583 0.027573
5.278000 0.698892 0.085107
5.278000 0.009198 0.395696
5.278000 -0.033310 0.670701
5.278000 0.443837 0.200298
5.278000 0.836860 -0.439152
5.278000 0.148614 -0.629977
5.278000 0.067647 -0.415540
5.278000 -0.087070 -0.276971
5.043422 -0.047048 0.215278
5.043422 -0.208232 0.530512
5.747156 -0.695346 0.404333
5.747156 -0.855507 -0.476568
5.278000 -0.052165 -0.968022
5.278000 -0.372312 -0.793193
5.278000 0.187149 -0.515516
5.512578 0.422676 -0.775347
5.981733 0.379637 -0.470682
5.981733 -0.881002 -0.286498
6.216311 -0.275413 -0.374281
5.981733 -0.169019 -0.735504
5.981733 -0.254660 -0.708688
5.395289 -0.784164 -0.557345
5.043422 -0.147843 -0.263828
5.864444 -0.055526 0.735723
5.747156 -0.183220 0.165538
5.747156 -0.121255 0.021907
5.512578 0.293066 -0.068574
5.278000 0.475923 -0.258497
5.512578 0.426293 -0.741731
5.395289 0.168853 -0.708826
5.278000 0.019262 -0.358375
5.160711 0.325697 -0.000658
5.160711 -0.200163 -0.081288
5.160711 0.681239 -0.154368
5.864444 0.210985 -0.311269
6.216311 -0.272903 -0.648663
5.864444 0.115355 -0.366960
5.160711 -0.197520 0.030211
5.160711 -0.470997 -0.211662
5.160711 -0.175787 -0.331134
5.278000 0.438597 -0.413575
5.278000 0.430730 -0.612769
5.278000 -0.486425 -0.364535
5.043422 0.629407 0.369763
5.043422 0.609877 -0.053718
5.160711 0.396266 -0.579196
6.216311 -0.722200 -0.278033
5.864444 -0.462454 -0.697611
5.864444 -0.524158 -0.700947
5.160711 0.578444 -0.516336
5.160711 0.568620 -0.098047
5.160711 0.266054 -0.092203
5.160711 0.441293 -0.077696
5.278000 0.241394 0.430193
5.278000 -0.286241 0.432015
6.216311 -0.444793 0.045205
6.216311 -0.363092 -0.441111
5.981733 -0.554600 -0.529030
5.864444 -0.675377 -0.278246
5.864444 -0.230071 0.142336
5.747156 0.399769 -0.095845
6.099022 -0.538923 -0.409076
6.450889 -0.282339 0.210269
5.629867 -0.385498 -0.434445
5.512578 -0.351211 -0.886956
5.512578 -0.147890 -0.449220
5.395289 -0.358521 -0.663559
5.395289 -0.706035 -0.344492
5.395289 -0.848315 -0.059869
5.512578 -0.872448 -0.149216
5.512578 -0.236699 -0.920049
5.395289 -0.425635 -0.376366
6.333600 0.018953 -0.293678
6.333600 -0.343670 0.134393
5.864444 0.785077 0.376910
5.864444 0.555779 -0.336612
5.864444 0.005842 -0.290791
5.864444 -0.187712 -0.206209
5.512578 -0.268867 -0.387851
6.099022 -0.239908 0.608569
5.747156 0.080741 0.011397
5.278000 0.402911 -0.068675
5.278000 0.697300 -0.381140
5.395289 0.061321 -0.491473
5.512578 -0.240983 -0.011901
5.512578 -0.103947 -0.412625
5.629867 -0.694547 -0.641782
6.333600 -0.159555 -0.602659
6.333600 -0.662368 -0.128805
6.099022 -0.692579 0.417442
5.629867 0.373862 0.704706
5.512578 0.658800 0.258282
5.512578 -0.678276 -0.740324
5.747156 -0.786271 -0.258293
6.450889 -0.441383 0.021600
5.981733 -0.482815 -0.813859
5.981733 -0.715742 -0.548641
5.864444 -0.773175 0.366593
5.981733 0.127916 0.414248
5.981733 0.225488 0.200652
6.099022 0.136198 0.040324
5.981733 -0.197144 0.125020
5.981733 -0.335572 -0.172499
5.981733 -0.389362 -0.264460
5.981733 -0.079179 0.078173
5.981733 -0.247335 0.393136
5.981733 -0.404331 0.599471
5.629867 -0.134725 -0.698226
5.512578 -0.004025 -0.241253
5.395289 -0.476909 -0.419760
5.278000 -0.260248 -0.932084
5.278000 0.070248 -0.763064
5.278000 -0.143910 -0.454527
5.278000 -0.204938 -0.223988
5.278000 -0.136296 -0.857652
6.333600 -0.612412 0.016617
6.099022 -0.856157 0.003235
5.981733 -0.246575 -0.043441
5.747156 0.338888 -0.323118
5.160711 0.559629 -0.380198
5.160711 0.406977 -0.496760
5.160711 0.589523 -0.341845
5.512578 -0.496171 -0.713091
5.629867 -0.308299 -0.599185
5.512578 0.035041 -0.331589
5.629867 0.247715 -0.352241
5.629867 0.167319 -0.106001
6.450889 0.015499 -0.302584
5.160711 -0.182302 -0.902510
5.160711 -0.003429 -0.907147
5.160711 -0.054102 -0.622762
5.278000 -0.024948 -0.233432
5.278000 0.730588 -0.361930
5.747156 0.629257 -0.057334
5.747156 -0.681317 -0.265762
5.160711 -0.128636 -0.578821
5.043422 0.161828 -0.225474
5.043422 0.085010 0.043195
4.926133 0.157596 0.552417
4.926133 0.130366 0.278075
4.926133 -0.108750 0.562033
4.926133 0.602104 0.256106
5.043422 0.455713 -0.048295
5.160711 0.399210 -0.374321
5.512578 -0.704702 -0.580698
5.629867 -0.082196 -0.643648
6.333600 -0.408171 -0.261113
5.629867 0.260876 0.555503
5.512578 0.107275 -0.882541
4.926133 0.038136 0.253776
6.216311 0.073942 0.552264
6.333600 -0.278901 -0.314618
5.981733 -0.680969 -0.389393
5.864444 -0.672220 -0.438560
5.512578 0.093000 -0.816002
5.278000 -0.317374 -0.573405
5.278000 -0.577350 0.140554
5.395289 -0.597553 0.317124
5.278000 -0.102854 0.290553
5.160711 0.130952 -0.043487
5.160711 0.503762 -0.108464
5.160711 0.510252 -0.149884
5.043422 0.640432 0.088544
5.160711 0.289361 0.797687
5.160711 0.015731 0.584168
5.160711 -0.004219 -0.154732
5.160711 0.105638 -0.679702
5.278000 0.767985 -0.349903
5.160711 0.648048 -0.150814
6.333600 -0.351320 -0.485776
6.216311 -0.717978 -0.384573
6.216311 -0.640175 -0.393939
5.981733 -0.393004 -0.050840
5.981733 -0.592874 -0.713664
5.864444 -0.976342 0.012641
5.747156 -0.050054 0.359165
5.747156 0.154034 -0.212928
5.043422 0.017738 -0.216249
4.926133 -0.177750 -0.057765
5.043422 -0.438030 -0.268607
5.160711 -0.146050 -0.654259
5.160711 -0.023986 -0.746187
5.160711 0.177328 -0.889636
5.981733 0.108667 -0.296117
5.981733 -0.279908 -0.433258
5.981733 -0.087226 -0.322918
5.981733 -0.189191 -0.576891
6.099022 -0.141453 -0.558929
6.216311 -0.674361 0.066989
5.512578 0.349777 -0.570003
6.333600 -0.641101 -0.022242
6.333600 -0.680614 -0.193370
6.568178 0.074587 0.021332
6.333600 -0.437955 -0.313868
6.216311 -0.215626 -0.137220
6.216311 -0.296040 -0.216382
5.981733 0.011658 0.305788
5.864444 0.310401 -0.374478
5.747156 -0.467444 0.382589
5.864444 -0.580683 0.576811
5.864444 -0.530129 0.337777
5.981733 -0.675135 -0.119861
6.450889 -0.283367 0.309967
5.512578 -0.180512 0.306074
5.512578 -0.100336 0.471889
5.864444 -0.136055 0.240434
5.981733 -0.321854 -0.034837
5.278000 -0.494253 0.014526
5.278000 -0.554309 0.445600
5.395289 -0.823117 0.555998
5.278000 -0.562057 0.608577
5.395289 -0.172462 0.463438
5.278000 0.304314 0.069443
5.395289 0.113182 -0.120275
5.278000 0.092045 -0.148964
5.395289 0.011001 -0.575432
5.395289 -0.437942 -0.762408
5.512578 0.072670 -0.845516
5.395289 0.163723 -0.949570
5.160711 -0.050101 -0.205174
5.160711 -0.276649 0.262892
5.160711 -0.286135 0.318770
5.043422 -0.085535 0.105532
5.043422 0.140047 0.115096
5.160711 0.428314 0.701226
5.043422 0.530573 -0.575095
5.160711 0.332829 -0.574453
5.160711 -0.119642 -0.411088
5.160711 -0.125257 -0.404940
6.333600 -0.184819 0.041183
6.333600 -0.000201 0.242984
5.512578 -0.164424 0.503930
5.512578 -0.508568 0.317846
5.278000 -0.849628 -0.262406
5.278000 -0.816793 -0.443289
5.278000 0.478253 -0.593452
5.160711 0.446197 -0.163562
5.160711 0.171236 0.137351
5.160711 0.327887 0.468565
5.747156 0.827155 0.321064
5.278000 0.532178 0.533911
5.278000 -0.218820 0.875858
5.629867 -0.569528 0.596408
5.747156 -0.225383 -0.182982
5.629867 0.460403 -0.640287
5.629867 0.550993 -0.710735
5.512578 -0.027163 -0.543130
5.512578 0.063401 -0.739361
5.512578 0.421957 -0.619356
5.512578 0.259115 -0.589360
5.512578 -0.586447 -0.684970
5.512578 -0.639593 -0.709424
5.981733 -0.223154 -0.861529
6.216311 0.106622 -0.587025
6.333600 -0.264747 -0.223675
5.512578 -0.756591 0.329304
5.864444 -0.065219 0.114583
5.981733 -0.002046 -0.481504
5.747156 -0.619997 -0.587622
5.395289 -0.169725 -0.259847
5.278000 0.138041 0.663467
5.278000 0.069955 0.899163
5.278000 0.059069 0.603070
5.864444 -0.014866 0.215916
5.981733 -0.100313 -0.050938
5.981733 -0.022655 -0.182724
5.981733 -0.272503 -0.651325
6.333600 0.009688 -0.525641
6.450889 0.203088 0.207576
6.450889 0.229987 0.421953
6.450889 -0.412817 -0.259240
6.450889 0.273987 -0.145678
5.160711 0.254530 0.338141
5.160711 0.268934 0.127539
5.512578 -0.209451 -0.163357
5.629867 -0.420633 -0.610941
5.629867 -0.405474 -0.866534
5.629867 -0.833927 -0.560218
6.216311 -0.388757 -0.259254
6.216311 -0.405943 -0.305853
6.216311 -0.099141 -0.347591
6.099022 -0.579455 -0.497589
5.981733 -0.932995 -0.018839
5.864444 -0.372903 0.721185
5.981733 -0.131175 0.058217
5.981733 0.146295 0.094313
5.278000 0.323836 0.806620
5.395289 -0.113458 0.833915
5.395289 -0.480306 0.379952
5.395289 -0.334013 -0.414146
5.395289 -0.387212 -0.812639
6.568178 -0.035214 0.214644
6.450889 -0.063367 0.054415
6.333600 -0.592242 0.325071
6.450889 -0.030191 -0.037787
6.333600 0.631961 0.150576
5.864444 -0.454312 -0.682226
5.864444 -0.724057 -0.420348
5.864444 -0.207261 -0.565370
5.512578 -0.807359 -0.009660
6.450889 0.349459 0.058393
6.450889 0.304459 0.243899
6.216311 0.208964 0.749001
6.450889 -0.381239 -0.080597
5.629867 0.232349 0.972670
5.747156 -0.328729 0.663513
5.864444 0.166861 -0.942392
5.864444 0.813158 0.098648
6.333600 -0.507723 -0.095917
6.216311 -0.462393 -0.364663
6.216311 -0.699506 0.105335
6.216311 -0.616560 0.268795
6.333600 -0.504873 -0.268846
5.160711 -0.136629 0.407033
5.160711 -0.643626 0.045158
5.160711 -0.628080 -0.060412
5.160711 -0.082703 -0.193021
5.160711 -0.048610 -0.387125
5.160711 -0.291082 -0.513870
5.160711 0.281540 -0.726955
5.160711 0.887514 -0.171199
5.981733 -0.358987 0.803584
6.216311 -0.551673 0.013219
5.864444 -0.652793 0.478412
5.747156 0.518774 0.371790
5.864444 0.672776 -0.397623
5.864444 -0.188469 -0.803889
5.864444 -0.212538 -0.447926
5.864444 -0.554357 -0.359882
5.278000 -0.382698 -0.457136
5.160711 0.279620 -0.554899
5.160711 0.300845 0.022963
5.278000 -0.419802 -0.016713
5.278000 -0.296392 -0.717976
5.278000 0.055819 -0.512309
5.864444 -0.321504 0.058205
6.333600 -0.299163 -0.215316
6.333600 0.400629 0.368770
5.864444 -0.890095 -0.367830
5.864444 0.039098 -0.239941
5.747156 0.014293 -0.133554
5.864444 -0.390423 -0.253784
5.864444 -0.568882 -0.519539
5.981733 -0.410385 -0.640319
4.808844 0.559802 0.015984
4.808844 -0.384746 -0.128032
5.043422 -0.004336 -0.480437
5.278000 0.749101 -0.428349
5.278000 -0.160189 -0.660506
6.568178 -0.249587 0.113673
6.099022 -0.634021 -0.525853
5.043422 0.730471 0.171768
5.278000 0.439819 -0.718600
5.278000 -0.343044 -0.657903
5.395289 -0.924380 -0.358822
5.512578 -0.528677 -0.190426
5.981733 -0.211489 -0.187407
6.216311 -0.251278 -0.035083
6.333600 -0.461107 0.413341
6.099022 0.092143 0.173247
6.216311 -0.702306 -0.186000
6.450889 -0.494052 0.116602
6.333600 -0.211671 -0.473618
6.333600 -0.321846 -0.231833
6.216311 -0.554300 -0.531067
5.512578 -0.437342 -0.338173
5.512578 -0.243200 0.025385
5.629867 -0.356519 -0.326998
5.160711 -0.413964 0.132798
5.278000 -0.130291 -0.053380
5.278000 0.013675 -0.320241
5.278000 -0.284890 -0.705806
5.278000 -0.226302 -0.570703
5.278000 0.482146 -0.759216
5.747156 -0.420830 -0.831206
4.926133 0.714432 -0.023154
5.043422 0.703878 0.258842
5.981733 -0.282619 0.606590
5.981733 -0.738877 -0.121700
5.512578 0.557598 0.290721
5.395289 -0.051581 0.865179
5.278000 -0.501869 0.709465
5.160711 0.195422 -0.684019
5.278000 0.711795 -0.485091
5.395289 0.763274 -0.139660
5.512578 0.198441 -0.003559
5.981733 0.103381 0.492214
5.629867 0.020737 -0.009085
5.747156 -0.053367 -0.483448
5.278000 -0.494225 -0.633769
5.747156 0.876342 0.504850
5.043422 0.026017 0.675119
4.926133 0.108814 0.593173
4.926133 0.176281 0.504941
4.926133 -0.034595 -0.087699
4.926133 0.438546 -0.006525
5.043422 -0.261990 -0.443111
5.043422 -0.708424 0.372192
5.747156 -0.360098 0.225521
6.216311 -0.226505 -0.326922
6.450889 0.020130 0.071379
6.450889 -0.119546 0.069346
6.450889 0.045500 -0.062007
5.160711 0.396274 -0.815326
5.747156 -0.060329 -0.101606
5.747156 -0.253267 -0.047128
5.864444 -0.611109 -0.146946
4.808844 0.336781 -0.062655
4.808844 -0.092405 -0.518129
4.808844 0.009030 -0.215170
5.160711 0.288668 -0.621468
5.160711 0.350070 -0.793990
5.160711 -0.594835 0.602422
4.691556 0.164899 -0.210769
6.099022 -0.649941 -0.587158
6.099022 -0.380563 -0.377366
6.099022 -0.392175 -0.089700
5.981733 0.063312 -0.139991
5.160711 0.067904 -0.476876
5.629867 -0.292833 -0.291214
5.864444 -0.769985 0.065824
5.864444 -0.697831 -0.044131
5.864444 -0.676729 -0.290232
5.629867 -0.151721 -0.520061
5.512578 0.071304 -0.679736
5.512578 -0.001150 -1.009345
5.512578 0.322952 -0.739113
5.512578 -0.750289 -0.382153
5.512578 -0.422087 0.827965
5.512578 -0.351898 0.731042
5.512578 0.324874 0.327065
5.395289 0.320611 -0.241070
5.395289 0.305870 -0.105382
5.395289 0.226068 -0.273119
5.395289 0.006013 -0.430301
5.278000 0.249891 -0.907023
5.512578 -0.242525 -0.924355
5.747156 -0.073928 -0.758923
5.864444 0.100700 -0.687939
5.864444 0.305906 -0.660871
6.099022 0.388242 -0.759732
6.333600 -0.645406 -0.050423
6.450889 -0.411980 0.074630
5.043422 -0.592836 -0.396263
5.160711 -0.439131 0.658644
5.395289 0.059801 0.259133
5.395289 0.044873 -0.092273
5.395289 0.403813 -0.282584
5.512578 -0.274944 -0.968446
5.629867 -0.614872 -0.543847
4.926133 0.152863 -0.686052
5.512578 -0.263028 -0.172046
5.747156 -0.428210 -0.914071
5.747156 -0.296402 -0.898210
5.981733 -0.390353 -0.689560
5.629867 -0.550419 -0.629933
5.747156 -0.012081 -0.947208
6.099022 -0.587761 0.453111
5.981733 -0.118724 0.452402
6.333600 -0.127450 0.211623
6.216311 0.027303 0.205818
6.333600 0.000904 0.319272
6.333600 0.161294 0.248135
6.333600 -0.277474 0.254787
5.160711 0.353156 -0.412480
5.160711 0.114375 -0.483903
5.160711 0.184238 0.024037
5.160711 0.096059 0.141103
5.160711 -0.011592 -0.258511
5.160711 -0.106079 -0.271468
5.043422 -0.221609 -0.313426
5.043422 -0.186729 -0.095217
5.043422 0.222983 -0.264005
4.926133 0.473819 -0.314463
5.160711 0.342125 -0.177002
4.926133 -0.278386 0.108849
5.160711 -0.027641 -0.168451
5.747156 0.052049 -0.083632
5.864444 0.486627 0.091437
5.864444 0.021706 -0.339613
5.864444 -0.758791 -0.174564
5.864444 -0.897753 -0.332456
5.864444 -0.172471 -0.901168
5.395289 -0.158361 -0.276006
6.216311 0.229415 0.648540
6.333600 -0.487379 -0.505447
6.099022 -0.876133 -0.012274
6.099022 -0.636773 0.242318
6.099022 -0.113126 0.249200
6.216311 0.067694 0.689022
6.450889 -0.451951 -0.282788
6.568178 0.268989 -0.005546
5.278000 -0.798704 0.010427
5.512578 -0.082342 -0.960733
6.099022 -0.299328 -0.670876
6.216311 -0.289938 0.147741
5.981733 -0.803032 0.291369
5.747156 -0.265800 -0.605775
5.747156 0.076152 -0.830508
5.747156 0.310407 -0.726626
5.629867 0.109147 -0.941108
4.926133 0.041004 -0.755621
4.691556 -0.094780 -0.169549
5.278000 0.609067 -0.494028
5.278000 0.708586 -0.373264
5.278000 0.151233 -0.768281
5.512578 0.027885 -0.895312
5.278000 0.610651 -0.435257
4.926133 -0.000218 -0.740353
4.808844 -0.099159 -0.421672
4.691556 -0.063722 -0.240968
5.981733 -0.865513 -0.214816
5.981733 -0.456048 -0.594706
5.981733 -0.587936 -0.517802
6.450889 -0.258677 0.025295
6.450889 -0.411704 -0.172738
5.864444 -0.437338 -0.463919
5.864444 -0.418515 -0.613980
5.512578 -0.462745 -0.736830
5.512578 -0.776397 -0.439810
5.512578 -0.571269 0.087093
5.512578 0.233909 0.254250
5.278000 -0.327767 0.285848
5.278000 -0.217177 -0.099508
5.278000 0.037329 -0.925943
5.512578 0.488790 -0.858164
5.864444 -0.156711 -0.581773
5.512578 -0.044850 -0.471629
5.512578 0.144169 -0.949481
5.278000 0.916555 -0.226931
5.512578 0.106501 -0.800904
5.864444 -0.647751 0.093043
5.747156 -0.182576 -0.679897
5.747156 -0.021991 -0.880049
5.629867 -0.365631 -0.829427
5.512578 -0.153236 -0.935865
5.395289 0.060873 -0.604366
5.395289 -0.066975 -0.532014
5.395289 0.657103 -0.381276
5.512578 0.503716 0.087736
5.512578 0.387001 0.051629
5.512578 0.183514 -0.437539
5.512578 -0.142256 -0.680224
5.864444 -0.436282 -0.542468
5.864444 -0.340001 -0.449997
5.981733 -0.557697 -0.568639
6.099022 -0.291885 -0.481006
4.926133 0.304362 -0.433097
4.926133 -0.129625 -0.407673
5.043422 -0.020556 -0.203452
5.160711 0.588346 0.144506
5.160711 0.416249 0.557572
5.512578 -0.312858 0.314578
5.512578 -0.211356 -0.236802
5.512578 0.207513 -0.420773
5.512578 -0.341528 -0.148922
5.512578 -0.820992 -0.380148
5.278000 0.495890 -0.316266
5.512578 0.294554 0.493221
5.512578 0.604016 0.684121
4.926133 -0.140053 -0.663818
5.160711 -0.571229 -0.193172
6.450889 -0.304627 -0.131063
5.629867 0.352470 -0.887235
5.629867 -0.126467 -0.637752
5.629867 -0.622481 -0.330453
5.629867 -0.108863 -0.412394
5.747156 -0.128152 -0.654592
6.216311 -0.393306 -0.366344
5.278000 0.666589 -0.631224
5.278000 0.731016 -0.168935
5.981733 -0.801727 -0.434380
5.981733 -0.539240 0.474379
6.333600 -0.198850 -0.303451
5.747156 -0.149323 -0.005175
5.629867 0.040434 0.228230
5.629867 0.246713 0.292296
5.629867 -0.248999 0.554068
5.629867 -0.940966 0.364523
5.864444 -0.868279 -0.466286
6.216311 -0.384193 0.328253
6.450889 -0.076408 0.256217
5.864444 -0.360356 0.270622
5.981733 -0.444930 -0.433083
5.043422 0.414113 0.065245
5.278000 0.028122 -0.380297
5.160711 0.428070 -0.064246
5.278000 0.191129 -0.032847
5.981733 0.058143 -0.014039
5.981733 -0.129888 -0.150961
5.864444 0.007458 -0.548653
5.864444 -0.008907 -0.387818
6.099022 -0.141232 0.105741
6.216311 0.190134 0.669407
6.216311 0.310576 0.538447
6.450889 0.271710 0.440358
6.333600 0.142699 0.221815
6.333600 -0.459759 -0.497673
6.333600 -0.438583 -0.397969
5.864444 -0.515197 -0.184289
5.747156 -0.889598 0.008971
5.747156 -0.431698 0.661496
6.333600 0.286927 0.156955
5.160711 0.042690 0.298173
5.043422 0.106572 0.354698
5.864444 -0.791463 -0.442726
5.747156 -0.327491 -0.003138
5.629867 0.260955 0.616995
5.278000 -0.405912 -0.245362
5.747156 -0.588230 0.347755
5.864444 -0.345560 0.601044
5.395289 -0.014303 0.062645
5.160711 0.281348 0.851077
5.278000 0.319735 -0.678350
5.278000 0.080482 -0.855194
4.926133 0.640323 -0.367840
5.043422 0.253189 -0.327902
5.160711 -0.761657 0.054307
5.160711 0.160400 -0.450084
5.160711 0.516366 -0.533348
5.160711 0.313127 -0.293304
5.160711 -0.003674 -0.253278
5.160711 0.170575 -0.540315
5.864444 -0.848068 -0.387928
5.981733 -0.926256 0.099848
6.333600 -0.564216 0.240510
6.216311 -0.596607 -0.377382
6.216311 -0.228929 -0.662808
5.981733 -0.223732 -0.458965
5.981733 -0.682528 0.221432
6.333600 -0.505209 0.150079
6.216311 -0.399810 -0.148236
5.981733 -0.005569 -0.425706
5.864444 0.622656 -0.165180
5.864444 0.295514 0.034701
5.864444 -0.426083 -0.692715
5.864444 -0.164490 -0.962251
5.981733 0.245469 -0.260401
6.099022 -0.266898 0.538712
5.747156 -0.618189 0.420963
5.629867 -0.315301 -0.079666
5.278000 -0.524077 -0.685827
5.864444 -0.894089 -0.239126
5.981733 -0.640763 -0.435235
5.864444 -0.833308 -0.241427
5.981733 -0.321686 -0.264646
5.864444 -0.638987 -0.715734
5.512578 0.076214 -0.484567
5.512578 -0.494525 -0.471632
5.747156 -0.759237 0.034261
6.333600 -0.319243 0.273337
6.568178 0.224374 0.145756
6.216311 0.574215 0.276908
6.333600 0.290129 -0.312613
5.043422 -0.267506 -0.746819
5.160711 0.055711 -0.919470
4.808844 -0.004485 -0.417216
5.747156 -0.366755 -0.518363
5.981733 -0.163354 0.591277
5.981733 -0.040473 0.195509
5.864444 0.443670 0.386551
5.864444 0.529513 -0.105444
5.747156 -0.109375 -0.673667
5.981733 -0.586377 -0.204242
6.099022 -0.810514 0.326075
6.450889 -0.240712 0.458306
6.450889 -0.336345 -0.079075
5.160711 0.348334 -0.160935
5.160711 0.496819 -0.260350
5.160711 0.679632 -0.430211
5.278000 0.637613 0.646544
5.395289 0.291741 -0.811654
5.864444 -0.534310 -0.661873
6.333600 0.194890 0.619636
5.278000 -0.130072 -0.047103
5.278000 -0.083091 0.373727
5.278000 -0.161823 -0.312026
5.278000 -0.556716 -0.034600
5.278000 -0.172325 0.360603
5.278000 -0.162406 0.416913
5.278000 0.217267 0.253528
5.160711 -0.183738 0.300148
5.160711 0.119463 0.280530
5.160711 0.523504 -0.122305
5.278000 0.369149 -0.690784
5.512578 -0.432225 -0.497280
5.629867 -0.448439 0.072505
5.747156 0.046971 -0.389168
5.747156 -0.896300 0.028938
6.333600 -0.298216 0.335031
6.333600 -0.539331 0.288864
5.395289 -0.158311 -0.762556
5.395289 -0.322095 -0.676377
5.395289 -0.424885 -0.772193
5.512578 -0.335806 -0.601367
5.629867 0.283111 -0.320999
5.629867 0.120523 -0.585699
5.629867 -0.245646 -0.333433
5.278000 0.581877 -0.541395
5.278000 0.300603 0.427026
5.278000 -0.373836 0.751146
5.160711 0.144824 0.659710
5.160711 0.530475 0.353483
5.160711 0.036368 0.255188
5.160711 -0.191649 0.006448
5.864444 -0.341537 -0.911262
5.747156 -0.148524 -0.499477
5.747156 -0.301504 -0.177179
5.629867 -0.243096 0.167544
5.512578 0.010290 0.911058
5.747156 -0.990246 -0.057743
5.747156 -0.641692 -0.259919
5.629867 -0.569763 0.101621
5.512578 -0.013892 0.067421
5.512578 -0.127291 -0.538878
6.568178 -0.065908 0.029580
5.395289 -0.043336 0.182864
5.395289 -0.045470 0.063461
5.278000 0.266990 -0.185671
5.278000 0.553362 -0.559558
5.160711 -0.002450 -0.257482
5.160711 -0.188655 -0.323891
5.512578 0.219728 -0.347671
5.747156 0.361451 -0.515544
5.864444 0.463756 -0.383101
5.864444 0.491043 -0.197595
5.864444 -0.296776 -0.089227
6.099022 -0.680262 0.180029
5.512578 -0.703433 0.455460
5.278000 -0.309953 -0.122334
5.160711 0.422623 -0.319160
5.512578 0.268354 -0.785897
5.278000 0.303833 -0.847135
5.278000 -0.111016 -0.454732
5.629867 -0.175199 -0.038972
5.747156 -0.353175 0.124671
5.864444 -0.536005 0.182470
5.747156 -0.346831 0.159566
5.864444 -0.026128 -0.013870
4.926133 -0.017289 -0.220156
5.395289 -0.204896 -0.654294
5.747156 -0.130746 -0.612308
6.333600 -0.544006 -0.375858
5.864444 -0.721730 -0.340573
5.864444 -0.632493 -0.113734
5.864444 -0.291254 -0.561405
5.278000 0.434334 0.282810
5.278000 -0.009151 -0.623312
5.278000 0.341090 -0.512588
5.160711 0.358153 -0.735318
4.926133 -0.049567 0.678485
5.043422 -0.010959 0.723231
5.043422 0.356607 -0.144469
5.160711 0.534962 -0.592321
5.395289 -0.176253 -0.892043
5.747156 0.171048 -0.792838
5.864444 0.213260 -0.230421
6.216311 -0.027468 0.197144
6.333600 -0.401703 0.538839
6.333600 -0.139420 0.577795
5.395289 -0.792540 -0.341249
5.395289 0.372176 -0.778036
5.395289 -0.141306 -0.591027
5.278000 -0.407453 -0.620622
5.043422 0.169464 -0.266987
5.160711 0.695174 -0.124184
5.160711 0.551230 -0.567861
5.160711 0.140852 -0.411070
5.160711 -0.206592 -0.171980
5.278000 -0.272292 0.146904
5.160711 -0.356012 0.028986
5.160711 -0.119960 -0.542081
5.512578 -0.499575 0.010401
5.512578 -0.365969 -0.677381
5.864444 -0.817221 -0.402630
6.450889 -0.221863 0.015377
6.450889 -0.238780 -0.212449
6.450889 0.028976 0.324322
4.926133 -0.260261 0.246487
4.926133 -0.564609 0.402932
6.216311 -0.272740 0.629766
6.333600 -0.305994 0.168546
6.333600 -0.344835 -0.084159
5.278000 0.227346 -0.772391
5.864444 0.180963 -0.676881
5.160711 -0.677798 -0.500771
5.160711 -0.284696 -0.389468
5.160711 -0.121541 -0.371437
5.160711 -0.206943 -0.731414
5.512578 -0.540345 -0.793019
5.512578 -0.095075 -0.845422
5.981733 -0.729668 0.571255
6.099022 -0.350061 0.020819
5.981733 -0.359548 -0.119002
5.864444 -0.276774 -0.241890
5.981733 -0.373727 -0.300365
5.395289 0.214122 -0.597055
5.395289 0.059413 -0.943323
5.395289 -0.574839 -0.727766
5.395289 -0.589561 -0.719336
6.333600 -0.379114 0.269339
6.216311 -0.442741 0.605523
6.216311 -0.574136 0.558902
5.864444 -0.370673 -0.597833
5.864444 -0.599936 0.555677
5.043422 -0.230134 0.505709
5.043422 -0.395974 0.085284
5.629867 0.159796 -0.889390
5.747156 -0.136683 -0.836498
5.747156 -0.310291 -0.032702
5.278000 -0.202465 0.715959
5.043422 -0.074099 0.308585
5.043422 0.215369 -0.332000
5.043422 0.383188 -0.281762
5.160711 0.227344 -0.361126
5.160711 0.090878 -0.430534
5.395289 0.505400 -0.834942
5.864444 0.083767 -0.805588
5.747156 -0.003360 -0.290924
5.864444 -0.125466 -0.019916
5.864444 0.092900 0.231066
5.981733 0.366930 0.028101
5.981733 0.722694 0.129552
5.981733 0.344037 -0.788545
5.981733 -0.487924 -0.725253
5.864444 -0.618126 -0.214519
5.747156 -0.389107 -0.678053
5.160711 0.785822 0.290451
5.160711 0.293055 0.416094
5.278000 0.130024 -0.004792
5.278000 -0.023525 -0.890610
5.278000 -0.391107 -0.601078
6.333600 -0.214373 -0.676294
6.450889 -0.216260 0.037940
5.043422 0.678872 0.431249
6.099022 0.212657 -0.222385
6.099022 0.014364 -0.724729
6.099022 -0.680375 -0.571497
5.278000 -0.339879 -0.147305
5.395289 -0.272444 -0.464129
5.512578 -0.441565 -0.859128
5.512578 -0.488682 -0.602651
5.512578 -0.264337 -0.814897
5.864444 -0.356218 -0.171608
5.864444 0.184734 -0.965690
5.864444 0.309437 -0.680559
5.864444 0.448879 -0.371764
5.864444 0.472468 0.327885
5.747156 0.085778 0.775811
4.926133 -0.347295 -0.272597
4.926133 -0.406992 -0.467214
5.160711 -0.418517 -0.022723
4.926133 0.300397 0.401493
5.043422 0.313273 -0.449209
5.981733 0.146442 -0.285358
5.981733 -0.157697 -0.030354
5.629867 -0.570562 0.218210
5.629867 -0.553863 -0.188123
5.629867 -0.353230 -0.233195
5.512578 -0.289544 -0.367718
5.160711 0.221658 -0.817267
5.160711 0.701570 -0.552209
5.512578 -0.396548 -0.936039
5.864444 -0.546905 -0.752403
6.333600 -0.376553 -0.483882
5.629867 -0.350595 0.509624
5.629867 -0.505478 0.187568
5.747156 -0.604031 -0.732511
5.747156 -0.869819 0.001168
6.568178 0.014893 -0.259884
5.864444 -0.243999 -0.340578
5.981733 -0.224172 -0.044805
6.333600 0.113292 0.210787
5.864444 -0.474091 -0.092613
5.864444 -0.130796 0.613384
5.278000 0.358035 0.209018
5.747156 -0.487058 -0.448519
6.216311 -0.472363 -0.198306
6.216311 -0.579564 -0.521892
6.450889 -0.213875 0.341380
5.160711 -0.749007 -0.324246
6.333600 -0.204385 -0.222947
6.450889 -0.298113 -0.341580
6.216311 0.162677 -0.403850
5.278000 -0.004702 0.266079
5.160711 0.448101 0.712293
5.160711 0.127331 0.715299
5.160711 -0.095823 0.653858
5.160711 0.805164 -0.089462
5.395289 -0.311901 -0.574126
5.512578 -0.594957 -0.433488
6.333600 -0.395346 -0.310683
6.216311 -0.279799 -0.333949
6.216311 -0.449227 -0.646723
5.629867 0.263407 -0.564927
5.629867 0.750638 -0.485131
5.512578 -0.924808 -0.312014
5.512578 -0.953717 -0.299056
5.512578 -0.168272 -0.653606
5.512578 -0.137024 -0.751425
5.278000 0.129482 -0.785721
5.278000 -0.202386 -0.537755
5.395289 -0.675239 -0.453541
5.278000 0.296303 -0.439290
5.278000 0.327118 -0.535924
5.278000 0.261751 0.055692
5.278000 0.156885 -0.116933
5.395289 -0.232468 -0.076221
5.512578 -0.221299 -0.087170
6.450889 -0.269454 0.184316
5.629867 -0.500546 0.370426
5.747156 -0.326964 0.342155
5.629867 -0.301430 0.106243
5.629867 -0.621856 0.279345
5.629867 -0.215632 -0.222015
5.512578 -0.614103 -0.189496
5.512578 -0.949468 -0.119700
5.512578 -0.532571 0.110379
5.278000 0.009667 0.193252
5.160711 0.219995 0.028017
5.160711 0.644347 -0.135573
5.160711 0.546553 0.028574
5.160711 0.577007 0.488929
5.278000 0.269964 0.729995
5.629867 -0.285547 -0.107813
5.747156 -0.811138 -0.436811
5.747156 -0.459584 -0.481355
5.512578 -0.264728 0.095098
5.629867 -0.664551 0.530571
5.512578 -0.942513 0.136979
5.512578 -0.621582 -0.549997
5.043422 -0.056877 -0.758723
5.278000 -0.565268 -0.685743
6.216311 -0.462463 -0.515946
6.216311 -0.563574 -0.351102
5.864444 -0.219952 -0.473870
5.864444 -0.432182 -0.786894
5.278000 -0.573975 -0.418711
6.450889 -0.033375 0.202736
6.450889 0.283588 0.006112
6.450889 0.332616 -0.285699
6.450889 -0.305254 -0.056809
5.981733 -0.069654 -0.541112
5.981733 -0.174590 -0.699995
6.099022 -0.342896 -0.783209
6.216311 -0.309292 -0.253015
5.747156 -0.543234 -0.365712
6.099022 -0.056274 -0.305452
6.099022 -0.428082 0.200303
5.981733 -0.702883 -0.589943
5.981733 0.044103 -0.691334
5.629867 -0.797037 -0.459700
5.512578 -0.505832 -0.767744
5.278000 -0.335097 -0.858566
5.512578 0.065514 -0.630683
6.216311 -0.553544 0.125232
6.099022 -0.710437 -0.253423
5.512578 -0.208178 -0.957383
5.512578 -0.558165 -0.463140
5.512578 -0.214609 -0.168514
5.160711 -0.203511 -0.525667
5.160711 0.573452 -0.326397
5.160711 0.152122 -0.426959
5.278000 -0.322516 -0.833453
6.450889 -0.226929 0.368847
6.450889 -0.386774 -0.299866
5.278000 0.643681 0.189134
5.278000 -0.145247 -0.281500
5.278000 -0.602876 -0.642978
5.512578 0.397162 -0.615775
5.278000 -0.108501 -0.941953
5.160711 -0.848134 0.007117
4.926133 -0.124174 0.449347
4.808844 0.038086 0.513584
5.160711 0.339030 -0.687252
5.160711 -0.600652 0.068288
5.160711 -0.536451 0.218263
5.160711 -0.403943 0.427099
5.160711 0.129920 -0.177290
5.278000 -0.728626 0.328655
5.512578 -0.707044 0.490362
5.512578 -0.133451 -0.312337
5.043422 0.469613 0.015160
5.043422 -0.139733 0.040395
5.160711 -0.557259 -0.564293
5.278000 -0.605415 -0.609667
5.278000 -0.407087 -0.769304
5.395289 -0.180514 -0.653703
5.629867 0.163692 -0.864244
5.981733 -0.207103 -0.115545
5.160711 0.129199 0.279537
5.160711 0.148580 0.499041
5.278000 0.843834 0.192169
5.278000 0.601175 -0.427436
5.278000 -0.016451 0.921531
5.395289 -0.198760 -0.951561
5.629867 -0.162775 -0.697647
5.747156 -0.503195 -0.524383
5.864444 -0.084666 -0.559419
5.747156 -0.116028 -0.836378
5.629867 -0.189245 -1.000379
5.512578 0.227550 -0.293170
5.512578 0.679986 0.212051
5.512578 0.736270 -0.142436
5.512578 0.244319 -0.065445
5.160711 0.422442 -0.351218
5.160711 0.372868 -0.781345
5.278000 0.298179 -0.887418
5.278000 0.058083 -0.454859
5.278000 0.154753 -0.696241
5.160711 0.765440 -0.368728
5.043422 -0.119681 -0.010329
6.450889 0.115125 0.521936
6.450889 0.029792 -0.039124
6.450889 -0.241177 0.151610
5.160711 0.537577 0.404704
5.278000 0.486279 0.051022
5.278000 0.301710 -0.602628
5.747156 -0.446417 -0.849590
5.864444 -0.184398 -0.682788
5.629867 -0.347724 -0.240037
5.629867 -0.659416 -0.478659
5.747156 -0.754369 -0.227731
5.747156 -0.305807 -0.426806
5.864444 -0.717259 -0.584573
5.864444 0.192834 -0.363111
5.629867 -0.353775 -0.348952
5.981733 -0.637993 -0.087847
5.981733 -0.875070 0.161913
5.864444 -0.455074 -0.641158
5.747156 -0.552304 -0.229090
5.747156 -0.669206 -0.310404
5.864444 -0.586157 -0.505388
6.099022 -0.712934 -0.409757
6.450889 -0.394885 0.404330
6.333600 -0.087704 0.457854
6.099022 -0.824114 -0.010845
5.981733 -0.778269 -0.467661
5.864444 -0.502298 -0.531528
5.864444 -0.271329 -0.677706
5.864444 0.032697 -0.020588
5.864444 0.675784 0.070916
4.926133 -0.083048 0.720341
4.926133 -0.132228 -0.031683
5.512578 -0.077833 -0.498138
5.512578 -0.244904 -0.287211
5.512578 -0.428832 -0.682652
5.981733 0.022395 -0.558283
6.216311 -0.525616 0.107103
6.333600 -0.172562 0.318472
6.333600 -0.423485 0.194481
6.333600 -0.271013 0.143579
6.333600 0.012442 0.146940
5.864444 -0.264456 -0.677061
5.864444 -0.495002 -0.497074
5.864444 -0.844469 -0.232133
5.864444 -0.702221 -0.223597
5.512578 -0.645315 -0.677624
5.278000 0.077462 -0.873711
4.808844 -0.288423 0.498912
5.160711 -0.045821 0.278063
5.160711 0.331278 0.131322
4.926133 0.325305 -0.122312
4.808844 -0.090504 -0.098362
4.808844 0.145220 -0.321901
5.160711 0.381394 -0.639607
5.043422 0.005622 -0.559282
5.043422 -0.050484 -0.457276
5.160711 -0.272051 -0.694627
5.160711 0.011517 -0.909040
5.278000 -0.466099 -0.566138
5.395289 -0.665912 -0.241319
5.512578 -0.856744 0.512209
5.512578 -0.811143 0.185136
4.808844 0.600065 -0.005165
5.043422 0.101393 -0.405463
5.160711 -0.194059 0.295519
5.278000 0.200059 0.312748
5.278000 0.382223 -0.641346
5.981733 -0.283783 -0.022556
6.099022 -0.880699 0.018132
6.099022 -0.562361 -0.499941
6.216311 -0.563372 -0.575593
6.333600 -0.357656 0.154088
5.864444 -0.778950 -0.063808
5.747156 -0.649786 -0.074356
5.629867 -0.483611 0.833634
5.395289 0.495995 0.596369
5.160711 0.748609 -0.197287
5.278000 0.548393 0.155061
5.160711 0.507000 0.408787
5.512578 -0.215495 0.388237
5.864444 -0.828081 -0.521198
5.629867 -0.668786 -0.720648
5.512578 0.073586 -0.631241
5.629867 -0.567697 -0.358450
6.216311 -0.451903 -0.307579
5.864444 -0.754787 -0.200692
5.629867 -0.919848 -0.074543
5.512578 -0.151289 -0.681438
5.395289 -0.513262 0.165878
5.160711 -0.052284 -0.205957
5.160711 -0.348059 -0.061077
5.043422 0.082960 -0.013153
5.160711 0.904630 -0.027254
5.043422 0.788681 0.188468
5.043422 0.503277 0.412645
5.043422 0.449627 0.242383
5.043422 -0.161706 0.113144
5.864444 -0.696394 -0.396449
5.864444 -0.184556 -0.550656
5.747156 -0.426076 -0.059247
5.747156 -0.418208 -0.087661
5.747156 -0.580090 -0.029899
5.864444 -0.665840 0.153583
5.864444 -0.179790 -0.034422
5.747156 -0.454549 0.026169
5.512578 -0.521856 0.285986
5.278000 -0.615284 0.388751
5.278000 -0.244684 -0.002634
5.278000 0.443117 -0.701312
5.278000 0.542147 -0.620293
5.278000 0.874456 -0.135695
5.278000 0.406966 0.497162
5.278000 0.530119 0.387119
5.160711 0.530998 -0.292185
5.160711 0.065906 -0.319223
4.926133 -0.355972 -0.361038
5.160711 0.120534 -0.769422
5.395289 -0.136823 -0.553272
5.512578 -0.369768 -0.489181
5.512578 -0.179857 -0.422060
5.512578 0.015838 -0.035166
5.512578 0.433814 -0.070065
5.043422 0.038658 0.145162
5.043422 -0.438980 0.554479
5.043422 0.068535 0.697162
5.043422 0.176761 0.367516
6.333600 0.087583 0.453449
6.333600 0.392091 0.386666
6.216311 -0.358595 -0.670234
5.747156 -0.130217 -0.326891
5.747156 0.248972 -0.246065
5.747156 0.344842 -0.211661
5.629867 0.215025 -0.099614
5.629867 0.050828 0.050144
5.629867 -0.031921 -0.204549
5.629867 -0.318489 -0.651873
5.981733 -0.602538 -0.724494
4.926133 0.245991 0.669485
5.981733 0.436125 0.556667
4.926133 0.297485 0.351206
5.160711 0.035222 -0.105531
5.160711 -0.401763 -0.747602
5.629867 -0.781676 -0.652834
5.864444 -0.787189 -0.333710
5.395289 -0.635172 0.363339
5.512578 -0.487868 0.209798
5.747156 -0.653845 -0.564428
5.864444 -0.588212 -0.694082
5.747156 0.125146 0.962127
5.747156 -0.078915 0.836431
5.747156 0.151679 0.149204
5.629867 -0.248787 -0.856188
5.278000 0.271612 -0.419435
5.278000 0.341390 0.299873
5.043422 -0.383883 0.515341
5.278000 0.576668 -0.127620
5.395289 -0.880102 -0.431709
5.512578 -0.584220 -0.540508
5.864444 -0.803546 -0.215631
5.864444 0.459562 0.685170
4.808844 -0.018895 -0.180130
4.926133 0.414289 -0.370265
5.512578 0.401120 -0.789275
5.864444 -0.464913 -0.591637
5.864444 -0.646943 -0.232996
5.864444 -0.170015 -0.150585
4.926133 -0.216354 -0.071094
5.278000 -0.588582 -0.450543
5.278000 -0.833692 -0.270831
5.160711 -0.632314 0.090297
5.160711 0.123297 -0.348462
5.278000 -0.492911 -0.596698
5.278000 -0.645123 0.280698
5.747156 -0.360137 -0.124126
5.512578 -0.932689 -0.350169
5.395289 -0.159310 -0.635785
6.450889 -0.433674 -0.218974
6.450889 -0.442433 0.129785
5.747156 -0.949574 0.223482
6.333600 -0.218136 -0.509991
5.747156 -0.642838 0.343396
5.043422 0.054121 0.381397
5.043422 -0.193533 0.163804
5.043422 -0.366599 -0.129624
5.043422 -0.471230 -0.397218
5.629867 -0.059926 -1.006508
5.629867 0.024284 -0.987537
4.926133 0.468385 0.054256
5.160711 0.328329 -0.475062
5.160711 -0.079469 -0.781289
5.278000 -0.075554 -0.941912
5.278000 0.365115 -0.766614
5.160711 0.361932 -0.223537
4.926133 0.456801 0.063818
6.333600 -0.358715 0.607476
6.333600 -0.166508 0.627784
6.216311 -0.539928 0.566124
6.216311 -0.768736 0.212937
5.981733 -0.829041 0.421671
5.278000 -0.206730 -0.939386
6.450889 0.175639 0.013549
5.629867 0.390946 0.929112
5.160711 0.347179 0.411611
5.160711 0.464146 -0.621945
