3 1962
6.802755 -0.613407 0.787370
6.685467 -0.690284 0.499768
6.568178 0.131356 1.531653
5.160711 0.130888 -0.326980
5.160711 0.080336 -0.943392
5.160711 0.462055 -1.143707
5.160711 0.736425 -1.837145
5.278000 0.883441 -1.594406
5.278000 0.431205 -0.643933
6.450889 -1.461943 0.490445
6.568178 -0.933344 0.764755
6.685467 -0.150792 0.336370
6.450889 -0.655604 0.738011
6.333600 -0.828090 0.547293
6.333600 -0.763123 -0.321238
5.747156 -0.526405 -0.503745
4.222400 1.740833 0.059057
4.222400 1.694827 0.346743
4.222400 1.840094 0.799248
4.222400 0.914095 -0.632010
4.339689 0.751093 -0.311447
4.926133 0.101721 -0.436719
4.339689 0.909311 0.486669
6.920044 -1.011148 0.747801
6.450889 -1.147951 -0.198187
6.216311 -0.453442 -0.496647
5.278000 -0.074239 -1.354222
5.278000 -0.074611 -0.953795
4.574267 0.477788 -0.083190
4.808844 0.796556 0.029058
5.278000 0.695986 -0.963855
5.864444 -1.031470 -0.281916
6.568178 -0.988308 0.314859
6.450889 -1.021179 0.206859
6.920044 0.221651 0.121097
4.105111 0.705759 1.079436
5.278000 -0.307852 -1.531964
5.512578 -1.016832 -0.250539
5.512578 -0.098857 -0.948982
5.278000 -0.205958 -1.122088
5.278000 -0.071633 -0.731739
5.278000 0.315945 -0.497988
5.160711 0.678199 -1.087543
4.808844 0.648474 -0.829312
4.808844 0.684103 -0.692984
4.926133 -0.104641 -0.018501
5.278000 0.249540 -1.377835
5.278000 0.012269 -1.194578
5.278000 -0.427019 -0.595591
5.278000 -0.120635 -1.603746
5.278000 -0.214982 -0.985566
6.802755 -0.919086 0.898535
5.278000 0.206997 -1.044501
5.278000 0.008920 -1.414759
5.278000 0.271204 -1.237213
4.456978 0.799164 -0.864331
6.920044 -0.133579 0.232215
6.920044 -0.386290 0.073064
5.512578 -0.104163 -1.016468
5.512578 -0.234844 -1.403881
5.278000 -0.093881 -1.338594
5.278000 0.267210 -1.428809
5.278000 0.305466 -1.599302
5.278000 -0.251024 -1.323296
5.278000 0.336391 -1.430640
5.160711 0.106017 -0.744949
4.105111 0.781935 1.037403
5.160711 0.396423 -0.402352
6.333600 -0.714584 0.159088
6.568178 -0.798507 0.007386
6.802755 -0.969975 0.322856
6.920044 -0.383702 0.571436
4.456978 -0.110731 -0.937951
7.037333 -1.049488 1.563187
6.920044 -1.251676 1.032844
6.920044 -1.265224 1.028026
6.802755 -1.000381 0.910403
6.685467 -0.649236 0.740658
6.920044 -0.320455 1.003318
7.037333 -1.175250 0.419846
6.920044 -0.640453 0.607686
7.037333 -0.086093 0.148992
7.037333 -0.619402 1.618018
6.920044 -0.312616 0.943427
6.920044 -0.573985 0.347756
6.802755 -0.770539 0.291037
4.926133 1.907898 -0.907015
4.574267 2.068982 -1.034558
4.691556 0.430446 -0.736888
5.395289 -0.164089 -1.323271
5.864444 -0.951601 -0.674502
6.920044 -0.157378 1.777737
6.920044 -1.544618 1.452143
6.450889 -1.125294 0.570206
6.568178 -0.676130 0.423397
6.450889 -1.490540 0.997435
6.450889 -1.315250 0.465104
5.747156 0.138967 0.147624
5.864444 0.461725 -0.218660
5.864444 -0.283745 -0.219177
6.685467 -0.152637 0.353804
6.685467 -0.900615 0.525033
6.802755 -0.930954 0.691351
6.802755 -1.187013 0.414263
7.037333 -0.763594 1.184659
7.037333 -0.721312 1.076010
7.037333 -0.610070 2.040659
6.568178 -0.377605 -0.027689
6.333600 -0.133488 0.645484
5.512578 -0.739155 0.355553
5.395289 -0.502714 -0.288111
5.512578 -0.860385 -0.230024
7.037333 -0.644493 0.467201
7.037333 -0.821495 0.439049
6.920044 -0.327066 1.025053
6.920044 -0.966317 1.275151
6.920044 -0.464784 0.771283
6.920044 -0.298031 0.931123
7.037333 -0.373919 1.034402
7.037333 -0.487907 0.898454
6.920044 -0.477184 1.058545
6.920044 -0.322233 1.337874
5.395289 -0.319407 -0.662785
6.450889 -0.390815 -0.265641
6.568178 -0.995548 0.330377
6.920044 -0.337651 0.273378
6.920044 -0.297689 1.147471
5.278000 -0.409108 -0.063454
5.278000 -0.203257 -0.961070
5.278000 -0.791959 -0.813363
5.864444 -0.829109 -0.526599
4.926133 0.605295 -0.393279
5.160711 0.692688 -0.526456
4.808844 0.782098 0.039296
4.222400 0.317101 0.399580
4.222400 0.458201 -0.186981
5.160711 0.303653 1.566845
5.864444 -0.348039 -0.188824
5.864444 -0.981038 -0.002434
6.920044 -0.460215 0.561714
6.802755 -0.671191 0.712950
6.920044 -0.812194 1.048586
7.037333 -1.053882 1.557364
7.037333 -0.200316 1.239170
6.333600 -0.168997 0.341276
6.685467 -1.203244 0.830294
6.685467 -1.598624 0.768152
6.568178 -0.862332 0.285833
5.864444 -0.807931 -0.374327
5.747156 -1.463732 -0.135949
5.512578 0.127419 -0.806738
5.278000 -0.048209 -0.718021
5.278000 -0.029426 -1.180949
5.160711 0.093923 -0.447148
5.278000 -0.411900 -0.594074
5.395289 -0.659962 -1.282726
6.920044 -0.259110 0.915287
6.920044 -0.458476 0.781841
6.920044 -0.582848 0.995100
6.920044 -0.307370 1.169418
6.920044 -0.501484 1.055596
6.450889 -1.271032 -0.720520
6.450889 -1.576273 -0.321088
6.450889 -1.489272 0.981688
6.920044 0.338295 0.815580
4.222400 0.518964 0.961011
4.222400 0.670914 0.827124
4.222400 0.461833 0.792847
6.450889 -0.130283 0.147874
6.333600 -1.030836 0.336625
5.864444 -0.799596 0.060843
5.747156 -0.643247 -0.319605
4.105111 0.475591 1.192555
4.105111 0.484654 1.172048
5.747156 -0.274449 -0.583559
5.278000 0.031191 -0.499552
4.222400 2.368043 0.056499
4.222400 1.581740 -0.095821
4.222400 1.423208 0.335113
6.568178 -1.371424 1.087894
6.802755 -0.924908 1.043614
5.512578 -0.962505 -0.844262
6.450889 -0.128926 0.145324
5.629867 -0.697109 -0.655075
5.395289 -0.900338 -0.423954
5.278000 -0.527172 -0.924367
5.278000 -0.251437 -1.179248
5.278000 0.049881 -1.315210
5.278000 0.115545 -1.434010
5.160711 0.310566 -1.671899
5.278000 -0.589740 -1.064723
5.278000 -0.620296 -1.197103
5.278000 -0.840117 -1.198215
5.278000 0.482664 -1.353089
5.512578 -0.605702 -0.670138
6.450889 -1.224789 0.680658
6.450889 -1.381947 1.168009
6.802755 -0.514751 1.133330
6.920044 -0.511523 1.296555
6.802755 -0.085549 1.324537
6.920044 0.354322 0.812041
6.920044 0.444726 0.398434
6.568178 0.053762 0.894890
7.037333 -0.169936 1.345876
6.685467 -1.031718 0.740515
7.037333 -1.057430 1.151919
6.802755 -0.423024 1.267164
6.802755 -0.057139 0.241856
3.987822 1.049957 1.479842
7.037333 0.101041 0.143999
6.920044 -0.859774 0.675630
6.450889 0.017747 -0.299428
5.864444 -0.668403 -0.775952
5.512578 -1.019548 -1.445945
5.512578 -0.688987 -1.072651
6.216311 -0.578988 -0.639648
5.278000 -0.418871 -1.006934
5.278000 -0.354068 -0.977709
5.160711 0.777269 -1.336502
5.160711 0.665222 -1.503216
5.160711 0.786840 -1.171017
5.278000 0.445743 -1.017941
5.160711 0.577075 -0.942263
5.160711 0.849053 -0.558702
5.278000 -0.494149 0.057006
5.160711 0.266161 -0.885067
5.278000 -0.372680 -0.583455
5.043422 0.142420 -1.171986
4.222400 1.035878 -0.167116
4.222400 1.515182 0.042014
4.222400 0.881936 0.551254
4.222400 1.787050 0.263695
4.222400 2.522502 0.309677
4.222400 2.511020 0.332809
4.222400 1.945930 0.293263
4.222400 1.493037 -0.428819
4.222400 0.319160 0.213781
4.222400 1.316717 0.097803
4.926133 0.627171 -0.390595
5.278000 0.107266 -0.870203
5.278000 -0.069363 -0.661740
5.278000 -0.052886 -1.091705
5.512578 -0.839361 -0.706007
6.216311 -1.852167 -0.588338
5.278000 0.317346 -0.432423
5.278000 -0.461949 -1.301547
5.278000 -0.235229 -1.205205
5.864444 -0.842228 -0.616440
5.747156 -0.669900 -0.927188
5.043422 0.161971 -1.155764
5.160711 -0.626751 -1.570545
5.160711 0.043965 -1.151376
5.278000 0.310716 -1.419745
5.278000 0.111360 -0.955026
5.278000 0.239421 -1.059357
5.278000 0.717399 0.048137
5.981733 0.068059 -0.421786
5.747156 -0.396726 -0.656694
6.920044 -0.318262 0.254133
7.037333 -0.652876 0.692361
3.987822 1.234708 1.799717
4.926133 0.096549 -0.457250
5.981733 0.071175 -0.411343
5.864444 -0.991151 0.049932
6.450889 -1.090258 0.463978
6.920044 -0.988149 0.634208
7.037333 -0.480343 0.961970
6.450889 -0.891856 1.384982
6.450889 -0.826464 0.742336
6.802755 0.495294 1.141180
6.802755 0.222695 1.509753
6.920044 0.106620 1.571517
6.920044 -0.444260 1.542244
4.222400 1.673511 -0.150332
4.222400 1.712651 0.056133
4.574267 0.650621 -0.771337
5.160711 0.566119 -0.049804
5.981733 -1.083865 0.276762
5.864444 -0.379773 -0.800382
5.160711 0.086376 -0.483757
5.160711 0.401804 -0.596734
5.160711 0.571353 -1.011275
5.278000 0.268789 -1.799059
5.278000 -0.496305 -0.497625
5.278000 0.088498 -0.965211
4.691556 1.129503 -1.183897
4.574267 0.467225 -0.055673
4.574267 0.407433 -0.557219
5.278000 -0.200182 -1.103332
5.160711 0.432504 -1.147905
5.160711 0.387339 -1.509100
5.160711 0.059248 -1.633850
5.160711 0.259528 -1.076612
5.160711 1.038728 -0.983399
5.278000 -0.241877 -0.559964
5.278000 -0.596028 -1.197099
5.278000 -0.499413 -1.154290
5.278000 0.180415 -1.024903
5.160711 0.709665 -1.064978
5.278000 -0.009013 -1.195441
5.278000 -0.072783 -1.246692
5.278000 -0.266808 -1.724116
5.512578 -0.281963 -1.264114
5.864444 0.193715 -0.364983
4.691556 0.692651 -0.966574
4.691556 0.938878 -0.101634
4.574267 0.489653 -0.044504
5.629867 -0.087300 -0.633477
5.278000 0.043146 -0.910516
5.278000 0.359372 -1.000877
5.278000 0.442030 -1.025467
5.278000 0.554233 -0.611450
5.278000 0.602853 -0.427142
5.278000 0.390553 -0.956493
5.160711 0.082838 -1.551724
5.160711 0.577348 -1.025992
5.043422 0.445499 -0.068131
4.105111 1.356622 0.036719
4.222400 1.571411 -0.091793
4.222400 1.924369 -0.054266
4.574267 1.131624 -0.296752
5.160711 -0.189588 -0.353299
5.278000 -0.469044 0.054303
5.278000 -0.472521 -0.578538
5.160711 0.672798 -1.526541
5.278000 -0.204490 -1.006025
6.099022 -1.036036 -0.341899
6.450889 -1.061103 0.865987
5.278000 0.391115 -0.930840
5.981733 -0.897391 -0.074802
6.450889 -1.530852 0.027164
6.568178 -1.027861 0.264597
5.864444 -0.703878 -1.130733
6.568178 -0.427350 1.462600
6.920044 0.100296 1.597713
6.802755 -0.715612 0.700209
4.222400 1.054970 -0.160041
4.222400 1.503874 0.011504
4.339689 1.349554 -0.619977
5.278000 -0.024192 -0.705609
5.395289 0.005869 -0.402378
5.864444 -0.127216 0.001819
5.864444 -0.183949 -0.029588
5.747156 0.019928 -0.144522
6.333600 -0.160768 0.647063
4.105111 0.765384 1.016760
3.987822 1.167979 0.941476
4.105111 1.763967 0.535254
4.105111 0.727012 1.612338
5.160711 0.029458 -0.900543
6.450889 -1.351541 0.675327
6.802755 -0.790626 1.515407
6.685467 -0.513126 1.433794
6.568178 -0.533359 0.776144
7.037333 -0.292025 1.411470
4.105111 1.538193 0.512333
4.222400 1.377005 -0.141206
4.574267 1.282176 -0.429844
4.574267 1.175300 -0.491789
5.395289 -0.209778 -0.655951
5.395289 -0.540087 -0.382312
5.395289 -0.495798 -0.265132
5.512578 -0.813229 -0.699403
6.450889 -0.874375 -0.191997
5.278000 0.419167 -0.659864
5.278000 -0.011641 -1.107619
5.160711 0.364771 -1.011186
5.160711 0.731656 -1.546807
5.395289 -0.703370 -0.332430
5.747156 -0.330058 0.009720
6.333600 -0.498587 -0.282359
5.512578 -0.570999 -0.474649
5.278000 0.506274 -0.593908
4.808844 0.666968 -0.810621
5.160711 0.603940 -1.252318
5.160711 0.331937 -1.287669
5.160711 -0.062308 -1.337533
5.160711 0.457866 -1.323613
6.450889 -0.399823 0.573296
4.222400 1.452487 -0.446575
4.105111 2.324869 0.899998
4.105111 1.844592 0.601519
4.222400 1.821818 0.589069
4.574267 1.231674 -0.219277
5.278000 -0.515926 -1.137715
5.278000 0.095562 -1.307482
5.278000 0.281452 -1.420088
5.278000 -0.220435 -1.538146
5.629867 -1.149008 -0.066719
6.450889 -1.844099 0.087189
5.278000 -0.072990 -1.093801
5.160711 0.382763 -0.890322
5.160711 0.217058 -0.985803
5.160711 0.269071 -1.118268
5.160711 0.293337 -0.894280
5.160711 0.077517 -1.615412
5.981733 -0.955648 -0.034361
6.216311 -0.934233 -0.448651
5.512578 -0.715689 -1.057728
5.512578 -0.704261 -1.445422
5.512578 -0.728095 -1.466120
5.864444 -0.889717 -1.213608
6.685467 -0.356313 0.295095
5.629867 -1.146698 -0.042709
6.685467 -0.622575 1.225545
6.920044 -0.893441 1.302602
6.920044 -0.479976 0.894545
6.920044 -0.357912 0.713817
6.920044 -1.051171 0.070073
6.568178 -0.450250 0.057394
6.568178 -0.697270 0.410944
6.568178 -0.390626 0.769247
6.450889 -0.299632 1.324660
6.685467 -0.127945 0.340423
4.222400 1.051618 0.295935
5.160711 1.372526 -1.412644
5.160711 0.735498 -1.843365
5.278000 -0.082520 -0.643152
5.160711 -0.604072 -0.764730
5.160711 -0.576124 -0.673542
5.278000 -0.641832 -0.509799
5.278000 -0.462252 -1.041261
5.278000 0.305685 -0.653729
5.629867 -0.591364 -0.323599
5.160711 1.024041 -0.599530
4.222400 0.414865 0.524955
6.920044 0.370590 1.652211
6.920044 0.120265 1.965528
6.920044 -0.370401 0.616356
6.920044 -0.235829 0.935727
6.920044 -0.900503 1.281512
6.920044 -1.377776 1.543288
6.920044 -1.498642 1.437744
6.333600 -0.293734 0.262548
6.568178 -0.976382 0.956702
6.568178 -1.042604 0.534457
6.450889 -0.790647 0.397631
6.450889 -1.340866 0.653953
6.333600 -0.778249 0.043788
6.450889 -0.693852 0.053093
6.802755 -0.903121 0.611101
6.333600 -1.184091 0.644442
6.333600 -1.008801 0.320763
5.864444 -0.746173 -1.197684
5.160711 0.297449 -1.429783
5.160711 0.693554 -1.506936
4.691556 1.131884 -0.335510
6.920044 -0.029047 0.400725
5.512578 0.003285 -1.453776
5.512578 0.008544 -1.428537
5.395289 0.156680 -0.951009
6.802755 -0.591220 0.796322
6.920044 -0.256036 0.933417
6.802755 -0.254247 1.420631
5.160711 0.014252 -0.236915
5.278000 -0.506723 -0.615400
5.160711 -0.388992 -0.813228
5.160711 -0.514489 -1.583265
5.160711 -0.385809 -0.820420
5.747156 -0.615093 -0.429929
5.747156 -1.089556 -0.623176
5.747156 -1.196341 0.393842
5.981733 -0.926909 -0.086061
6.450889 -1.151310 -0.212291
5.160711 0.899225 -2.078602
5.160711 0.710723 -1.215339
5.160711 0.365868 -0.639889
5.278000 0.064760 -1.297990
5.278000 0.254160 -1.428781
5.278000 0.906188 -1.586265
6.568178 -0.332866 -0.108790
6.920044 -0.972020 0.664223
6.920044 -0.813450 0.787432
6.920044 -0.807025 1.079593
6.920044 -1.514839 1.451481
6.920044 -1.393229 1.542456
6.920044 -0.193150 1.271583
6.802755 -0.261449 1.439707
6.802755 -0.426808 0.773839
5.278000 -0.435251 -0.059150
5.278000 -0.168782 -0.469550
5.278000 -0.152505 -1.051324
5.160711 0.097923 -1.848791
5.160711 -0.156171 -1.706464
5.160711 0.768830 -1.175496
5.160711 0.910799 -1.174836
5.160711 0.513243 -0.596481
5.981733 -1.256214 0.473006
6.802755 -0.834303 1.690258
4.222400 0.882932 -0.667610
4.222400 1.133633 0.127805
5.160711 1.190067 -1.469462
5.160711 -0.522721 -0.814651
6.802755 -0.696960 0.240159
6.920044 -0.278678 0.850635
6.920044 -0.345956 0.419517
5.395289 0.166440 -0.684662
5.278000 -0.518890 -0.504201
5.278000 -0.197810 -0.106034
5.864444 -0.352743 -0.800738
6.802755 -0.757104 0.293491
6.920044 -0.375928 0.591605
5.278000 0.709810 -0.507671
5.278000 0.525107 -0.864489
3.987822 1.440009 1.666780
4.222400 0.881483 0.171911
4.222400 1.020471 0.292668
4.222400 0.700815 1.114286
4.222400 1.304843 0.695597
5.160711 1.010266 -0.844851
5.512578 0.400131 -1.584632
5.160711 0.346950 -0.892338
5.160711 0.273738 -1.442745
5.160711 0.213454 -1.216261
5.160711 0.715362 0.666217
5.395289 0.075972 -0.932356
5.278000 -0.149748 -1.174019
4.574267 1.283962 -0.445251
5.160711 0.848640 -0.427268
5.512578 0.490446 -1.038534
5.864444 0.010855 -0.596241
6.802755 -1.009064 0.896644
6.802755 -0.909499 0.841200
6.920044 -0.980907 0.635159
7.037333 -0.868425 -0.081055
7.037333 -1.165190 0.432436
6.802755 -0.430323 1.237333
6.802755 -0.754832 0.920658
6.802755 0.024801 1.423578
3.987822 0.956388 1.219285
6.920044 -0.462951 1.768853
6.920044 -0.551852 1.772722
6.920044 -0.414761 1.544771
6.450889 -1.384934 -0.176265
6.568178 -1.180221 -0.057944
5.981733 -0.180357 -1.427462
5.864444 -0.709929 -1.118984
5.512578 -0.495442 -0.779092
4.456978 0.232949 0.403383
6.685467 -0.801323 0.375587
5.512578 -0.185696 -0.958328
5.395289 0.194139 -0.669001
6.333600 -1.185435 -0.185290
5.864444 -0.497449 -1.069054
5.278000 -0.132265 -1.095559
5.278000 -0.126134 -1.261446
5.395289 -0.688995 -1.273701
5.864444 -1.600322 -0.712122
6.333600 -1.488084 -0.323168
5.512578 -0.727430 -1.026724
5.512578 -0.732188 -0.565056
4.222400 1.218514 0.304974
6.920044 -0.838759 0.892044
6.920044 -0.840627 0.907133
6.920044 -0.865357 0.660603
6.802755 -0.928944 0.888467
6.685467 -0.670764 0.757054
5.981733 -1.240132 0.464733
5.160711 0.887935 -0.483073
5.160711 0.697677 -0.296770
5.160711 0.505233 -0.132543
6.450889 -0.487341 0.694831
6.450889 -0.670074 0.750015
5.629867 -0.522328 -0.719630
5.512578 -0.127365 -0.686647
4.222400 0.669685 0.838219
4.926133 -0.158363 -0.001010
4.574267 0.672206 -0.044508
5.864444 -0.513229 0.461563
5.864444 -0.994548 0.048000
4.574267 1.833565 -0.166893
4.574267 1.245016 -0.302222
4.105111 1.281264 -0.468019
5.278000 -0.305447 -1.638837
5.278000 -0.715713 -2.060070
5.629867 -0.526530 -0.725981
5.512578 -0.875998 -0.212112
5.512578 -0.376197 -0.594016
5.512578 0.214419 -1.206981
5.278000 0.232261 -1.066805
5.278000 -0.439263 -1.315568
5.278000 -0.441162 -1.017381
5.278000 -0.661120 -1.071946
5.278000 -0.632933 -0.487604
5.512578 -0.961920 -0.666180
5.512578 0.075748 -0.737489
5.160711 0.547428 -0.026812
5.160711 0.623467 -0.761740
6.685467 -0.795192 1.197513
5.512578 0.023159 -0.320233
5.512578 0.182832 -1.213477
5.278000 -0.632201 -1.221472
5.278000 -1.004230 -0.732878
6.216311 -0.664149 -0.727277
6.450889 -0.676738 -0.188311
5.160711 0.642668 -1.276772
6.450889 -0.441693 -0.182847
5.278000 0.047229 -0.358924
5.864444 -0.017809 -0.595547
5.864444 -0.861632 -0.595425
5.864444 -0.238506 -0.561202
6.920044 -1.178876 0.886531
6.920044 -0.599913 0.433819
6.920044 -0.277350 0.956132
6.920044 -0.471309 0.806483
4.222400 0.445817 0.316975
4.222400 0.397768 0.096363
5.864444 -0.691008 -0.760417
5.981733 -0.636172 -0.457230
6.568178 0.124565 1.516702
4.574267 -0.217528 0.248127
6.333600 0.024459 0.312973
6.333600 0.241740 -0.125285
5.864444 0.432927 -0.220620
5.278000 -0.810005 -0.468692
5.278000 -0.741768 -0.812816
5.512578 -0.882699 -0.874990
3.870533 1.039485 1.265095
3.987822 1.490047 1.221466
3.987822 1.485532 0.660085
6.920044 -0.789049 0.080995
5.160711 0.272159 0.863200
5.864444 -0.708706 -0.239665
5.864444 -1.619764 -0.688297
6.920044 -1.012841 0.725009
4.574267 0.549908 0.302242
3.166800 0.469312 1.990163
3.166800 0.498868 1.978968
3.284089 0.572513 1.303217
4.222400 2.456198 0.338333
4.105111 0.924825 1.280215
4.926133 -0.138353 -0.019406
5.160711 -0.568608 -0.701848
5.278000 -1.075636 -1.287953
6.450889 -1.404200 0.048091
5.981733 -0.397104 -0.075866
5.512578 -0.466627 -0.748408
5.512578 -0.528618 -0.822152
6.802755 -0.953958 0.338260
6.920044 -0.405163 0.814971
6.920044 -0.535966 1.280424
6.920044 -0.956593 1.271758
6.802755 -0.539593 1.130431
6.920044 -0.176293 0.879926
7.037333 -0.394371 1.055495
7.037333 -0.607414 2.013747
6.920044 -0.323288 0.962249
6.920044 -0.390451 0.533488
5.043422 1.377630 -0.400266
5.160711 1.501951 -2.012430
5.160711 0.354747 -1.284440
5.160711 0.923697 -1.371598
5.278000 0.867536 -1.784311
5.278000 -0.390692 -0.572115
5.278000 0.088016 -1.276837
5.278000 0.726620 -1.181741
4.574267 1.324849 -1.356889
6.685467 -0.628183 1.089675
6.920044 -0.324152 1.018464
6.568178 -0.775883 0.795140
6.920044 -0.451350 1.509878
6.920044 -0.475238 0.902414
6.920044 -0.449136 0.537903
6.920044 -0.321836 0.800617
7.037333 -0.183211 1.354774
5.395289 -0.258035 -0.449882
5.395289 -0.410302 -0.350074
5.395289 -0.546216 -0.406398
5.512578 -0.955743 -0.121275
5.278000 -0.303684 -1.645870
5.278000 0.185165 -1.015235
5.278000 -0.159843 -1.264367
5.864444 -1.230982 -0.969108
5.747156 -0.777262 -0.713730
5.747156 -0.624810 -0.452414
5.512578 -0.520923 -0.746860
5.512578 -0.370030 -0.587965
5.278000 -0.155021 -0.299404
4.574267 1.831309 -0.234586
4.456978 2.412314 -1.300945
4.456978 2.403519 -1.270383
5.160711 1.380973 -1.404136
5.160711 0.724107 -0.808593
4.222400 1.363484 0.489712
4.222400 1.343074 0.674917
4.222400 1.858433 0.603094
4.222400 1.472817 0.565435
4.222400 1.171423 0.497830
4.691556 1.231639 -1.370938
4.808844 1.142281 -1.316230
4.339689 0.988217 0.132368
4.222400 1.690007 0.350203
4.222400 2.509259 0.527864
4.222400 2.375995 0.047708
4.222400 1.885542 0.334430
4.222400 0.422388 0.515537
6.333600 0.231425 -0.095902
6.568178 -1.220186 1.554123
6.450889 -0.951160 1.230847
6.568178 -0.237321 1.069545
6.450889 -1.573261 1.153183
5.747156 -0.636829 -0.924121
5.747156 -0.371384 -1.089730
6.568178 -1.351869 -0.243305
6.685467 -0.912789 0.505803
6.920044 -0.192363 1.293669
6.450889 -1.386510 -0.179627
5.629867 -0.371613 -0.236389
5.278000 -0.303929 -0.703277
5.160711 -0.390999 -0.810927
5.278000 -0.040767 -1.105180
4.222400 1.461865 -0.426415
4.222400 0.653878 0.205956
4.222400 0.896424 0.172486
5.160711 0.695342 -0.274119
5.864444 -0.504068 0.467051
5.278000 0.737583 0.027573
5.278000 0.621071 -0.750784
5.512578 -0.106392 -1.074298
5.278000 -0.052165 -0.968022
5.512578 0.422676 -0.775347
6.920044 -0.561619 0.386190
6.216311 -1.451071 0.206911
5.864444 -1.612401 -0.415683
5.278000 -0.387247 -1.448805
5.278000 0.376449 -0.922202
5.160711 0.238508 -0.996460
5.160711 -0.099136 -1.147020
4.222400 0.999159 0.674818
4.222400 0.880412 0.534926
6.920044 -0.234214 1.073591
5.395289 0.168853 -0.708826
5.278000 0.019262 -0.358375
4.574267 1.332686 -1.340936
4.574267 1.182728 -0.520219
4.339689 1.225847 0.085654
4.926133 0.715872 -0.524088
6.450889 -1.401599 0.026176
6.333600 -1.508647 -0.246889
5.160711 -0.197520 0.030211
5.160711 -0.175787 -0.331134
5.278000 0.430730 -0.612769
6.920044 -0.797745 0.753914
6.920044 -0.244488 1.090123
4.222400 0.498372 0.966975
4.105111 1.535140 0.525492
4.105111 1.788759 0.142393
4.222400 2.189738 0.265696
4.222400 2.184472 0.245277
4.339689 2.054589 0.351265
4.574267 0.761210 -0.053955
4.574267 0.664856 -0.272476
5.160711 0.396266 -0.579196
4.574267 0.801140 -0.396628
4.339689 1.956831 -0.940398
4.926133 1.932693 -0.920351
4.574267 0.729679 -0.056017
6.450889 -0.936323 1.252112
6.450889 -0.430886 0.557926
5.864444 -1.211219 -0.522987
5.864444 -0.462454 -0.697611
5.981733 -1.387901 -0.204085
6.920044 -0.502454 1.031323
4.222400 0.995566 0.648328
4.339689 0.600910 0.208450
4.808844 1.360453 -0.090185
4.574267 0.561927 0.285402
4.574267 0.372342 0.593417
4.574267 0.354982 0.604165
3.987822 1.242551 1.799627
4.222400 1.276327 0.687920
4.574267 2.090904 -1.022849
4.574267 2.502075 -0.501708
4.574267 2.524893 -0.493124
4.691556 1.492007 -0.694403
5.160711 0.646363 -0.731986
5.160711 0.441293 -0.077696
5.864444 -0.675377 -0.278246
4.222400 2.176851 -0.283205
4.222400 2.370649 -0.425465
4.574267 1.050978 -0.460071
6.920044 -0.804974 1.243026
6.920044 -0.899123 0.523506
6.450889 -0.608701 -0.083085
6.450889 -0.282339 0.210269
6.568178 -0.212397 0.378298
6.568178 -0.439057 1.484512
6.920044 -0.352155 0.791264
6.920044 -0.399260 0.902475
6.920044 -0.288939 0.524742
5.512578 -0.961756 -0.687916
5.512578 -0.826145 -0.671212
5.395289 -0.706035 -0.344492
5.512578 -0.236699 -0.920049
5.395289 -0.425635 -0.376366
6.333600 -0.343670 0.134393
6.920044 -0.614619 0.596083
4.456978 -0.105052 -0.917644
4.339689 1.342242 -0.609846
5.160711 0.373003 -1.196258
5.278000 -0.076552 -1.277841
5.395289 -0.194551 -1.192778
5.512578 -0.268867 -0.387851
6.450889 -0.988125 0.264550
6.920044 -1.254755 0.433262
7.037333 -0.340142 1.385814
5.278000 0.697300 -0.381140
5.160711 0.735218 -0.836110
5.160711 0.360048 -0.893880
5.160711 0.028761 -1.135971
4.222400 0.969483 0.026860
4.222400 1.681690 -0.149432
5.160711 0.874460 -0.541912
5.629867 -0.694547 -0.641782
6.333600 -1.187490 -0.159098
6.333600 -0.816408 -0.085198
6.450889 -0.841916 -0.092992
6.450889 -0.721418 0.081337
6.920044 -1.313802 0.697661
7.037333 -1.042466 1.132011
4.222400 0.812679 0.086072
4.222400 0.994720 -0.003225
6.099022 -0.892667 -0.403618
6.333600 -0.680742 -0.298094
6.450889 -1.083075 0.448445
6.920044 -0.768620 2.572302
7.037333 -0.736565 1.103710
6.920044 -0.276877 0.827136
5.395289 0.858698 -0.720692
5.395289 0.383736 -1.256027
6.333600 -0.740128 0.154689
6.099022 -1.474089 -0.797142
6.802755 -0.404538 1.281403
7.037333 -0.876438 -0.058552
5.629867 -0.134725 -0.698226
5.278000 -0.143910 -0.454527
5.864444 -0.311644 -1.398385
6.450889 -1.048435 0.221092
6.568178 -1.344033 1.075324
6.920044 -1.164751 1.396201
6.920044 -0.739290 0.775222
6.920044 -0.903909 1.051852
6.802755 -0.074586 1.306759
6.920044 -0.165112 1.788262
6.099022 -0.856157 0.003235
5.981733 -0.246575 -0.043441
5.160711 0.589523 -0.341845
5.278000 0.801429 -0.840918
5.278000 0.446590 -0.920512
5.629867 -0.929446 -0.923518
5.629867 -0.603998 -0.989638
5.512578 0.035041 -0.331589
6.450889 0.015499 -0.302584
6.920044 -0.745479 0.822660
6.920044 -0.331131 0.743350
7.037333 0.118739 0.130155
6.920044 -0.396666 0.144311
6.568178 -0.419081 0.484861
6.920044 -0.287414 0.531782
4.339689 1.000717 0.155616
4.574267 0.893807 -1.425081
5.160711 -0.003429 -0.907147
5.278000 0.730588 -0.361930
5.512578 -0.077217 -1.066695
5.160711 0.397541 -1.487940
5.160711 0.020840 -1.132251
5.043422 0.455713 -0.048295
5.160711 0.399210 -0.374321
5.512578 -0.704702 -0.580698
6.216311 -0.912862 -0.457716
5.395289 -0.605134 -2.001973
5.629867 -0.082196 -0.643648
6.450889 -0.980160 0.320690
6.920044 0.426114 0.395693
5.747156 -1.188688 -0.350071
5.512578 0.490246 -1.018044
5.278000 0.671590 -0.738315
6.802755 -0.781977 1.538127
6.450889 -1.330870 0.942717
5.864444 -1.145068 -0.277393
5.512578 -1.183683 -0.646988
5.512578 0.093000 -0.816002
5.278000 0.881021 -1.151177
5.278000 -0.746289 -2.053201
5.160711 0.503762 -0.108464
5.160711 0.510252 -0.149884
5.160711 -0.004219 -0.154732
4.574267 1.399569 -0.457216
4.105111 2.479769 0.471149
5.278000 0.443304 -0.934460
5.278000 0.724575 -0.967120
5.160711 0.648048 -0.150814
4.222400 0.322658 0.393274
4.105111 0.598147 1.211057
7.858355 0.279030 1.796492
4.691556 1.135471 -0.341278
4.574267 0.534557 -0.767848
4.574267 0.657778 -0.290972
4.574267 0.665888 -0.769935
5.864444 -0.875097 -1.240333
5.512578 -0.738844 -1.025330
5.278000 -0.349674 -0.973497
5.160711 0.010176 -1.373432
4.574267 1.594036 -2.207321
4.574267 1.575217 -2.182171
5.160711 0.896231 -2.110136
5.160711 0.614440 -1.528851
6.333600 -0.351320 -0.485776
5.981733 -0.393004 -0.050840
5.981733 -0.592874 -0.713664
5.864444 -0.976342 0.012641
4.926133 0.452481 -0.696542
3.987822 1.079462 1.484148
5.981733 -1.292871 -1.372065
6.920044 -0.936153 0.873395
6.802755 -0.820915 1.510790
6.802755 -0.909573 0.582498
6.802755 -0.677629 0.478813
6.802755 -1.254958 0.860252
6.920044 -0.297395 0.838892
4.574267 0.786107 -0.417970
6.333600 -0.641101 -0.022242
6.920044 -0.359091 0.446045
6.802755 -0.758850 0.924726
6.333600 -0.705904 0.288965
5.981733 -1.555047 -0.106211
5.981733 -1.079791 0.190499
5.864444 -0.580683 0.576811
6.450889 -0.941708 0.170074
5.395289 -0.437942 -0.762408
5.278000 0.334924 -1.595956
5.512578 -0.925700 -1.515500
5.395289 0.163723 -0.949570
5.160711 -0.050101 -0.205174
5.160711 0.428314 0.701226
5.160711 -0.119642 -0.411088
5.160711 -0.125257 -0.404940
6.920044 0.624017 0.172204
6.920044 -0.616821 0.411110
6.802755 -0.737892 0.856260
5.278000 -0.849628 -0.262406
5.278000 -0.816793 -0.443289
5.278000 0.478253 -0.593452
5.160711 0.692087 0.665397
5.512578 0.063401 -0.739361
5.512578 0.421957 -0.619356
5.512578 -0.586447 -0.684970
5.512578 -0.756591 0.329304
5.864444 -1.017017 -0.458595
5.512578 -1.200798 -0.620478
5.395289 -0.169725 -0.259847
5.981733 -0.801798 -1.084965
7.037333 -0.584845 0.556594
6.685467 -0.622524 1.098142
6.568178 -1.169407 0.417285
6.450889 -0.816538 0.760442
6.450889 -0.712025 0.411275
6.450889 -0.412817 -0.259240
5.512578 -0.209451 -0.163357
5.747156 -1.471473 -0.141130
5.395289 -0.598133 -2.019634
5.864444 -1.602316 -0.683089
6.450889 -0.594207 -0.389692
6.450889 -1.256702 0.087690
6.216311 -0.751889 -1.101440
5.981733 -1.549794 -0.085462
6.099022 -0.579455 -0.497589
5.981733 -0.932995 -0.018839
6.568178 0.072537 0.912545
6.920044 -0.004378 0.586448
4.105111 0.626168 1.224432
7.037333 0.509141 0.757206
4.222400 0.475886 0.099019
5.864444 -0.454312 -0.682226
5.864444 -0.955882 -0.661753
5.864444 -0.207261 -0.565370
5.864444 -1.164995 -0.282748
6.568178 -0.391540 -0.006159
6.920044 -0.450974 1.482332
6.920044 0.129575 1.959128
6.920044 -0.590246 0.599358
4.222400 0.387752 0.643341
5.864444 -1.215648 -0.905112
5.864444 0.166861 -0.942392
6.568178 -0.410464 0.217625
6.333600 -0.703344 -0.291901
6.333600 -0.504873 -0.268846
6.450889 -0.686475 0.043904
6.920044 -0.890124 0.417120
6.920044 -0.597186 0.356396
6.920044 -0.056208 0.406434
6.920044 -0.230742 0.897937
6.685467 -1.016816 0.755099
7.037333 0.156268 1.568228
5.864444 -0.212538 -0.447926
5.278000 -0.053423 -1.002776
5.278000 -0.296392 -0.717976
5.278000 -0.058376 -0.973540
5.278000 0.161342 -1.411571
5.278000 0.123174 -1.413140
5.278000 0.055819 -0.512309
5.981733 -0.974711 -0.036454
6.099022 -0.900423 -0.399088
6.216311 -1.268364 0.220804
6.450889 -1.090007 0.069043
6.333600 -0.299163 -0.215316
6.333600 0.400629 0.368770
5.864444 -1.354055 -0.179717
5.747156 0.014293 -0.133554
5.864444 -0.568882 -0.519539
6.920044 -0.763756 0.068425
6.568178 -1.030389 0.113244
4.222400 1.111846 0.688968
4.222400 2.500822 0.504275
4.222400 1.990395 0.259834
4.339689 1.802753 -0.058364
4.574267 2.219760 -0.629521
4.574267 1.181535 -0.514851
6.216311 -1.177348 0.175758
4.808844 1.832757 -1.785420
4.691556 1.550056 -0.895759
4.691556 1.535373 -0.914771
5.160711 0.075544 -1.623952
5.278000 -0.633396 -1.060409
6.685467 -0.806411 0.375129
3.987822 0.499033 1.509344
4.222400 0.454472 0.335513
4.222400 0.789092 0.092647
5.160711 0.761132 -0.730671
5.278000 0.439819 -0.718600
3.284089 0.569456 1.333348
4.222400 1.846539 0.776302
6.333600 -0.321846 -0.231833
6.216311 -0.554300 -0.531067
5.629867 -0.356519 -0.326998
5.278000 -0.130291 -0.053380
5.278000 -0.284890 -0.705806
5.278000 -0.226302 -0.570703
5.278000 0.595520 -1.573245
5.160711 0.095591 -1.838228
5.278000 0.212035 -1.101668
5.278000 0.741905 -1.204076
6.568178 -1.187916 -0.075183
6.920044 -0.450396 0.691323
7.037333 -0.490333 0.966825
7.037333 -0.351702 1.361117
5.747156 -0.420830 -0.831206
5.160711 0.652199 -1.702416
5.160711 0.821797 -2.055812
5.160711 0.934271 -1.160113
4.691556 0.920969 -0.097125
5.160711 0.614542 -1.497708
5.160711 0.647079 -0.728212
5.160711 0.834107 -0.401501
4.808844 0.637669 0.277967
5.864444 -1.194962 -0.890739
6.450889 -1.815348 0.054457
6.450889 -1.118425 -0.096532
7.037333 -0.634927 1.594288
5.278000 0.711795 -0.485091
5.747156 -1.266127 -1.251000
5.981733 -0.959979 -0.046537
5.981733 -1.092077 0.269674
4.222400 1.442183 0.565720
7.037333 -0.549254 0.737793
6.920044 0.078206 1.573761
5.278000 -0.494225 -0.633769
5.278000 -0.197686 -1.167633
5.278000 -0.247761 -1.721026
5.160711 0.591652 -1.888282
5.160711 0.877348 -1.842966
4.574267 1.405630 -0.470463
5.160711 0.601665 -0.755775
5.864444 -0.501441 -1.071673
5.981733 -0.794424 -1.147263
5.981733 -1.409949 -0.198351
5.981733 -1.089599 0.202618
4.456978 1.461382 -0.183268
4.574267 1.227089 -0.237193
7.037333 -0.638300 0.460232
6.802755 -0.925427 0.678507
6.802755 -0.686648 0.687191
6.450889 0.045500 -0.062007
5.747156 -1.266220 -1.229637
5.160711 0.076093 -0.945421
5.278000 -0.279918 -1.738520
5.160711 0.350070 -0.793990
3.987822 1.652562 1.036272
4.222400 1.122146 0.742457
4.222400 1.353605 -0.153328
5.160711 0.962135 -0.756418
4.222400 0.650244 0.485428
3.987822 1.479071 1.223278
3.987822 1.657162 1.389996
4.105111 1.786111 0.139688
4.105111 2.009410 0.003520
4.222400 1.491642 0.020931
4.222400 1.024440 0.002803
5.160711 0.067904 -0.476876
5.864444 -0.769985 0.065824
5.864444 -0.676729 -0.290232
6.802755 -0.670308 0.464227
6.568178 -0.261979 1.066815
6.450889 -1.124492 0.550141
5.981733 -1.274122 -1.376482
5.512578 0.301423 -1.188643
5.512578 -0.416488 -1.485299
5.395289 0.006013 -0.430301
5.278000 -0.202628 -1.523041
5.512578 -0.242525 -0.924355
5.864444 0.305906 -0.660871
6.333600 -0.645406 -0.050423
4.926133 0.692834 -0.544178
4.574267 0.548892 -0.072593
4.105111 1.844001 0.937500
4.339689 2.165648 0.081056
4.222400 1.404756 0.360188
6.450889 -0.694865 0.416269
5.629867 -0.943068 -0.950150
6.568178 -1.191675 0.434594
6.685467 -1.607699 0.768366
6.568178 -1.418975 0.776898
6.802755 -1.241051 0.863938
6.920044 -0.528799 0.680571
6.920044 -0.377491 0.629815
7.037333 -0.224968 0.198682
6.333600 0.000904 0.319272
6.333600 -0.277474 0.254787
6.450889 -0.949259 0.173297
4.105111 2.336217 0.871689
4.222400 1.715373 0.255253
4.339689 2.040055 0.331749
3.987822 1.473595 0.671261
5.160711 0.114375 -0.483903
5.160711 0.212123 -1.250157
5.160711 0.757975 -1.824414
5.160711 -0.011592 -0.258511
5.160711 0.342125 -0.177002
4.105111 0.718064 1.090314
4.105111 0.755778 0.905648
4.222400 0.397682 0.104420
4.222400 0.446708 -0.173687
4.222400 1.369038 0.469612
4.222400 2.758446 -0.356835
5.160711 -0.027641 -0.168451
5.864444 -0.758791 -0.174564
5.395289 -0.158361 -0.276006
7.037333 0.502500 0.780108
4.105111 0.578932 1.227069
6.920044 -0.246835 0.715665
6.450889 -1.445240 0.515299
6.920044 -0.979271 0.682713
6.920044 -0.891905 0.859088
6.920044 -0.458575 1.440952
4.574267 0.532363 -0.724511
4.574267 1.807307 -0.247510
4.574267 2.206471 -0.656236
4.574267 1.961978 -1.540200
4.222400 0.617051 -0.683157
6.568178 -0.512819 0.796009
6.568178 -0.783970 0.784881
6.333600 -0.487379 -0.505447
6.099022 -0.876133 -0.012274
6.450889 -0.609430 1.001527
7.037333 0.068518 2.471432
6.450889 -0.834113 0.781476
3.987822 1.186131 0.631382
6.216311 -1.440256 0.187411
5.512578 -0.914163 -1.522822
5.512578 -0.082342 -0.960733
5.512578 -0.758370 -1.037011
5.512578 -0.990241 -1.442000
5.747156 -0.265800 -0.605775
5.160711 1.020883 0.209378
5.160711 0.284262 -1.061365
5.278000 0.708586 -0.373264
5.278000 0.151233 -0.768281
5.512578 -0.327370 -1.573378
5.512578 -0.431996 -1.506605
5.278000 0.610651 -0.435257
4.574267 1.047337 -0.440027
4.574267 1.868615 0.303353
4.574267 1.881909 0.323309
4.222400 1.990968 0.250059
4.222400 1.326242 0.077367
4.926133 0.658594 -0.654108
4.574267 2.406454 -0.908243
4.339689 1.830249 -0.818614
5.278000 0.613288 -0.763745
6.920044 -1.388266 1.034996
6.099022 -1.033859 -0.343622
6.802755 -0.693981 0.888296
6.450889 -0.920516 1.400336
6.450889 -0.411704 -0.172738
5.512578 -0.462745 -0.736830
4.105111 0.968318 0.197699
5.278000 -0.217177 -0.099508
5.278000 0.037329 -0.925943
5.278000 0.142215 -1.391692
6.450889 -1.114322 0.072443
7.037333 -0.308946 1.420631
5.512578 -0.109735 -1.017756
6.920044 0.059927 1.550326
6.920044 0.396835 1.655244
4.105111 1.747028 0.534270
5.512578 0.106501 -0.800904
6.450889 -0.892102 0.565474
6.450889 -0.895124 0.553380
5.512578 0.201557 -1.188595
5.512578 0.183514 -0.437539
5.512578 -0.142256 -0.680224
6.802755 -0.902514 1.041872
6.920044 -0.461745 1.445406
6.920044 -0.586619 1.814050
6.802755 -0.913635 0.712535
6.685467 -0.773396 1.181376
6.216311 -1.264024 0.202239
4.222400 1.557945 0.632525
4.222400 1.840201 0.609682
4.222400 1.547590 0.636177
4.222400 1.480084 0.714736
4.222400 1.706932 0.282376
4.222400 1.934979 -0.070564
4.222400 1.354805 0.687239
4.222400 0.593876 1.304065
4.222400 0.579043 1.277896
4.222400 0.480059 0.124504
5.160711 0.992802 0.219104
5.512578 0.207513 -0.420773
5.278000 -0.740925 -0.784495
5.278000 0.320476 -1.383959
5.278000 0.856677 -0.991015
4.222400 1.738540 0.015275
4.574267 1.408156 -0.963291
6.568178 -0.395663 0.201141
6.450889 -0.459887 1.013393
6.802755 0.000981 1.426016
6.920044 -0.874443 0.866378
6.920044 -1.202382 1.668230
6.920044 -0.872285 0.521876
5.747156 -1.103508 -0.614376
5.747156 -0.401997 -1.093039
5.629867 -0.622481 -0.330453
5.747156 -0.128152 -0.654592
6.450889 -0.892168 -0.183731
6.333600 -0.837319 -0.087925
4.222400 2.196147 -0.287134
4.339689 1.835765 -0.823382
4.574267 0.847444 -0.632645
5.278000 -0.289485 -1.507969
5.864444 -1.338084 -0.391688
5.981733 -1.191727 -0.576198
5.981733 -0.483147 -1.539219
5.981733 -0.811622 -1.121885
6.920044 -0.470984 1.463773
6.216311 -0.917502 -0.517729
6.802755 -0.489587 1.141960
6.920044 0.216509 0.123715
6.802755 -0.297178 0.763472
3.870533 1.049299 1.273451
4.574267 0.664628 -0.017418
4.574267 1.035018 0.314901
4.574267 1.295548 -0.394264
5.160711 0.522226 -1.744871
5.278000 0.028122 -0.380297
5.160711 0.428070 -0.064246
6.920044 -0.497644 1.030934
5.864444 -1.634017 -0.438556
5.864444 -0.297302 -1.393583
6.333600 0.142699 0.221815
6.920044 -0.370213 0.068508
6.333600 -0.459759 -0.497673
6.920044 -0.463394 1.751147
6.920044 -0.596164 1.819364
6.920044 -0.391149 0.820539
6.920044 -0.767215 0.102331
5.747156 -0.889598 0.008971
6.450889 -1.696154 -0.591440
4.222400 1.157920 0.526514
5.160711 0.067470 -1.411851
5.160711 -0.511695 -1.607580
5.160711 -0.648645 -1.576782
5.278000 -0.579342 -1.094280
5.278000 -0.005891 -1.097636
5.278000 -0.195872 -1.073087
6.099022 -1.457956 -0.821090
5.981733 -1.205172 -0.693141
5.747156 -0.327491 -0.003138
4.691556 1.505007 -0.985825
5.160711 0.238893 -1.289979
5.278000 -0.254059 -1.757265
5.395289 -0.014303 0.062645
5.160711 0.281348 0.851077
5.278000 0.319735 -0.678350
5.278000 0.080482 -0.855194
5.160711 -0.105574 -1.122985
5.278000 -0.554617 -0.929393
5.864444 -1.040329 -0.447333
5.512578 -0.328359 -1.562792
4.926133 0.640323 -0.367840
5.043422 1.361340 -0.384283
6.802755 -0.738638 0.268831
5.160711 0.160400 -0.450084
5.160711 -0.003674 -0.253278
7.037333 -0.475093 0.917823
3.987822 0.639692 1.696713
3.987822 1.210742 0.649162
4.105111 0.950883 0.164991
4.222400 1.076580 -0.158051
5.160711 -0.036217 -1.324864
6.333600 -0.704760 0.266885
6.450889 -0.506897 0.719388
6.450889 -0.767173 0.911784
6.450889 -0.964025 0.331278
6.568178 -0.993319 0.906413
6.920044 -0.129218 0.209598
6.920044 -0.548463 0.685286
6.920044 -0.794921 0.775365
6.802755 -0.586070 0.812092
6.802755 -0.774435 0.299155
6.568178 -0.886689 0.297465
5.864444 -0.426083 -0.692715
5.278000 0.214470 -0.974711
5.864444 -0.990395 -1.181590
5.981733 -0.640763 -0.435235
5.864444 -0.833308 -0.241427
5.278000 -0.800829 -0.839483
5.278000 -0.244717 -1.742347
5.278000 0.208458 -1.115400
5.160711 -0.322386 -1.810413
5.160711 1.009545 -1.698077
5.395289 0.556595 -1.334340
6.333600 -0.319243 0.273337
6.920044 -0.322097 1.330997
6.920044 -0.157786 0.882441
6.802755 -1.165763 0.414566
6.685467 -0.928537 0.512573
6.568178 -1.043148 0.542787
6.568178 -0.982214 0.494762
6.568178 -1.426492 0.752643
4.574267 0.431585 -0.570982
4.691556 0.430211 -0.757194
6.920044 -1.386320 1.006603
6.920044 -1.159645 0.910090
6.685467 -0.688751 0.469610
6.333600 0.121823 0.708930
5.160711 0.055711 -0.919470
5.278000 -0.177624 -1.260573
5.278000 -0.852624 -1.193546
5.864444 -0.719389 -1.210079
5.278000 -0.399193 -1.511911
5.278000 0.247585 -1.080717
5.160711 0.191239 -1.234463
4.574267 0.326724 0.313163
4.222400 0.682954 1.091837
5.160711 0.709339 -1.220108
5.160711 0.959144 -1.167290
6.920044 -0.611622 0.441363
4.574267 1.015574 0.334919
4.574267 1.050762 -0.343213
6.920044 -0.349321 0.717678
6.920044 -1.167774 1.411643
6.920044 -0.914804 1.368534
5.747156 -0.109375 -0.673667
6.450889 -0.738712 0.427577
6.568178 -0.411054 0.791076
6.450889 -1.061877 0.887778
5.278000 0.078663 -1.321495
5.278000 0.524134 -0.853940
5.160711 0.348334 -0.160935
5.864444 -1.651137 -0.441581
4.926133 0.435675 -0.718664
6.450889 -0.908452 1.384516
5.278000 -0.229268 -1.107831
5.278000 0.334005 -1.390817
5.278000 0.337918 -1.790918
5.278000 -0.130072 -0.047103
5.278000 -0.161823 -0.312026
5.160711 -0.183738 0.300148
5.160711 0.119463 0.280530
5.160711 0.523504 -0.122305
6.920044 -0.535214 1.728828
6.920044 -0.192755 1.794361
4.105111 0.749246 0.931213
4.222400 0.370773 0.501217
4.456978 1.472369 -0.158690
4.222400 0.865752 -0.640737
5.278000 0.458762 -1.369979
4.574267 0.818135 -0.644413
4.574267 0.528427 -0.074725
4.574267 0.526956 -0.057858
4.574267 0.869675 -0.389442
4.574267 0.905504 -1.409455
4.691556 1.245148 -1.386733
5.160711 0.743143 -1.517477
5.160711 1.181258 -1.498391
5.160711 0.814488 -2.055058
5.278000 0.851448 -1.004100
5.278000 0.601663 -0.789341
5.278000 0.259527 -1.047782
5.278000 0.343133 -1.023704
5.160711 0.648568 -1.716786
5.160711 0.537826 -1.093847
4.574267 1.228055 -0.302745
5.160711 0.289541 -1.030951
7.037333 0.136905 1.573467
5.747156 -0.896300 0.028938
6.333600 -1.178779 0.659319
6.685467 -1.215281 0.813763
6.333600 -0.806787 0.529267
5.395289 0.459721 -1.072300
5.395289 -0.322095 -0.676377
5.395289 -0.424885 -0.772193
4.339689 1.532760 -0.298576
5.160711 0.640780 -1.281040
5.160711 0.787853 -1.162144
4.808844 1.861642 -1.774046
4.574267 2.387913 -0.903036
5.160711 -0.191649 0.006448
5.864444 -0.849757 -1.237885
3.401378 2.163627 1.316825
4.222400 2.216950 -0.684516
4.222400 2.699709 -0.331642
4.574267 1.250077 -0.331776
6.920044 -0.108467 0.998544
6.920044 -1.196955 1.690791
5.395289 -0.182886 -2.074045
6.568178 -0.537055 1.226344
6.685467 -0.780225 0.464232
5.395289 -0.045470 0.063461
5.278000 0.939211 -0.681614
5.160711 -0.002450 -0.257482
5.160711 -0.188655 -0.323891
5.864444 0.463756 -0.383101
5.160711 1.018970 -0.641667
5.395289 0.560530 -1.330904
4.574267 0.586347 -1.038356
4.574267 0.872175 -0.365384
5.160711 1.003347 -0.828042
6.450889 -0.780143 0.369697
5.395289 -0.204896 -0.654294
5.864444 -1.007971 -1.207732
5.864444 -1.898072 -0.547216
5.981733 -0.482660 -1.533893
6.216311 -0.580542 -0.633449
6.333600 -0.747902 -0.338571
6.568178 -0.306923 0.916079
6.568178 -0.034998 0.852137
6.568178 -0.205171 0.380714
6.568178 -1.009486 0.326573
6.568178 -1.493213 0.147456
6.568178 -1.666320 0.435265
6.568178 -1.482740 0.174314
6.568178 -0.961981 0.475919
6.568178 -1.155284 0.109006
6.920044 -0.406595 0.896590
7.037333 -0.648866 0.669748
6.920044 -0.256943 0.910115
6.333600 0.117043 0.739560
5.278000 0.273244 -1.209757
5.278000 0.341090 -0.512588
5.160711 -0.105415 -1.166776
5.160711 0.005768 -1.380076
5.160711 0.369865 -1.222468
5.160711 0.613765 -1.277950
5.160711 0.372140 -1.040128
4.339689 1.941682 -0.920696
4.339689 2.191934 -0.660847
4.339689 2.215488 -0.650020
4.574267 1.146402 -0.275056
5.160711 0.559688 -0.925140
5.160711 0.534962 -0.592321
5.278000 0.850542 -0.826985
5.278000 0.282883 -1.250292
6.450889 -0.641031 1.145586
6.450889 -0.896551 -0.209887
5.395289 0.446628 -1.055073
5.278000 -0.407453 -0.620622
5.160711 1.028544 -0.617000
5.160711 0.551230 -0.567861
5.160711 0.140852 -0.411070
6.568178 -0.337601 0.910818
5.864444 -0.817221 -0.402630
6.450889 -0.221863 0.015377
6.568178 -1.164959 0.123494
6.920044 -1.045199 0.084393
6.568178 -0.910013 0.301262
6.802755 -0.895027 0.823724
6.802755 0.005012 1.405788
6.802755 -0.702858 0.875089
7.858355 0.285781 1.791249
7.858355 0.092163 1.653471
5.278000 -0.866645 -0.785333
5.278000 0.666304 -0.762779
5.160711 0.933746 -1.382980
5.160711 1.509948 -2.021762
6.450889 -1.364775 1.151449
6.685467 -1.065081 -0.146639
5.512578 -0.540345 -0.793019
6.450889 -0.612563 1.016954
6.450889 -1.228992 0.686925
6.568178 -0.946013 0.792441
5.864444 -0.276774 -0.241890
7.037333 -0.246616 0.525790
5.395289 0.059413 -0.943323
5.395289 -0.574839 -0.727766
5.395289 -0.589561 -0.719336
6.685467 -0.655257 0.743998
6.333600 -1.463828 -0.311904
6.333600 -1.523327 -0.261820
5.981733 -0.821825 -1.098465
5.864444 -0.599936 0.555677
4.339689 1.200830 0.611318
4.339689 2.047584 0.661473
4.339689 1.244832 0.065706
4.456978 0.238266 0.402937
4.339689 1.195718 0.616407
4.574267 0.610010 -1.044996
5.629867 0.159796 -0.889390
5.747156 -0.136683 -0.836498
6.920044 -0.546232 0.400990
6.685467 -0.780050 0.491039
5.160711 0.090878 -0.430534
5.160711 0.970704 -0.763739
5.278000 0.860690 -1.141017
5.395289 0.381787 -1.286048
5.864444 -0.125466 -0.019916
5.747156 -0.389107 -0.678053
5.278000 0.852098 -1.796795
5.160711 0.706642 -1.237421
5.278000 0.368946 -1.792439
5.278000 -0.391107 -0.601078
5.278000 -0.843845 -0.807263
5.395289 -0.133546 -1.318630
6.450889 -0.681656 -0.178074
6.450889 -0.216260 0.037940
5.160711 0.283220 1.574837
4.339689 1.830398 -0.055528
4.339689 0.771363 -0.312629
4.339689 1.535604 -0.322119
4.574267 1.826131 -0.147615
5.395289 -0.272444 -0.464129
5.512578 -0.986673 -0.827381
6.920044 -0.577330 0.965544
5.864444 -0.356218 -0.171608
5.864444 0.184734 -0.965690
5.864444 0.309437 -0.680559
5.864444 0.448879 -0.371764
4.222400 0.340071 0.230426
4.222400 1.112460 0.115767
4.222400 1.098330 0.141741
4.222400 1.794742 0.236660
4.222400 1.222131 0.296766
3.987822 0.508156 1.498351
4.105111 1.360861 0.054596
4.574267 1.065567 -0.325649
4.222400 0.968797 0.739402
4.105111 1.832503 0.943096
4.105111 0.973860 0.172010
4.222400 1.138062 0.731669
4.222400 1.932943 0.292932
4.222400 1.910278 0.351442
4.222400 1.881979 0.616005
4.222400 0.936976 -0.640493
4.222400 0.628832 -0.673710
5.160711 0.311634 -1.646041
5.512578 -0.219029 -1.392999
5.278000 0.846867 -0.850539
5.278000 0.023647 -1.414724
5.278000 -0.394472 -1.463620
5.629867 -0.353230 -0.233195
5.512578 -0.289544 -0.367718
5.160711 0.701570 -0.552209
5.512578 -0.008717 -1.446415
6.333600 -0.376553 -0.483882
6.802755 -0.325381 0.759841
5.747156 -0.869819 0.001168
6.802755 -0.819224 1.677042
6.802755 -0.722658 0.873194
6.920044 -0.803611 1.074676
6.568178 -1.035450 0.504065
6.450889 -1.295081 0.454834
6.450889 -1.115364 -0.078717
6.450889 -0.620387 -0.390970
5.981733 -0.224172 -0.044805
6.333600 0.113292 0.210787
6.216311 -0.579564 -0.521892
6.568178 -1.670380 0.444140
6.450889 -1.699124 -0.590004
6.450889 -0.793418 0.899748
6.450889 -0.213875 0.341380
6.920044 -1.650784 0.480472
6.802755 -0.667933 0.777341
6.802755 -0.667572 0.748856
6.450889 -0.711303 0.092458
6.450889 -1.963372 0.369880
5.278000 -1.020071 -0.727275
5.160711 0.133110 -1.638197
5.160711 0.232004 -1.318933
3.987822 1.408601 1.664524
3.987822 0.954900 1.377469
3.987822 0.955366 1.385673
5.160711 -0.585303 -0.787171
5.160711 0.448101 0.712293
5.160711 0.256740 -1.090766
5.160711 0.079767 -0.922346
5.160711 0.578030 -0.918551
5.278000 0.189674 -1.032136
6.568178 -1.377062 -0.255428
5.278000 -0.143874 -1.087869
5.160711 0.071440 -1.415535
5.512578 -0.924808 -0.312014
5.512578 -0.953717 -0.299056
5.629867 -0.795562 -1.420552
5.278000 -0.149520 -1.486056
5.278000 -0.197556 -1.016840
5.278000 0.129482 -0.785721
5.512578 -0.989878 -1.429369
7.037333 0.077907 2.466351
6.802755 -0.071751 0.241123
6.685467 -0.504310 1.454746
6.216311 -2.136676 -0.184183
6.216311 -1.869295 -0.612148
5.278000 -0.197254 -1.023144
5.278000 0.296303 -0.439290
5.278000 0.327118 -0.535924
6.568178 -0.359676 -0.099435
6.450889 -0.304279 1.330545
6.450889 -0.056069 1.544773
6.450889 -0.269454 0.184316
5.512578 -0.949468 -0.119700
5.160711 0.644347 -0.135573
4.926133 0.659313 -0.662626
6.802755 0.503532 1.110462
6.685467 -0.621539 1.219152
6.920044 -0.862036 1.031287
6.920044 -0.925788 1.396392
6.920044 -1.651591 0.509932
7.037333 -0.224405 1.258600
6.920044 -0.543957 1.744045
6.920044 0.005950 0.564402
6.568178 -0.338782 -0.097720
5.160711 -0.534119 -0.784956
5.512578 -0.202242 -1.372402
6.568178 -0.996710 0.936172
6.920044 -1.367586 1.011063
6.920044 -1.246799 0.416027
6.216311 -0.462463 -0.515946
5.864444 -0.219952 -0.473870
5.160711 0.213230 -1.249859
5.160711 0.522298 -1.081540
6.802755 -0.769785 0.481068
6.920044 -0.617274 0.789529
6.920044 -0.998715 0.608936
6.450889 -1.571799 -0.317513
6.216311 -0.737498 -1.079660
6.333600 -0.772002 0.041134
6.920044 -0.767319 -0.348601
6.920044 -0.781428 -0.356594
7.037333 -0.777033 1.213316
6.920044 -0.251382 0.843634
6.920044 -0.455883 0.904877
6.802755 0.224628 1.493172
6.920044 0.618405 0.147446
6.920044 -0.992971 0.604033
6.920044 -1.167942 0.881840
6.920044 -1.169414 1.385085
6.450889 -1.499968 0.023003
5.981733 -0.204633 -1.438781
5.747156 -1.205308 -0.350455
5.512578 -0.505832 -0.767744
5.278000 -0.111104 -1.630885
5.160711 0.535597 -1.717896
5.160711 0.874960 -1.826007
5.278000 -0.335097 -0.858566
5.512578 0.065514 -0.630683
5.981733 -1.225199 -0.676361
5.512578 0.390315 -1.579771
5.512578 -0.208178 -0.957383
5.512578 -0.558165 -0.463140
5.512578 -0.214609 -0.168514
4.808844 0.696150 -0.685476
5.160711 0.774134 -0.742366
5.160711 0.573452 -0.326397
5.160711 0.152122 -0.426959
5.278000 -0.171676 -1.182568
5.278000 -0.322516 -0.833453
6.450889 -0.226929 0.368847
6.450889 -1.348918 0.933396
6.450889 -1.176283 -0.224817
6.568178 -1.012223 0.097761
6.450889 -0.581768 -0.081295
5.278000 -0.145247 -0.281500
5.512578 -0.908410 -0.880184
6.333600 -1.935891 0.413227
6.450889 -1.990719 0.365254
6.450889 -0.982629 0.260732
6.450889 -1.562543 1.166251
6.450889 -1.177001 -0.243207
5.160711 -0.329014 -1.822450
5.160711 1.053544 -0.988779
5.160711 0.584034 -1.912266
5.512578 0.307131 -1.191755
5.512578 0.397162 -0.615775
4.808844 0.664767 0.286078
4.691556 0.683598 -0.974232
5.864444 -1.225132 -0.957212
6.920044 -0.353056 0.168385
6.920044 -0.659288 0.611294
6.920044 -0.790759 1.252048
4.574267 1.376418 -0.940266
5.395289 -0.180514 -0.653703
5.629867 0.163692 -0.864244
6.450889 -0.647176 1.134719
7.037333 -0.086319 0.150286
6.568178 -0.404717 0.459513
4.105111 1.291276 -0.445095
4.222400 0.666588 0.476191
4.222400 0.490557 0.786536
4.222400 0.370753 0.515281
4.222400 0.977303 0.720603
4.222400 1.480354 0.704266
4.222400 1.138868 0.686226
5.160711 0.129199 0.279537
5.278000 0.601175 -0.427436
6.568178 -0.529967 1.216992
6.920044 -0.930772 1.258847
7.037333 -0.569157 0.737943
6.920044 -0.911690 0.417862
5.864444 -1.015341 -0.296550
5.981733 -1.185519 -0.585180
5.981733 -1.167355 -0.598816
5.278000 -0.109186 -1.097279
5.512578 -0.831539 -0.720408
5.395289 -0.358868 -1.681630
5.395289 -0.177615 -2.058830
5.629867 -0.162775 -0.697647
5.512578 -0.753740 -0.882628
4.808844 1.344547 -0.087928
4.222400 0.414095 0.645123
4.222400 1.072186 0.318051
4.222400 1.095865 0.175813
4.222400 2.483323 0.344681
4.222400 2.716225 -0.351556
4.222400 2.195493 -0.663797
5.747156 -0.503195 -0.524383
5.747156 -0.116028 -0.836378
5.160711 0.372868 -0.781345
6.568178 -1.010498 0.250580
6.568178 -0.815356 0.024454
6.450889 0.076620 0.902237
6.568178 -0.026685 0.860805
6.450889 0.101178 0.883878
6.450889 0.029792 -0.039124
6.450889 -0.435357 1.006446
6.568178 -0.434458 0.084737
6.685467 -0.792440 0.388521
5.160711 0.537577 0.404704
5.747156 -0.446417 -0.849590
5.747156 -0.777126 -0.705193
5.629867 -0.347724 -0.240037
5.864444 -1.363679 -0.166073
5.278000 -0.025852 -1.118393
5.278000 -0.140827 -1.461674
5.160711 0.800889 -1.330682
5.864444 0.192834 -0.363111
5.629867 -0.353775 -0.348952
5.864444 -0.863534 -0.567151
5.747156 -0.669206 -0.310404
5.864444 -0.586157 -0.505388
6.333600 -1.010806 -0.592337
6.450889 -0.976419 0.269482
6.920044 -0.277073 0.956958
6.920044 -0.584172 0.976982
6.920044 -0.843909 1.030324
6.920044 0.594901 0.156313
6.920044 -0.358994 0.289377
6.920044 -0.450474 0.670899
6.920044 -0.884295 1.235089
6.920044 -0.932210 0.869537
6.685467 -1.068957 -0.149015
6.216311 -0.671151 -0.725954
5.864444 -1.602585 -0.399484
5.864444 -1.224217 -0.538295
5.864444 -0.271329 -0.677706
4.926133 -0.132228 -0.031683
6.920044 -0.565802 0.381970
7.858355 0.076758 1.663242
6.333600 -0.172562 0.318472
6.333600 -1.015867 -0.569932
6.216311 -1.290411 -0.462452
5.864444 -1.902287 -0.521064
5.864444 -0.957748 -0.691138
5.864444 -0.264456 -0.677061
5.864444 -0.844469 -0.232133
5.864444 -0.702221 -0.223597
5.160711 0.869156 -0.462339
5.278000 0.595850 -1.592013
5.512578 -0.965495 -0.813438
5.278000 0.077462 -0.873711
4.339689 2.188051 0.067104
4.691556 1.503490 -0.684077
4.691556 1.150773 -1.171853
4.574267 0.547367 -0.739309
4.574267 -0.186702 0.255480
5.160711 0.381394 -0.639607
5.160711 -0.556580 -0.769086
5.160711 -0.572482 -0.804453
5.278000 0.966326 -0.694112
5.160711 0.011517 -0.909040
5.278000 -0.466099 -0.566138
5.512578 -1.016463 -0.281262
6.920044 -0.351879 0.318022
6.920044 -0.407003 0.543643
4.105111 0.901079 1.285251
3.987822 1.190932 0.948366
3.987822 1.657463 1.393730
5.160711 -0.194059 0.295519
7.037333 -0.817269 0.448559
7.037333 -0.580305 0.574508
5.278000 -1.079188 -0.684294
5.278000 -1.068947 -0.662529
5.160711 0.065551 -1.560825
5.160711 0.432444 -1.314446
5.278000 -0.109995 -1.239104
6.568178 -1.190451 1.556939
6.216311 -1.193303 0.156375
6.099022 -0.880699 0.018132
6.099022 -0.562361 -0.499941
6.333600 -0.357656 0.154088
5.864444 -1.218637 -0.891926
3.987822 0.944851 1.213763
4.222400 1.754284 0.034093
4.339689 1.596766 -0.001802
4.456978 0.815497 -0.884512
4.691556 1.499750 -1.016241
4.808844 1.113672 -1.322623
5.160711 0.507000 0.408787
5.864444 -0.828081 -0.521198
5.512578 0.073586 -0.631241
6.216311 -0.968561 -0.484203
5.864444 -0.754787 -0.200692
5.512578 -0.151289 -0.681438
5.512578 -0.736714 -0.904182
5.160711 -0.052284 -0.205957
4.339689 0.939475 0.488272
4.339689 0.625136 0.207482
5.160711 0.981630 -1.686884
6.802755 -0.749902 0.849903
5.864444 -0.184556 -0.550656
5.747156 -0.426076 -0.059247
5.747156 -0.418208 -0.087661
5.864444 -0.179790 -0.034422
5.278000 0.443117 -0.701312
5.278000 -0.307952 -1.663072
5.278000 -0.391212 -1.500599
5.278000 0.199422 -0.967963
5.278000 0.542147 -0.620293
4.339689 2.049227 0.363369
4.339689 2.057939 0.633693
4.339689 1.977202 -0.946956
5.160711 0.120534 -0.769422
6.333600 0.392091 0.386666
3.987822 0.640759 1.683692
6.450889 -0.430540 0.579628
6.568178 -1.026996 0.351015
5.747156 -1.203033 0.424085
5.981733 -1.047598 0.154736
6.216311 -0.943450 -0.502148
6.216311 -2.144177 -0.212660
6.920044 -0.263677 0.706822
6.920044 -0.826399 1.033955
6.920044 -0.260072 0.970765
6.920044 -0.596117 0.797564
6.920044 -1.296078 0.692502
6.920044 -0.750696 2.579769
3.401378 2.188451 1.300338
5.981733 -0.602538 -0.724494
6.920044 -0.868623 1.255988
6.685467 -0.362886 0.309983
5.981733 -1.057980 0.181100
6.802755 -0.714726 0.259647
6.920044 -0.377836 0.165205
6.450889 -0.726674 0.403942
6.333600 -1.504585 -0.322105
5.747156 0.151679 0.149204
5.278000 0.023421 -1.097580
5.278000 0.271612 -0.419435
5.395289 -0.342006 -1.688784
6.216311 -1.273320 -0.439566
5.160711 0.573685 -1.006473
5.160711 -0.169090 -1.724481
5.278000 -1.070932 -1.289153
5.395289 -0.880102 -0.431709
5.629867 -0.597453 -1.008421
5.864444 -1.339703 -0.382309
6.920044 -0.082789 1.003678
6.802755 -0.746149 0.476720
4.574267 0.927406 -1.394826
5.278000 0.863957 -0.829068
5.278000 0.787442 -0.865560
5.278000 0.289821 -1.820771
5.160711 0.105190 -1.625095
5.629867 -0.788799 -1.405003
5.512578 0.401120 -0.789275
5.512578 -0.286112 -1.283530
5.747156 -0.660225 -0.942750
6.802755 -0.422295 0.765005
6.216311 -1.304648 -0.435455
5.278000 -0.833692 -0.270831
5.160711 0.123297 -0.348462
5.160711 0.697582 -1.085455
5.395289 -0.219200 -1.209154
5.278000 0.230259 -1.393288
5.278000 0.101773 -1.267077
5.278000 -0.492911 -0.596698
6.333600 -1.960069 0.406892
6.450889 -1.278395 -0.695455
5.395289 -0.159310 -0.635785
7.037333 -0.251536 0.504642
7.037333 -0.216121 0.191017
6.450889 -1.240685 0.090708
6.450889 -0.832674 -0.082112
6.450889 -1.836715 0.064533
6.802755 -0.650001 0.449512
6.920044 -0.927866 1.067800
4.105111 0.699424 1.609112
4.222400 1.938899 -0.091703
4.339689 1.598587 0.014165
4.574267 0.343359 0.304103
5.278000 -0.255233 -2.418934
5.278000 -0.268209 -2.418266
4.574267 0.451409 -0.568647
4.574267 1.277748 -0.376126
4.926133 0.468385 0.054256
5.278000 -0.075554 -0.941912
4.926133 0.456801 0.063818
4.222400 0.673016 0.226118
6.920044 -0.365160 0.657740
6.920044 -0.754626 0.798571
6.333600 -0.166508 0.627784
6.333600 -0.735715 0.165935
5.278000 -0.206730 -0.939386
5.278000 -0.142958 -1.030340
5.278000 -0.257846 -1.346088
5.278000 0.123360 -1.398205
4.222400 0.948387 0.008204
4.222400 1.117226 0.164538
3.987822 2.132326 1.934972
4.222400 1.940081 0.297526
4.222400 1.491045 0.677111
4.574267 1.986281 -1.519597
5.395289 0.838391 -0.720155
6.450889 -0.083996 1.540339
4.574267 1.392657 -0.947157
4.222400 2.754986 -0.380762
4.222400 2.377401 -0.432421
3.987822 2.155565 1.935547
3.987822 1.648948 1.023164
4.105111 1.846452 0.570828
4.105111 2.498930 0.475956
4.105111 2.022488 -0.011868
