inf
9.545982745546265358e-01
8.371476096839499670e-01
7.518934555588325797e-01
7.424487335430333124e-01
7.117225152002875088e-01
6.897968928470435968e-01
6.536105352120271661e-01
5.670445440111593349e-01
5.385304922737943478e-01
5.336451664611840950e-01
5.305806255266469762e-01
5.231649638917864609e-01
4.758100456107261511e-01
4.629444823688477206e-01
4.575805419051211520e-01
4.448355799099236174e-01
4.078391808969237808e-01
4.046703669853445318e-01
4.034470100301326689e-01
4.023874296585342458e-01
3.991824994766771106e-01
3.811026422347332243e-01
3.806712603858627975e-01
3.781902458420771107e-01
3.761929177290710413e-01
3.714020667310521384e-01
3.684411145053574921e-01
3.631228903618317627e-01
3.631219638379087900e-01
3.620006616447238867e-01
3.596233442252543266e-01
3.577918671725774935e-01
3.559188290088629025e-01
3.528591607870289470e-01
3.490597608736553115e-01
3.439552962647196011e-01
3.378609891801794274e-01
3.374384577206999136e-01
3.357182139481801886e-01
3.355489597858791195e-01
3.354706949476662925e-01
3.342310615264178497e-01
3.279042758318300166e-01
3.258242840292545628e-01
3.234237841572890626e-01
3.154666695175043500e-01
3.149493640984490916e-01
3.138798863574572828e-01
3.128981613834670994e-01
3.102584167758883904e-01
3.091678609412745748e-01
3.091280665573261643e-01
3.081374474936027785e-01
3.054407792896852158e-01
3.052194495995880219e-01
3.010874719160964164e-01
2.998592105171083988e-01
2.984529639501836695e-01
2.981260399837940556e-01
2.971114913782277323e-01
2.956492799969455132e-01
2.955024765931525410e-01
2.952437370402342109e-01
2.926200493859071883e-01
2.906460143962689147e-01
2.904043611291282079e-01
2.865461353092347285e-01
2.844800895928899509e-01
2.793422296266374061e-01
2.787533399485995211e-01
2.757222585001842252e-01
2.749984218273603953e-01
2.715039649834250501e-01
2.713976443076805967e-01
2.712037153450873039e-01
2.706475133995140947e-01
2.690335298995756852e-01
2.671455408864072956e-01
2.662432712132272727e-01
2.653306783202583063e-01
2.646151116491537447e-01
2.639690084015403060e-01
2.633622155604634085e-01
2.632488679840060408e-01
2.630763569445429551e-01
2.611811836563614486e-01
2.605826943147549479e-01
2.604203399481399561e-01
2.569788697047410975e-01
2.566167185937305861e-01
2.564388060671122793e-01
2.561313184442081670e-01
2.553571801591469348e-01
2.551521585459398667e-01
2.532858444714105040e-01
2.520359350146524902e-01
2.513786386603787948e-01
2.512379821408553537e-01
2.510069554429271710e-01
2.508414310370500888e-01
2.499713151478029360e-01
2.492445125742649981e-01
2.463902503327773663e-01
2.462294037560904536e-01
2.457106264520452221e-01
2.454550674755937578e-01
2.452779724669024164e-01
2.452364358130141586e-01
2.451049627579208190e-01
2.445825399940932954e-01
2.441348801447071892e-01
2.437354861580930954e-01
2.436123539639139524e-01
2.433357612114197543e-01
2.431355054031305030e-01
2.426253002469612452e-01
2.421682160826710561e-01
2.420407454640971512e-01
2.420257476963118548e-01
2.412426482111855175e-01
2.408518123686484713e-01
2.403935491782417389e-01
2.402144739276007857e-01
2.401294951233420572e-01
2.400752359594783558e-01
2.383771285711255294e-01
2.355104943899606895e-01
2.348777403248228368e-01
2.342899661353792240e-01
2.333519687588857805e-01
2.317941480480740224e-01
2.305806084407801548e-01
2.305209517386804796e-01
2.298368454617228385e-01
2.292055236668185392e-01
2.287152920007352319e-01
2.276195817794221254e-01
2.275651338684528124e-01
2.271178079213828083e-01
2.267893438844626464e-01
2.263314999780645653e-01
2.258316077826998391e-01
2.252640689877455082e-01
2.251976512488524373e-01
2.240628477199184398e-01
2.232657900171438059e-01
2.225911272309440692e-01
2.219622730428002511e-01
2.215766472157384981e-01
2.214881438590849683e-01
2.213936632694705198e-01
2.212114103900494622e-01
2.208417789767409267e-01
2.208401319238914029e-01
2.196911120224539216e-01
2.193662598461426361e-01
2.186240968350875169e-01
2.184291747236449255e-01
2.169247948880795862e-01
2.162028128430238949e-01
2.160019655679180361e-01
2.157945100744160793e-01
2.147250100680811458e-01
2.128106736129752041e-01
2.122059135781860784e-01
2.110757183785142710e-01
2.108766134370788914e-01
2.101183075115293231e-01
2.099867259226071980e-01
2.099843050969494029e-01
2.095935781921996754e-01
2.095565655917444592e-01
2.089380462841788910e-01
2.078163129543933174e-01
2.069025594876389984e-01
2.056520135660288573e-01
2.048853774478719969e-01
2.031257794959989427e-01
2.029279551111188296e-01
2.026813734378440091e-01
2.022700711432901810e-01
2.001286331579231470e-01
1.993688065552871036e-01
1.985220734203727300e-01
1.976371263259775746e-01
1.974324371957317803e-01
1.970740190106188283e-01
1.964599603605181322e-01
1.961476450089722490e-01
1.961351674790053623e-01
1.959479072774339414e-01
1.959048867815980921e-01
1.950580234760129206e-01
1.945887383017866068e-01
1.945239240633325206e-01
1.945155378561423676e-01
1.942420292336805576e-01
1.936937250553609213e-01
1.936745220526517874e-01
1.935621964639522574e-01
1.919211473052384598e-01
1.910092223677181400e-01
1.906264096807117614e-01
1.905701121209167903e-01
1.896220473614011193e-01
1.892182505256972125e-01
1.890734296676603587e-01
1.879669333260274022e-01
1.874910054003767756e-01
1.871999986391038040e-01
1.871049380100848480e-01
1.870110235220260042e-01
1.868879065232246228e-01
1.867637094541950982e-01
1.863854277325917019e-01
1.858737457980802754e-01
1.848679991275335721e-01
1.841651056439755629e-01
1.839907641913001990e-01
1.825764253628577860e-01
1.821058030184883325e-01
1.820401957586929298e-01
1.814843241558747322e-01
1.811293812037973461e-01
1.806079027694548755e-01
1.805461730114775176e-01
1.802923715574452079e-01
1.797160881079150896e-01
1.792970286626654475e-01
1.782390379884519482e-01
1.780793111584858535e-01
1.775233427883895765e-01
1.769036835351295300e-01
1.768850828093526950e-01
1.763519470079233098e-01
1.762256957532128132e-01
1.761560565408535617e-01
1.761053130677149303e-01
1.760612285878057348e-01
1.760362223840226392e-01
1.759565949545487396e-01
1.758464249936464163e-01
1.736919016851387887e-01
1.730138560049755969e-01
1.726666613156373209e-01
1.725204879399434010e-01
1.723215642160703664e-01
1.721728680798133293e-01
1.716931389365370930e-01
1.713197051268478266e-01
1.711925643105979000e-01
1.710342653775186461e-01
1.706481692602611067e-01
1.706193133246285965e-01
1.704597507002126866e-01
1.704445920441015339e-01
1.703042662001077734e-01
1.698285913052935137e-01
1.697877672797761250e-01
1.697575169736884881e-01
1.690187748435179604e-01
1.690139208876705879e-01
1.689394982279067980e-01
1.687862773094187530e-01
1.687766784072375625e-01
1.685451625149751997e-01
1.685117044723105917e-01
1.679960922123191480e-01
1.676485276669194002e-01
1.674719705643549217e-01
1.674172611783157072e-01
1.667216970346060978e-01
1.665937044675756262e-01
1.663988725445510186e-01
1.662397829640291647e-01
1.660779730421716727e-01
1.660258620298505627e-01
1.657343089599385144e-01
1.656535982504861448e-01
1.656452764473456685e-01
1.654042297312911802e-01
1.651502691634931241e-01
1.649688596724357692e-01
1.646952486772263746e-01
1.644530272144536509e-01
1.641675527699462400e-01
1.640002759269337251e-01
1.639696735657127091e-01
1.638293096044203534e-01
1.638221714620844427e-01
1.637226765642144366e-01
1.635121800152094795e-01
1.634844962145613478e-01
1.633739521534642580e-01
1.633474206197193246e-01
1.633330750767626183e-01
1.627462159137565700e-01
1.626872701410962407e-01
1.622566692986383841e-01
1.620520737080343165e-01
1.620029870328382193e-01
1.619772992389047206e-01
1.618023702659290297e-01
1.617574798215560272e-01
1.616770677810967782e-01
1.613397998337692263e-01
1.613239457932693077e-01
1.609972113940346672e-01
1.607605392352128015e-01
1.607016622650341287e-01
1.605795954371317946e-01
1.605456567745916219e-01
1.602933771939368535e-01
1.602580537530330085e-01
1.601257234571849264e-01
1.598568605021599420e-01
1.597980548004044044e-01
1.597799571539278984e-01
1.597600481184795751e-01
1.591318083058403665e-01
1.588696221114646867e-01
1.585693338983004963e-01
1.581907126920792384e-01
1.581088943234933430e-01
1.580780453767878235e-01
1.574137992196313618e-01
1.571559840364162020e-01
1.571286405432443800e-01
1.570823182258255790e-01
1.569921321929873825e-01
1.566269131058145303e-01
1.565788611982247835e-01
1.562352119046930554e-01
1.562052251010962178e-01
1.561632213838959893e-01
1.560885995873644849e-01
1.558307319971356797e-01
1.556499606719723705e-01
1.551411921971411478e-01
1.550741885783034624e-01
1.549895543055886671e-01
1.546551961912688844e-01
1.544517594484916267e-01
1.542469053794567890e-01
1.541295783255051399e-01
1.538307535998500175e-01
1.537629861250177643e-01
1.533770147176786725e-01
1.533524836565439420e-01
1.532017646774799235e-01
1.531515419957449886e-01
1.529422825846063760e-01
1.528287015953107009e-01
1.527876709753536733e-01
1.527783295689480181e-01
1.524290013164398550e-01
1.523529431638463716e-01
1.519724647135342888e-01
1.519482660570378452e-01
1.518225390905043326e-01
1.517123212141189836e-01
1.516994450304446906e-01
1.515322712954937923e-01
1.514520433467931027e-01
1.514390453364638234e-01
1.511529472070016200e-01
1.506979091791127712e-01
1.505742993021960130e-01
1.502938542494038354e-01
1.500215934080469382e-01
1.500130091268785659e-01
0.000000000000000000e+00
