3 2522
0.798739 0.246710 0.307696
0.733171 0.327276 0.228509
0.713651 0.349211 0.211578
0.692781 0.370604 0.194383
0.670895 0.391356 0.176129
0.648317 0.411763 0.156495
0.625218 0.432332 0.135688
0.601555 0.453546 0.114299
0.577101 0.475679 0.093035
0.551540 0.498715 0.072453
0.524571 0.522393 0.052799
0.495990 0.546329 0.033987
0.465724 0.570166 0.015706
0.433800 0.593677 -0.002405
0.400288 0.616812 -0.020584
0.365231 0.639653 -0.038849
0.328600 0.662333 -0.056985
0.290281 0.684943 -0.074614
0.250084 0.707460 -0.091297
0.207789 0.729727 -0.106640
0.163177 0.751466 -0.120351
0.116062 0.772325 -0.132253
0.066302 0.791929 -0.142236
0.013789 0.809912 -0.150194
-0.041570 0.825925 -0.155961
-0.099871 0.839616 -0.159261
-0.161230 0.850596 -0.159701
-0.225780 0.858389 -0.156777
-0.293668 0.862398 -0.149915
-0.365033 0.861872 -0.138501
-0.439986 0.855891 -0.121920
-0.518582 0.843353 -0.099579
-0.600800 0.822966 -0.070923
-0.686507 0.793229 -0.035459
-0.775430 0.752415 0.007210
-0.867110 0.698540 0.057319
-0.960833 0.629331 0.114831
-1.055543 0.542196 0.179264
-1.149722 0.434224 0.249421
-1.241210 0.302207 0.323006
-1.326985 0.142747 0.396055
-1.402844 -0.047514 0.462144
-1.462998 -0.271441 0.511273
-1.499540 -0.530566 0.528388
-1.501794 -0.823580 0.491559
-1.455622 -1.143698 0.370155
-1.342940 -1.474222 0.124182
-1.142273 -1.781473 -0.292033
-0.832355 -2.005090 -0.914558
-0.403018 -2.049734 -1.730349
0.121155 -1.794029 -2.605536
0.648409 -1.149044 -3.223415
0.359294 1.710160 0.018918
-0.066271 1.438880 0.528503
-0.335912 0.963627 0.459231
-0.419472 0.526419 0.012314
-0.358412 0.277790 -0.579500
-0.222658 0.271614 -1.114044
-0.086694 0.485136 -1.426352
-0.015883 0.833945 -1.411208
-0.050800 1.193538 -1.068950
-0.193272 1.441453 -0.522152
-0.407429 1.505208 0.040511
-0.639271 1.384505 0.460321
-0.841976 1.135234 0.669275
-0.991065 0.832550 0.684865
-1.084424 0.539162 0.568012
-1.133451 0.291945 0.383908
-1.153650 0.103841 0.182192
-1.158820 -0.027854 -0.006922
-1.158884 -0.113319 -0.168919
-1.159916 -0.164629 -0.299466
-1.165074 -0.192800 -0.399660
-1.175656 -0.206730 -0.472722
-1.191943 -0.213229 -0.522073
-1.213744 -0.217556 -0.550486
-1.240646 -0.224075 -0.559991
-1.272044 -0.236811 -0.552269
-1.307011 -0.259785 -0.529302
-1.344084 -0.297086 -0.494145
-1.381015 -0.352675 -0.451696
-1.414527 -0.429942 -0.409432
-1.440107 -0.531004 -0.378078
-1.451854 -0.655735 -0.372202
-1.442422 -0.800435 -0.410653
-0.485827 0.846430 -0.107867
-1.012938 0.584657 0.146713
-1.107974 0.487171 0.216433
-1.201522 0.366547 0.290895
1.192536 -0.348954 0.929247
1.188206 -0.339538 0.922615
1.183229 -0.331023 0.915468
1.173262 -0.316459 0.897599
1.168924 -0.309376 0.887147
1.165013 -0.301666 0.876448
1.161246 -0.293069 0.866086
1.157281 -0.283683 0.856360
1.152868 -0.273859 0.847197
1.147937 -0.264018 0.838240
1.142599 -0.254455 0.829039
1.137063 -0.245241 0.819250
1.131539 -0.236222 0.808765
1.126143 -0.227123 0.797713
1.120863 -0.217673 0.786374
1.115584 -0.207724 0.775034
1.110149 -0.197284 0.763868
1.104428 -0.186492 0.752879
1.098366 -0.175535 0.741926
1.091992 -0.164561 0.730797
1.085388 -0.153623 0.719313
1.078649 -0.142668 0.707388
1.071832 -0.131575 0.695055
1.064941 -0.120215 0.682428
1.057929 -0.108500 0.669644
1.050721 -0.096415 0.656799
1.043248 -0.084006 0.643916
1.035468 -0.071352 0.630944
1.027377 -0.058523 0.617788
1.019001 -0.045552 0.604353
1.010373 -0.032423 0.590583
1.001518 -0.019084 0.576473
0.992435 -0.005471 0.562065
0.983100 0.008467 0.547421
0.973473 0.022749 0.532593
0.963510 0.037366 0.517602
0.953178 0.052291 0.502436
0.942457 0.067491 0.487054
0.931343 0.082950 0.471410
0.919837 0.098673 0.455469
0.907937 0.114681 0.439220
0.895634 0.131006 0.422675
0.882904 0.147677 0.405862
0.869715 0.164712 0.388811
0.856029 0.182113 0.371541
0.841812 0.199872 0.354056
0.827030 0.217978 0.336347
0.811658 0.236420 0.318398
0.795673 0.255197 0.300197
0.779049 0.274315 0.281740
0.761759 0.293786 0.263037
0.743765 0.313622 0.244111
0.725027 0.333829 0.224988
0.705496 0.354405 0.205695
0.685121 0.375343 0.186257
0.663852 0.396628 0.166695
0.641635 0.418244 0.147027
0.618417 0.440171 0.127276
0.594143 0.462394 0.107469
0.568754 0.484894 0.087645
0.542183 0.507649 0.067854
0.514359 0.530631 0.048155
0.485204 0.553802 0.028619
0.454632 0.577116 0.009322
0.422554 0.600512 -0.009650
0.388876 0.623919 -0.028204
0.353497 0.647253 -0.046235
0.316314 0.670415 -0.063621
0.277214 0.693290 -0.080227
0.236081 0.715745 -0.095893
0.192788 0.737622 -0.110436
0.147204 0.758733 -0.123648
0.099189 0.778858 -0.135295
0.048600 0.797736 -0.145112
-0.004713 0.815057 -0.152803
-0.060901 0.830459 -0.158038
-0.120114 0.843516 -0.160449
-0.182500 0.853725 -0.159631
-0.248198 0.860497 -0.155134
-0.317332 0.863142 -0.146471
-0.390002 0.860847 -0.133117
-0.466273 0.852656 -0.114516
-0.546156 0.837449 -0.090099
-0.629588 0.813912 -0.059307
-0.716397 0.780509 -0.021630
-0.806266 0.735449 0.023333
-0.898672 0.676657 0.075784
-0.992810 0.601744 0.135585
-1.087495 0.507993 0.202058
-1.181018 0.392367 0.273683
-1.270958 0.251562 0.347665
-1.353932 0.082148 0.419299
-1.425249 -0.119141 0.481084
-1.478468 -0.354843 0.521492
-1.504823 -0.625744 0.523361
-1.492543 -0.929058 0.462007
-1.426182 -1.255272 0.303590
-1.286355 -1.582900 0.005408
-0.177818 1.287758 0.561858
-0.383464 0.801998 0.338532
-0.316728 0.248166 -0.775621
-0.172676 0.322096 -1.251478
-0.052204 0.593450 -1.460665
-0.014249 0.960879 -1.328510
-0.087384 1.294897 -0.898151
-0.259546 1.485204 -0.324356
-0.485859 1.483198 0.203824
-0.712136 1.311006 0.554884
-0.898186 1.035423 0.693120
-1.027726 0.730157 0.655973
-1.104387 0.449774 0.509363
-1.141883 0.222350 0.314525
-1.155612 0.054520 0.114475
-1.158186 -0.059772 -0.066415
-1.158183 -0.131868 -0.217621
-1.160591 -0.173759 -0.337058
-1.167842 -0.195874 -0.426800
-1.180812 -0.206460 -0.490285
-1.199562 -0.211835 -0.530800
-1.223776 -0.216988 -0.550935
-1.252919 -0.226208 -0.552687
-1.286211 -0.243555 -0.537969
-1.322459 -0.273091 -0.509310
-1.359827 -0.318845 -0.470634
-1.395595 -0.384511 -0.428011
-1.425931 -0.472902 -0.390365
-1.445704 -0.585133 -0.370109
-1.448380 -0.719513 -0.383686
-1.426028 -0.870015 -0.451828
-1.369580 -1.024213 -0.599089
-1.269586 -1.160585 -0.851533
-1.117951 -1.245465 -1.230410
-0.911487 -1.230965 -1.738327
-1.352479 -0.091400 0.266579
-1.401844 -0.268963 0.285950
0.821290 0.219667 0.331374
0.776374 0.278592 0.273328
0.758989 0.299914 0.256571
0.740224 0.320889 0.239946
0.720371 0.341219 0.222527
0.699790 0.361046 0.203764
0.678742 0.380818 0.183638
0.657287 0.401065 0.162601
0.635275 0.422179 0.141334
0.612418 0.444279 0.120473
0.588399 0.467207 0.100388
0.562976 0.490619 0.081103
0.536029 0.514141 0.062356
0.507565 0.537499 0.043766
0.477658 0.560590 0.025006
0.446386 0.583476 0.005949
0.413766 0.606311 -0.013297
0.379727 0.629244 -0.032425
0.344114 0.652338 -0.051036
0.306725 0.675526 -0.068746
0.267345 0.698612 -0.085272
0.225787 0.721319 -0.100455
0.181909 0.743340 -0.114231
0.135605 0.764379 -0.126569
0.086794 0.784182 -0.137399
0.035391 0.802514 -0.146551
-0.018710 0.819138 -0.153740
-0.075644 0.833766 -0.158565
-0.135574 0.846021 -0.160544
-0.198676 0.855411 -0.159150
-0.265122 0.861310 -0.153847
-0.335061 0.862956 -0.144100
-0.408599 0.859450 -0.129389
-0.566619 0.832662 -0.083022
-0.650979 0.806809 -0.050359
-0.738651 0.770606 -0.010758
-0.829256 0.722216 0.036125
-0.922205 0.659512 0.090426
-1.016606 0.580048 0.151911
-1.111163 0.481038 0.219744
-1.204013 0.359381 0.292153
-1.292529 0.211724 0.365947
-1.373039 0.034643 0.435826
-1.440467 -0.175017 0.493411
-1.487852 -0.419475 0.525931
-1.505745 -0.698838 0.514521
-1.481518 -1.008993 0.432326
-1.398740 -1.338020 0.243132
-1.237148 -1.660293 -0.097341
-0.974624 -1.927736 -0.632180
-0.594397 -2.059937 -1.375519
0.439267 -1.462714 -3.026892
0.095317 1.591644 0.395086
-0.248122 1.168015 0.547467
-0.139324 0.374438 -1.332371
-0.034916 0.680661 -1.459851
-0.545569 1.454075 0.310506
-0.764774 1.249167 0.609169
-0.937537 0.959685 0.699380
-1.202326 -0.220366 -0.547133
-1.226093 -0.224328 -0.567155
1.337856 -0.701145 1.328972
1.336986 -0.685033 1.308289
1.335292 -0.679432 1.305595
1.330353 -0.671127 1.298752
1.328103 -0.668298 1.293836
1.326438 -0.665626 1.288176
1.325328 -0.662510 1.282332
1.324505 -0.658620 1.276836
1.323609 -0.653991 1.271974
1.322364 -0.648957 1.267698
1.320677 -0.643954 1.263700
1.318649 -0.639318 1.259583
1.316503 -0.635159 1.255044
1.314468 -0.631348 1.249992
1.312679 -0.627610 1.244547
1.311134 -0.623665 1.238962
1.309718 -0.619347 1.233490
1.308269 -0.614661 1.228277
1.306655 -0.609746 1.223315
1.304824 -0.604799 1.218469
1.302816 -0.599982 1.213557
1.300726 -0.595352 1.208430
1.298661 -0.590861 1.203033
1.296686 -0.586385 1.197412
1.294807 -0.581796 1.191680
1.292975 -0.577010 1.185955
1.291116 -0.572020 1.180312
1.289169 -0.566886 1.174754
1.287104 -0.561695 1.169225
1.284934 -0.556523 1.163637
1.282701 -0.551401 1.157920
1.280453 -0.546310 1.152040
1.278222 -0.541197 1.146013
1.276014 -0.536000 1.139888
1.273806 -0.530678 1.133721
1.271567 -0.525223 1.127548
1.269265 -0.519659 1.121374
1.266886 -0.514024 1.115176
1.264431 -0.508352 1.108912
1.261919 -0.502661 1.102547
1.259370 -0.496942 1.096062
1.256800 -0.491171 1.089460
1.254210 -0.485320 1.082762
1.251594 -0.479368 1.075993
1.248934 -0.473306 1.069171
1.246216 -0.467145 1.062298
1.243430 -0.460899 1.055364
1.240577 -0.454584 1.048350
1.237661 -0.448207 1.041238
1.234692 -0.441765 1.034015
1.231676 -0.435247 1.026682
1.228614 -0.428637 1.019245
1.225501 -0.421925 1.011714
1.222330 -0.415105 1.004098
1.219092 -0.408179 0.996398
1.215780 -0.401151 0.988608
1.212394 -0.394028 0.980718
1.208933 -0.386813 0.972719
1.205401 -0.379501 0.964602
1.201798 -0.372089 0.956365
1.198124 -0.364566 0.948009
1.194375 -0.356926 0.939538
1.178534 -0.325140 0.904503
-1.273349 0.247303 0.349691
-1.356071 0.077054 0.421168
-1.426986 -0.125151 0.482540
-1.479595 -0.361819 0.522147
-1.505061 -0.633669 0.522647
-1.142543 0.216931 0.309003
-1.155815 0.050675 0.109232
-1.158222 -0.062314 -0.070936
-1.367902 -1.027748 -0.603492
-1.266800 -1.163430 -0.858602
-1.113896 -1.246700 -1.240520
0.310484 0.876687 0.474600
0.269834 0.374758 -0.371293
0.354000 0.449705 -0.588539
0.409776 0.621939 -0.626925
0.405331 0.821229 -0.491285
0.335038 0.975590 -0.254082
0.218536 1.040078 -0.018549
0.088663 1.010825 0.130654
-0.024279 0.918624 0.157749
-0.103305 0.809576 0.075953
-0.147184 0.725361 -0.070881
-0.166680 0.691090 -0.229156
-0.178449 0.711704 -0.351404
-0.199146 0.774548 -0.406618
-0.240867 0.855723 -0.385669
-0.308533 0.928377 -0.300941
-0.399670 0.970716 -0.179659
-0.506496 0.971270 -0.053067
-0.619307 0.929885 0.053939
-0.729693 0.854817 0.128641
-0.832451 0.757889 0.170645
-0.925858 0.649954 0.188104
-1.010767 0.538068 0.192691
-1.089212 0.424614 0.195371
-1.163106 0.307889 0.203740
-1.233303 0.183435 0.220859
-1.299059 0.045538 0.245060
-1.357789 -0.111429 0.270150
-1.404972 -0.291864 0.285579
-1.434074 -0.497883 0.276242
-1.436429 -0.728053 0.221883
-0.824675 0.172751 -0.891661
-0.785058 0.332011 -1.067373
-0.795733 0.551737 -1.046375
1.114565 -0.728048 0.604394
1.281611 -0.701753 0.458218
1.412839 -0.526860 0.498945
1.388462 -0.133854 0.937053
1.270169 -0.090239 1.111239
1.155832 -0.165850 1.157914
1.092359 -0.304098 1.085225
1.095825 -0.433021 0.947090
1.151465 -0.498131 0.812894
1.225184 -0.480487 0.739936
1.280312 -0.398869 0.751918
1.293628 -0.297061 0.831193
1.263890 -0.221219 0.931472
1.209046 -0.198533 1.004166
1.154891 -0.228097 1.021225
1.122371 -0.286532 0.982985
1.119669 -0.342289 0.912036
1.141191 -0.370184 0.840191
1.172180 -0.360496 0.794685
1.196177 -0.320530 0.787805
1.202152 -0.269131 0.813496
1.188422 -0.227010 0.852359
1.161934 -0.207517 0.882194
1.133866 -0.212048 0.888156
1.114155 -0.231487 0.867751
1.107553 -0.251876 0.829634
1.112557 -0.261038 0.788218
1.123056 -0.253280 0.756988
1.131569 -0.230706 0.743159
1.132551 -0.201166 0.745548
1.124413 -0.174101 0.756244
1.109569 -0.156332 0.764958
1.092777 -0.149588 0.763751
1.078762 -0.150617 0.749969
1.070261 -0.153364 0.726462
1.067221 -0.151940 0.699531
1.067276 -0.143017 0.675833
1.067085 -0.126783 0.659625
1.063854 -0.106317 0.651366
1.056398 -0.085866 0.648081
1.045369 -0.068899 0.645104
1.032697 -0.056797 0.638262
1.020572 -0.048608 0.625519
1.010510 -0.041817 0.607467
1.002833 -0.033632 0.586672
0.996730 -0.022167 0.566327
0.990768 -0.007064 0.548871
0.983564 0.010608 0.535112
0.974336 0.029012 0.524140
0.963121 0.046418 0.513957
0.950615 0.061894 0.502445
0.937784 0.075563 0.488244
0.925422 0.088381 0.471182
0.913848 0.101623 0.452153
0.902855 0.116317 0.432604
0.891864 0.132874 0.413869
0.880213 0.151023 0.396657
0.867422 0.170030 0.380867
0.853347 0.189068 0.365749
0.838171 0.207566 0.350302
0.822267 0.225395 0.333707
0.806011 0.242853 0.315622
0.789617 0.260476 0.296248
0.719999 0.339549 0.217477
-0.833407 0.719622 0.037987
-0.926445 0.656347 0.092744
-1.020916 0.576152 0.154717
-1.115490 0.476225 0.223004
-1.208264 0.353444 0.295751
-1.296559 0.204454 0.369672
-1.376640 0.025840 0.439339
-1.443351 -0.185517 0.496204
-1.489622 -0.431770 0.527250
-1.505869 -0.712880 0.513282
-1.479289 -1.024468 0.427022
-1.393252 -1.354124 0.231798
-1.227321 -1.675380 -0.116945
-0.258930 1.143477 0.540633
-0.275195 0.245545 -0.937578
-0.130836 0.385940 -1.347121
-0.029808 0.698612 -1.457635
-0.023732 1.069821 -1.226102
-0.555144 1.447182 0.330460
-0.772577 1.236157 0.617490
-0.942375 0.944583 0.697155
-1.055063 0.642334 0.619999
-1.118354 0.376107 0.453122
-1.147190 0.166745 0.253006
-1.156448 0.016173 0.056823
-1.157580 -0.083914 -0.115734
-1.158019 -0.145444 -0.257151
-1.161891 -0.180132 -0.366929
-1.171077 -0.197829 -0.447759
-1.186142 -0.206224 -0.503145
-1.206988 -0.211247 -0.536227
-1.233194 -0.217687 -0.549460
-1.264115 -0.229784 -0.544869
-1.298800 -0.251621 -0.524637
-1.335804 -0.287259 -0.491835
-1.372954 -0.340617 -0.451195
-1.407110 -0.415074 -0.409849
-1.433954 -0.512838 -0.378004
-1.447831 -0.634023 -0.369555
-1.441683 -0.775404 -0.402538
-1.407135 -0.928701 -0.499188
-1.334908 -1.078283 -0.684912
-1.215891 -1.198287 -0.984740
-1.043466 -1.249735 -1.414566
-1.771985 -0.902497 1.561639
0.537883 0.735750 0.485666
0.282470 0.274567 0.327433
0.275521 -0.147956 -0.184926
0.460286 -0.333196 -0.784531
0.724916 -0.210308 -1.202677
0.939674 0.163438 -1.235823
1.004267 0.622488 -0.859375
0.896348 0.970467 -0.269587
0.677646 1.085530 0.245188
0.448517 0.972807 0.488839
0.290617 0.734405 0.430846
0.236640 0.498272 0.160899
0.272864 0.360987 -0.184947
0.357020 0.363966 -0.474105
0.437432 0.492648 -0.609395
0.470613 0.688993 -0.556696
0.435838 0.876351 -0.357683
0.340871 0.991364 -0.108533
0.214788 1.008162 0.089122
0.092194 0.942429 0.172647
-0.001586 0.836559 0.133404
-0.057472 0.737861 0.004738
-0.081457 0.681416 -0.160032
-0.088977 0.682060 -0.307067
-0.098325 0.734215 -0.395714
-0.124924 0.816993 -0.406967
-0.177381 0.902488 -0.346061
-0.256018 0.965018 -0.237847
-0.354209 0.988456 -0.115985
-0.461787 0.969236 -0.010538
-0.568937 0.914535 0.060664
-0.669008 0.837327 0.094238
-0.759478 0.750929 0.098141
-0.841336 0.665043 0.086219
-0.917617 0.584024 0.073060
-0.991850 0.507027 0.070483
-1.066845 0.429261 0.085803
-1.143956 0.343622 0.121479
-1.222758 0.242207 0.175568
-1.300998 0.117467 0.242450
-1.374646 -0.037042 0.313364
-1.437887 -0.226152 0.376437
-1.482966 -0.452593 0.416000
-1.499805 -0.716105 0.411190
-0.389426 0.258145 -0.830040
-0.255782 0.358833 -1.270849
0.851973 0.194569 0.359686
0.835983 0.214389 0.346853
0.767771 0.282257 0.272567
0.751244 0.300999 0.250646
0.734215 0.321555 0.229818
0.716082 0.343495 0.210616
0.696458 0.366057 0.192801
0.675267 0.388493 0.175581
0.629090 0.431605 0.139366
0.604717 0.452576 0.119425
0.579709 0.473759 0.098457
0.553989 0.495594 0.077079
0.527310 0.518296 0.055984
0.499355 0.541802 0.035698
0.469832 0.565822 0.016439
0.438550 0.589966 -0.001888
0.405438 0.613882 -0.019574
0.370515 0.637349 -0.036937
0.333831 0.660307 -0.054165
0.295406 0.682814 -0.071229
0.255190 0.704960 -0.087872
0.213049 0.726781 -0.103686
0.168784 0.748199 -0.118205
0.122167 0.768995 -0.131001
0.072975 0.788829 -0.141741
0.021019 0.807282 -0.150186
-0.033852 0.823899 -0.156157
-0.091754 0.838215 -0.159471
-0.152782 0.849757 -0.159881
-0.217031 0.858029 -0.157038
-0.284600 0.862463 -0.150478
-0.355594 0.862384 -0.139637
-0.430109 0.856961 -0.123884
-0.508208 0.845178 -0.102567
-0.589895 0.825806 -0.075049
-0.675075 0.797386 -0.040758
-0.763520 0.758211 0.000767
-0.854814 0.706304 0.049810
-0.948289 0.639400 0.106376
-1.042945 0.554924 0.170035
-1.137326 0.449982 0.239679
-1.229365 0.321394 0.313160
-1.316158 0.165771 0.386757
-1.393675 -0.020268 0.454416
-1.456357 -0.239690 0.506681
-1.496608 -0.494268 0.529263
-1.504152 -0.783191 0.501251
-1.465335 -1.100609 0.393239
-1.362588 -1.431477 0.166386
-1.174752 -1.744866 -0.224782
-0.880100 -1.984509 -0.819229
-0.465933 -2.059754 -1.613892
0.422039 1.715766 -0.094477
-0.016308 1.491074 0.497390
-0.310210 1.027364 0.494432
-0.416711 0.574356 0.082989
-0.370679 0.296236 -0.502428
-0.240154 0.258447 -1.054824
-0.099943 0.447264 -1.403636
-0.017506 0.785335 -1.433322
-0.037654 1.151253 -1.128404
-0.167594 1.419254 -0.597525
-0.375472 1.508301 -0.026470
-0.608046 1.409028 0.417242
-0.816332 1.172145 0.652992
-0.972672 0.872572 0.689485
0.459415 0.570911 0.000654
0.319939 0.673181 -0.056892
0.279410 0.694222 -0.072028
0.237567 0.714102 -0.088814
0.194479 0.733681 -0.106340
0.149862 0.753539 -0.123176
0.103203 0.773750 -0.137854
0.053925 0.793861 -0.149278
0.001542 0.813039 -0.156914
-0.054246 0.830290 -0.160761
-0.113539 0.844676 -0.161144
-0.176292 0.855449 -0.158434
-0.242395 0.862061 -0.152796
-0.311760 0.864088 -0.144049
-0.384362 0.861093 -0.131638
-0.460250 0.852477 -0.114727
-0.539510 0.837368 -0.092341
-0.622203 0.814553 -0.063524
-0.708296 0.782466 -0.027473
-0.797581 0.739196 0.016364
-0.889613 0.682517 0.068207
-0.983628 0.609905 0.127853
-1.078457 0.518556 0.194537
-1.172404 0.405393 0.266687
-1.263078 0.267114 0.341533
-1.347157 0.100304 0.414513
-1.420054 -0.098313 0.478399
-1.475484 -0.331359 0.522089
-1.504895 -0.599834 0.529010
-1.496786 -0.901392 0.475226
-1.436013 -1.227325 0.327708
-0.048829 0.566742 -1.459439
-0.685136 1.329072 0.533028
-0.874355 1.058880 0.681325
-1.007018 0.755382 0.649354
-1.085890 0.475378 0.503317
-1.124643 0.248889 0.306335
-1.139163 0.083673 0.103736
-1.142766 -0.026076 -0.077943
-1.144742 -0.092188 -0.226381
-1.150676 -0.127720 -0.338156
-1.163387 -0.144600 -0.414559
-1.183861 -0.152860 -0.458914
-1.211931 -0.160730 -0.475176
-1.246662 -0.175039 -0.467478
-1.286492 -0.201635 -0.440292
-1.329185 -0.245623 -0.398939
-1.371690 -0.311363 -0.350277
-1.409939 -0.402194 -0.303451
-1.438641 -0.519868 -0.270673
-1.451100 -0.663634 -0.267986
-1.439096 -0.828882 -0.315909
-1.392947 -1.005151 -0.439569
-1.301960 -1.173350 -0.667394
-1.155762 -1.302204 -1.026297
-0.947369 -1.344843 -1.529670
-0.679302 -1.238674 -2.153299
-0.373636 -0.916093 -2.798342
-0.848469 0.624009 -0.044421
-0.924282 0.583092 -0.023586
-1.006869 0.534510 0.025642
-1.477512 -0.349468 0.520770
-1.504539 -0.619581 0.523639
-1.493226 -0.922207 0.463910
-1.428215 -1.248021 0.307953
-1.290205 -1.575869 0.013229
-0.176541 0.318140 -1.243063
-0.054906 0.585928 -1.459414
-0.014706 0.952488 -1.335039
-0.708165 1.316255 0.549590
-0.895441 1.042126 0.692768
-1.026354 0.736699 0.659283
-1.104167 0.455095 0.514783
-1.142448 0.225957 0.320763
-1.156589 0.056320 0.120629
-1.159261 -0.059649 -0.060938
-1.197996 -0.215363 -0.534052
-1.221289 -0.219777 -0.556762
-1.391446 -0.372291 -0.440218
-1.423307 -0.456068 -0.399399
-1.445743 -0.563970 -0.373100
-1.452433 -0.695053 -0.377089
0.008847 0.813425 -0.153137
-0.047343 0.829991 -0.156324
-0.106703 0.843360 -0.157378
-0.234464 0.859537 -0.153049
-0.302866 0.861945 -0.146571
-0.374462 0.860031 -0.135979
-0.449460 0.853026 -0.120218
-0.528042 0.839819 -0.098322
-0.610299 0.818976 -0.069520
-0.696165 0.788784 -0.033275
-0.785381 0.747295 0.010708
-0.877442 0.692337 0.062469
-0.971555 0.621512 0.121742
-1.066563 0.532167 0.187814
-1.160826 0.421375 0.259275
-1.252059 0.285951 0.333615
-1.337089 0.122542 0.406623
-1.411538 -0.072134 0.471533
-1.469384 -0.300809 0.517852
-0.414716 0.480669 -0.061559
-0.339493 0.262031 -0.657150
0.819541 0.230358 0.324746
0.803098 0.249773 0.308821
0.785809 0.268525 0.291840
0.750041 0.305311 0.253626
-0.513189 0.844518 -0.100573
-0.595167 0.824477 -0.072579
-0.680592 0.795270 -0.037911
-0.769220 0.755215 0.003919
-0.860632 0.702348 0.053225
-0.954155 0.634398 0.110036
-1.048778 0.548768 0.173922
-1.143025 0.442535 0.243741
-1.234791 0.312485 0.317271
-1.321118 0.155210 0.390670
-1.397895 -0.032674 0.457701
-1.459455 -0.254093 0.508651
-1.498058 -0.510717 0.528880
-1.156835 -0.103842 -0.161746
-1.158134 -0.155898 -0.293303
-1.163707 -0.184299 -0.393544
-1.174967 -0.198326 -0.465572
-1.192228 -0.205183 -0.512875
-1.215246 -0.210489 -0.538451
-1.243490 -0.218907 -0.544690
-1.276172 -0.234664 -0.533759
-1.312125 -0.261867 -0.508237
-1.349607 -0.304540 -0.471877
-1.386055 -0.366409 -0.430358
-1.417862 -0.450418 -0.392008
-1.440183 -0.557994 -0.368457
-1.446811 -0.688014 -0.375198
-1.415602 1.424996 1.595677
-1.655116 0.779934 1.846529
1.279905 -0.545887 1.144918
1.192252 -0.352140 0.934456
1.188280 -0.344252 0.925965
1.184212 -0.336347 0.917261
1.180090 -0.328385 0.908326
1.167449 -0.303605 0.880540
1.163063 -0.294957 0.871103
1.158543 -0.286141 0.861593
1.153876 -0.277192 0.851976
1.149069 -0.268136 0.842208
1.144137 -0.258978 0.832252
1.139097 -0.249700 0.822095
1.133954 -0.240275 0.811744
1.128706 -0.230672 0.801222
1.123337 -0.220875 0.790551
1.117829 -0.210879 0.779746
1.112164 -0.200691 0.768805
1.106332 -0.190327 0.757712
1.100329 -0.179794 0.746444
1.094158 -0.169096 0.734981
1.087821 -0.158222 0.723311
1.081319 -0.147158 0.711433
1.074646 -0.135886 0.699354
1.067790 -0.124394 0.687082
1.060738 -0.112676 0.674624
1.053476 -0.100729 0.661978
1.045992 -0.088556 0.649137
1.038277 -0.076159 0.636087
1.030325 -0.063536 0.622817
1.022131 -0.050680 0.609318
1.013686 -0.037580 0.595586
1.004981 -0.024226 0.581620
0.996003 -0.010606 0.567423
0.986737 0.003286 0.552997
0.977167 0.017457 0.538341
0.967277 0.031909 0.523450
0.957053 0.046646 0.508319
0.946479 0.061671 0.492940
0.935542 0.076991 0.477308
0.924224 0.092615 0.461420
0.912509 0.108550 0.445276
0.900377 0.124805 0.428876
0.887805 0.141387 0.412222
0.874771 0.158303 0.395318
0.861250 0.175557 0.378163
0.847216 0.193152 0.360758
0.832644 0.211093 0.343104
-1.145990 0.438785 0.246189
-1.237621 0.307884 0.319712
-1.323696 0.149669 0.392938
-1.400063 -0.039235 0.459545
-1.461004 -0.261730 0.509694
-1.498703 -0.519426 0.528560
-1.502610 -0.811170 0.494525
-1.458731 -1.130473 0.377331
-0.228082 0.267164 -1.096263
-0.090694 0.473253 -1.419985
-0.016239 0.818993 -1.418623
-0.834263 1.146677 0.664660
-0.985588 0.844825 0.686584
-1.080924 0.550341 0.573372
-1.131349 0.301166 0.390607
-1.152364 0.111045 0.188739
-1.157922 -0.022294 -0.001242
-1.158129 -0.108891 -0.164252
-1.159221 -0.160864 -0.295602
-1.191798 -0.210180 -0.518111
-1.213981 -0.214875 -0.545735
-1.241317 -0.222049 -0.554271
-1.273136 -0.235805 -0.545579
-1.308428 -0.260194 -0.521859
-1.345634 -0.299278 -0.486407
-1.382400 -0.356935 -0.444384
-1.415344 -0.436395 -0.403544
-1.439848 -0.539539 -0.374899
-1.449920 -0.665905 -0.373302
-1.438147 -0.811336 -0.417851
-1.395840 -0.966135 -0.531786
-1.313551 -1.112608 -0.741069
-1.182364 -1.222070 -1.069933
-0.996638 -1.252124 -1.530402
-1.334797 -0.044232 0.260183
-1.387437 -0.214593 0.281289
0.700506 0.360498 0.198762
-1.229526 -1.672348 -0.112323
-0.962723 -1.936779 -0.655004
-0.577779 -2.062269 -1.405621
-0.082531 -1.933784 -2.285501
0.459782 -1.438783 -3.048112
0.908999 -0.567459 -3.293455
1.094361 0.477114 -2.733422
0.938861 1.330188 -1.550489
0.535558 1.705741 -0.331648
0.080765 1.578660 0.411693
-0.256299 1.148390 0.542023
-0.407501 0.673599 0.208467
-0.393162 0.343231 -0.354846
-0.276450 0.245229 -0.932434
-0.022993 1.066286 -1.229953
-0.127678 1.368121 -0.738831
-0.320993 1.504675 -0.159848
-1.440270 -0.780511 -0.404639
-1.404433 -0.933809 -0.504587
1.041062 -0.084557 0.649547
0.103976 0.777068 -0.134137
0.053607 0.796045 -0.144091
0.000541 0.813477 -0.152007
-1.435465 -1.223015 0.324190
-1.303722 -1.551884 0.041599
-1.078616 -1.845840 -0.421757
-0.740149 -2.036625 -1.094990
0.248574 1.678009 0.199231
-0.147853 1.333163 0.558844
-0.372060 0.847702 0.377277
-0.415447 0.445970 -0.124848
-0.329616 0.253837 -0.720064
-0.187106 0.305057 -1.214713
-0.061439 0.560819 -1.454775
-0.013597 0.924392 -1.356166
-0.075772 1.267191 -0.949552
-0.239862 1.474844 -0.381234
-0.463324 1.491668 0.158672
-0.691732 1.333580 0.530222
-0.882837 1.064681 0.688590
-1.018020 0.759430 0.665990
-1.099369 0.474851 0.527310
-1.140027 0.241508 0.335099
-1.155474 0.067755 0.134281
-1.158677 -0.051582 -0.049155
-1.158587 -0.127552 -0.203617
-1.160490 -0.172182 -0.326439
-1.167010 -0.196053 -0.419458
-1.248615 -0.225843 -0.557158
-1.281201 -0.241271 -0.544921
-1.316994 -0.268144 -0.518200
-1.354313 -0.310531 -0.480551
1.222189 -0.356999 1.055103
1.201684 -0.420935 0.946867
1.214452 -0.406677 0.929013
1.221387 -0.381218 0.928422
1.218960 -0.354267 0.939389
1.208137 -0.334568 0.952073
1.193255 -0.326309 0.957379
1.179629 -0.328079 0.950716
1.171145 -0.334388 0.933178
1.168869 -0.338659 0.910147
1.171063 -0.336150 0.888398
1.174357 -0.325640 0.873087
1.175415 -0.309386 0.865846
1.172320 -0.291635 0.864611
1.165160 -0.276528 0.865044
1.155669 -0.266369 0.862710
1.146231 -0.260948 0.854960
1.138778 -0.258032 0.841753
1.134052 -0.254629 0.825256
1.131490 -0.248360 0.808602
1.129667 -0.238344 0.794448
1.127020 -0.225333 0.783944
1.122522 -0.211134 0.776481
1.116018 -0.197693 0.770205
1.108152 -0.186256 0.762981
1.099965 -0.176957 0.753322
1.092400 -0.168943 0.740901
1.075258 -0.140504 0.697360
0.652827 0.407468 0.157217
-1.134351 0.453364 0.237261
-1.226447 0.325613 0.310510
-1.313414 0.170978 0.384056
-1.391264 -0.013939 0.451934
-1.454501 -0.232133 0.504814
-1.495604 -0.485438 0.528587
-1.504400 -0.773157 0.502585
-1.158194 -0.100340 -0.145590
-1.158939 -0.156006 -0.280931
-1.163548 -0.186918 -0.385250
-1.173567 -0.202417 -0.461566
-1.189392 -0.209719 -0.513360
-1.268828 -0.233628 -0.547936
-1.303732 -0.256368 -0.526016
-1.340796 -0.293270 -0.491835
-1.377788 -0.348259 -0.450262
-1.411471 -0.424690 -0.408668
-1.437403 -0.524676 -0.377603
-1.449774 -0.648135 -0.371386
-1.441354 -0.791494 -0.408554
-1.403598 -0.945915 -0.511851
-1.327102 -1.094919 -0.707057
-1.202757 -1.211442 -1.019083
-1.024247 -1.254975 -1.462498
-0.677570 0.897458 0.094706
0.094548 0.780519 -0.136319
0.043761 0.799270 -0.146072
-0.009768 0.816479 -0.153608
-0.066203 0.831756 -0.158584
-0.125700 0.844641 -0.160644
-0.188403 0.854603 -0.159407
-0.254442 0.861036 -0.154452
-0.323929 0.863238 -0.145313
-0.396954 0.860396 -0.131473
-0.473571 0.851554 -0.112374
-0.553786 0.835589 -0.087437
-0.637528 0.811179 -0.056089
-0.724620 0.776767 -0.017811
-0.814732 0.730538 0.027796
-0.907322 0.670383 0.080914
-1.001559 0.593876 0.141367
-1.096215 0.498263 0.208409
-1.189524 0.380474 0.280419
-1.278986 0.237184 0.354450
-1.361112 0.064959 0.425576
-1.431068 -0.139425 0.485980
-1.482223 -0.378399 0.523683
-1.505560 -0.652512 0.520909
-0.044067 0.625438 -1.463187
-1.108709 0.426428 0.491659
-1.143325 0.204752 0.294680
-1.155529 0.042574 0.095578
-1.157594 -0.066944 -0.082761
-1.157744 -0.135387 -0.230777
-1.160698 -0.174706 -0.346894
-1.168712 -0.195191 -0.433387
-1.257414 -0.226621 -0.547207
-1.291426 -0.246115 -0.529969
-1.328108 -0.278581 -0.499415
-1.365456 -0.327991 -0.459873
-1.400547 -0.397882 -0.417922
-1.429320 -0.490769 -0.383087
-1.446403 -0.607288 -0.368461
-1.445025 -0.745027 -0.391209
-1.417058 -0.896912 -0.472739
1.191615 -0.361019 0.876957
1.198189 -0.334723 0.875498
1.195380 -0.306867 0.886038
1.168662 -0.277096 0.903728
1.154377 -0.278053 0.896680
1.145171 -0.283636 0.878381
1.142169 -0.287239 0.854232
1.143684 -0.284061 0.831155
1.146372 -0.272815 0.814517
1.146878 -0.255706 0.806136
1.143234 -0.236970 0.804040
1.135467 -0.220783 0.803853
1.125264 -0.209516 0.801002
1.115000 -0.203024 0.792661
1.106631 -0.199117 0.778652
1.100954 -0.194797 0.761091
1.097456 -0.187640 0.743162
1.094740 -0.176698 0.727645
1.091241 -0.162664 0.715829
1.085892 -0.147319 0.707202
1.078489 -0.132622 0.699934
1.069630 -0.119868 0.691829
1.060341 -0.109251 0.681289
1.051574 -0.099961 0.667881
0.733668 0.324998 0.234348
0.714340 0.345182 0.215166
-1.360811 -1.434815 0.162039
-1.171941 -1.747497 -0.231266
-0.876095 -1.985591 -0.828077
-0.460797 -2.058077 -1.624501
0.055278 -1.844916 -2.505642
0.589815 -1.247784 -3.176695
0.986540 -0.303822 -3.230116
1.085753 0.728121 -2.471852
0.852019 1.477717 -1.218015
0.415929 1.716350 -0.084864
-0.021409 1.487635 0.500492
-0.313367 1.022816 0.492261
-0.418076 0.570953 0.078055
-0.370952 0.295053 -0.507799
-0.040188 1.154168 -1.124307
-0.171019 1.420706 -0.592453
-0.379324 1.508007 -0.021874
-0.611868 1.407279 0.420599
-1.075413 0.572584 0.586238
-1.128913 0.318878 0.407040
-1.151751 0.123795 0.205377
-1.158121 -0.013969 0.013707
-1.158450 -0.104068 -0.151825
-1.159249 -0.158577 -0.285912
-0.909441 0.197936 -0.977374
-0.927340 0.378684 -0.963888
1.285694 -0.244424 1.295767
1.185566 -0.359484 1.288010
1.150382 -0.509300 1.183118
1.182446 -0.622643 1.045043
1.255366 -0.656401 0.940037
1.329500 -0.607835 0.911297
1.370516 -0.510237 0.962439
1.363930 -0.413843 1.059338
1.318855 -0.360572 1.151584
1.259978 -0.365993 1.199413
1.213699 -0.417006 1.189542
1.196370 -0.483119 1.135010
1.209315 -0.532696 1.064574
1.240935 -0.546174 1.008753
1.273580 -0.522107 0.987388
1.291854 -0.475104 1.002616
1.288907 -0.427317 1.040120
1.268133 -0.397676 1.077863
1.240052 -0.394086 1.097188
1.216551 -0.411826 1.090356
1.205575 -0.437785 1.061816
1.208466 -0.457465 1.024205
1.220509 -0.461264 0.991876
1.233865 -0.447681 0.974760
1.241342 -0.422707 0.974826
1.239343 -0.396160 0.986349
1.228842 -0.376916 0.999505
1.214247 -0.369248 1.005257
1.200954 -0.371748 0.999094
1.192906 -0.378864 0.982174
1.191171 -0.383934 0.959907
1.193965 -0.382158 0.939040
1.197859 -0.372310 0.924659
1.199468 -0.356688 0.918310
1.196867 -0.339601 0.917864
1.190176 -0.325240 0.918968
1.181179 -0.315917 0.917233
1.172305 -0.311390 0.910090
1.165502 -0.309377 0.897579
1.161495 -0.306845 0.881918
1.159683 -0.301400 0.866235
1.158601 -0.292188 0.853134
1.156666 -0.280000 0.843687
1.152855 -0.266688 0.837215
1.147046 -0.254217 0.831838
1.139920 -0.243823 0.825441
1.132545 -0.235608 0.816595
1.125871 -0.228679 0.805044
0.767421 0.287472 0.269397
-1.139809 -1.784542 -0.296943
-0.828657 -2.007010 -0.921617
-0.398068 -2.049361 -1.739013
0.126860 -1.790099 -2.613605
0.653547 -1.141114 -3.226837
1.019092 -0.166353 -3.175749
1.073005 0.849286 -2.323694
0.802508 1.539591 -1.050151
0.354910 1.709059 0.027417
-0.069597 1.434310 0.530450
-0.337308 0.958304 0.455963
-0.419035 0.522453 0.006254
-0.356740 0.276256 -0.586054
-0.220513 0.272703 -1.119100
-0.051090 1.197127 -1.063789
-0.194609 1.443336 -0.515640
-0.409286 1.504926 0.046179
-1.348019 -0.302397 -0.482876
-1.384641 -0.361554 -0.440757
-1.417146 -0.442686 -0.400518
-1.440824 -0.547531 -0.373421
-1.449588 -0.675400 -0.374600
-1.435935 -0.821802 -0.423439
-1.391111 -0.976554 -0.543413
-1.305669 -1.121287 -0.760515
1.135213 -0.255105 0.814853
1.133582 -0.244814 0.801096
1.130960 -0.231602 0.791119
1.126373 -0.217397 0.784117
1.119762 -0.204164 0.778101
1.111859 -0.193078 0.770904
1.103753 -0.184157 0.761110
1.096379 -0.176435 0.748523
1.084876 -0.159260 0.719179
1.079923 -0.148132 0.705236
1.074557 -0.135405 0.692900
0.858532 0.179604 0.375100
0.844190 0.197125 0.357813
0.829382 0.214872 0.340007
0.814114 0.232971 0.321766
0.798344 0.251530 0.303236
0.781989 0.270597 0.284564
0.764953 0.290153 0.265842
0.747151 0.310130 0.247084
0.728529 0.330447 0.228238
0.709059 0.351041 0.209222
0.688732 0.371886 0.189966
0.667541 0.392998 0.170443
0.645460 0.414417 0.150686
0.622442 0.436183 0.130775
0.598415 0.458315 0.110810
0.573292 0.480800 0.090889
0.546983 0.503593 0.071084
0.519402 0.526630 0.051443
0.490468 0.549839 0.031993
0.460111 0.573153 0.012760
0.428259 0.596514 -0.006210
0.394836 0.619869 -0.024843
0.359752 0.643161 -0.043025
0.322903 0.666316 -0.060615
0.284172 0.689236 -0.077445
0.243430 0.711792 -0.093335
0.200546 0.733819 -0.108095
0.155380 0.755121 -0.121525
-0.171384 0.852145 -0.159989
-0.531918 0.840675 -0.094858
-0.614740 0.818713 -0.065199
-0.700982 0.787164 -0.028736
-0.790354 0.744284 0.014954
-0.882372 0.688049 0.066111
-0.976285 0.616131 0.124666
-1.070984 0.525871 0.190055
-1.164862 0.414287 0.260934
-1.255640 0.278119 0.334770
-1.340124 0.113941 0.407250
-1.413882 -0.081569 0.471441
-1.470816 -0.311134 0.516625
-1.502615 -0.575950 0.526754
-1.498082 -0.874036 0.478597
-1.442455 -1.197362 0.339981
-1.317012 -1.527028 0.069547
-1.099933 -1.825730 -0.378332
-0.770731 -2.027814 -1.035291
-0.322875 -2.032240 -1.874278
0.210284 -1.717077 -2.734141
0.724039 -1.008910 -3.270547
1.049670 -0.004781 -3.094228
1.050487 0.983359 -2.141811
0.740603 1.600177 -0.859630
0.284181 1.690989 0.144965
-0.122440 1.368219 0.552623
-0.361399 0.884543 0.405822
-0.417410 0.470509 -0.080008
-0.339077 0.259911 -0.675410
-0.198235 0.292866 -1.183955
-0.068810 0.535651 -1.447894
-0.013315 0.895343 -1.376002
-0.066737 1.244354 -0.989131
-0.224141 1.465380 -0.426436
-0.444977 1.497221 0.121741
-0.674775 1.350738 0.509061
-0.869726 1.087666 0.683367
-1.009343 0.782901 0.672466
-1.094434 0.495373 0.540240
-1.137650 0.257650 0.350216
-1.154523 0.079503 0.148870
-1.158309 -0.043510 -0.036455
-1.158284 -0.122208 -0.193235
-1.159990 -0.168677 -0.318270
-1.166226 -0.193680 -0.413159
-1.178075 -0.205824 -0.481245
-1.195706 -0.211702 -0.525897
-1.218855 -0.216463 -0.549817
-1.433547 -0.838991 -0.432115
-1.384831 -0.994084 -0.560869
-1.294408 -1.136725 -0.789704
-1.153656 -1.235938 -1.141760
-0.957931 -1.246699 -1.625181
-1.055722 1.929741 0.958280
-1.404110 1.429351 1.585156
1.124017 -0.212015 0.784036
1.083932 -0.155889 0.714034
1.078797 -0.143721 0.701249
1.072878 -0.130483 0.689992
0.615096 0.443021 0.124504
0.590740 0.465291 0.104569
0.565252 0.487894 0.084712
0.481160 0.557093 0.026021
0.450345 0.580412 0.006846
0.418017 0.603766 -0.012052
0.384095 0.627107 -0.030578
0.348481 0.650371 -0.048602
0.311064 0.673477 -0.065971
0.271722 0.696310 -0.082517
0.230326 0.718727 -0.098060
0.186740 0.740553 -0.112414
0.140832 0.761579 -0.125380
-0.818744 0.728311 0.030080
-0.911446 0.667457 0.083561
-1.005743 0.590129 0.144330
-1.100384 0.493566 0.211615
-1.193578 0.374692 0.283752
-1.282789 0.230176 0.357730
-1.364477 0.056590 0.428523
-1.433744 -0.149274 0.488162
-1.483867 -0.389787 0.524453
-1.505711 -0.665381 0.519320
-1.487043 -0.972573 0.446908
-1.411875 -1.300580 0.272074
-0.217308 1.222572 0.557732
-0.396987 0.739890 0.279693
-0.404277 0.379641 -0.263457
-0.298419 0.244330 -0.851238
-0.153464 0.349260 -1.298324
-0.041296 0.640689 -1.463096
-0.017682 1.011282 -1.284855
-0.105940 1.331143 -0.824043
-0.517998 1.468526 0.263917
-0.740655 1.277777 0.586053
-1.158479 -0.139653 -0.235501
-1.161385 -0.178400 -0.350876
-1.169295 -0.198593 -0.437074
-1.182936 -0.208165 -0.497575
-1.202304 -0.213186 -0.535575
-1.290290 -0.246608 -0.536993
-1.326730 -0.277529 -0.506973
-1.364068 -0.325069 -0.467408
-1.399485 -0.392880 -0.424614
-1.429022 -0.483662 -0.387846
-1.447405 -0.598325 -0.369917
-1.447941 -0.734830 -0.387730
-1.422548 -0.886621 -0.462489
-1.362046 -1.040479 -0.619117
-1.256985 -1.173771 -0.883655
-1.099526 -1.251389 -1.276354
-1.489678 1.240436 1.693805
1.123988 -0.215361 0.794840
1.116303 -0.206931 0.785157
-1.184992 -1.222110 -1.063596
-0.999870 -1.254093 -1.522426
-0.762715 -1.151564 -2.093264
-0.492612 -0.853923 -2.692864
-0.234290 -0.322664 -3.146570
-0.059387 0.411403 -3.208620
-0.045079 1.208081 -2.685690
-0.228803 1.844570 -1.619230
-0.572963 2.126637 -0.329002
-0.979457 1.996552 0.786902
-1.344623 1.541587 1.497798
-1.606237 0.913758 1.802381
-0.714135 -1.113305 -2.206189
-0.282236 1.927739 -1.384823
-0.646422 2.132942 -0.099035
-1.052349 1.932732 0.951837
-1.401442 1.433929 1.581614
1.362045 -0.509797 0.939107
1.284070 -0.466998 0.983142
1.066700 -0.127546 0.692964
1.060284 -0.118094 0.677389
1.006344 -0.026009 0.587600
0.996981 -0.013739 0.572687
0.987892 -0.001050 0.556896
0.978931 0.012503 0.540901
0.969798 0.027053 0.525262
0.960181 0.042422 0.510213
0.949877 0.058243 0.495615
0.938853 0.074143 0.481070
0.927222 0.089899 0.466120
0.902848 0.121139 0.433932
0.890338 0.137076 0.416760
0.772386 0.281927 0.275178
0.677237 0.383299 0.178439
0.633027 0.426730 0.139467
0.609344 0.448813 0.119879
0.584575 0.471102 0.100166
0.558687 0.493604 0.080343
0.531631 0.516342 0.060483
0.503331 0.539326 0.040698
0.473693 0.562537 0.021118
0.442608 0.585923 0.001865
0.409967 0.609399 -0.016954
0.375663 0.632860 -0.035256
0.339594 0.656189 -0.052961
0.301664 0.679269 -0.069980
0.261771 0.701979 -0.086196
0.219806 0.724190 -0.101455
0.175648 0.745750 -0.115556
0.129162 0.766479 -0.128264
0.080202 0.786150 -0.139308
0.028613 0.804485 -0.148393
-0.025761 0.821149 -0.155200
-0.083077 0.835743 -0.159386
-0.143484 0.847805 -0.160579
-0.207127 0.856792 -0.158370
-0.274133 0.862078 -0.152310
-0.344617 0.862929 -0.141903
-0.418662 0.858486 -0.126614
-0.496314 0.847742 -0.105878
-0.577559 0.829511 -0.079120
-0.662299 0.802400 -0.045788
-0.750314 0.764781 -0.005396
-0.841217 0.714757 0.042396
-0.934391 0.650133 0.097682
-1.028900 0.568394 0.160145
-1.123378 0.466694 0.228827
-1.215869 0.341884 0.301781
-1.303620 0.190586 0.375568
-1.382794 0.009389 0.444538
-1.448092 -0.204783 0.499820
-1.492261 -0.453955 0.527950
-1.505472 -0.737825 0.509124
-1.474626 -1.051511 0.415314
-0.263378 0.248737 -0.980159
-0.120116 0.406697 -1.368971
-0.025417 0.729052 -1.451125
-1.062323 0.618297 0.609032
-1.122173 0.356222 0.437592
-1.148868 0.151730 0.236722
-1.157070 0.005588 0.041967
-1.157886 -0.091013 -0.128226
-1.448731 -0.638984 -0.370297
-0.080224 0.831279 -0.161390
-0.572594 0.832931 -0.077956
-0.657581 0.805405 -0.044553
-0.745612 0.767349 -0.004951
-0.836303 0.717150 0.041411
1.221153 -0.588009 0.874713
1.175193 -0.456019 0.990182
1.204021 -0.471115 0.930494
1.235443 -0.449323 0.903723
1.233254 -0.323078 0.986401
1.205558 -0.315849 1.007457
1.181106 -0.330116 1.002702
1.168108 -0.353758 0.975139
1.168590 -0.372621 0.936606
1.178592 -0.376747 0.901529
1.186027 -0.289982 0.898463
1.053752 -0.102928 0.671393
1.045927 -0.093665 0.656132
1.039040 -0.083343 0.639971
1.032595 -0.071277 0.624313
1.025899 -0.057513 0.610051
1.018369 -0.042684 0.597286
0.979718 0.013715 0.546088
0.969572 0.026777 0.530382
0.879163 0.153079 0.402557
-1.488654 -0.424651 0.526588
-1.505866 -0.704780 0.514152
-1.480656 -1.015585 0.430293
-1.396505 -1.344941 0.238598
-1.233073 -1.666867 -0.105338
-0.968233 -1.932724 -0.644405
-0.585440 -2.061348 -1.391695
-0.091889 -1.938168 -2.270775
0.450427 -1.449991 -3.038434
0.902603 -0.584162 -3.295975
0.543052 1.704267 -0.349809
0.087506 1.584612 0.404200
-0.252498 1.157331 0.544581
-0.406998 0.681390 0.217282
-0.279709 0.244985 -0.922768
-0.135175 0.379309 -1.339057
-0.032166 0.688441 -1.459134
-0.023035 1.059727 -1.236824
-0.125781 1.363788 -0.749261
-0.317860 1.503828 -0.170167
-0.549257 1.451162 0.319287
-0.767686 1.243538 0.612677
-0.939116 0.953148 0.698004
-1.053441 0.650283 0.624690
-1.118011 0.382390 0.459782
-1.147659 0.170967 0.260205
-1.157302 0.018368 0.063626
-1.158479 -0.083501 -0.109892
-1.230567 -0.219663 -0.555102
-1.260690 -0.230233 -0.552838
-1.294730 -0.249815 -0.534607
-1.331389 -0.282478 -0.503132
-1.368667 -0.332228 -0.462716
-1.403621 -0.402647 -0.419989
-1.432143 -0.496282 -0.384599
-1.448788 -0.613765 -0.369833
-1.446688 -0.752621 -0.393117
-1.417597 -0.905624 -0.476179
1.220612 -0.371145 1.004230
1.206160 -0.369835 1.003292
1.195582 -0.375816 0.990462
1.192477 -0.383997 0.947416
1.196358 -0.377472 0.929876
1.199277 -0.363844 0.920192
1.198565 -0.346815 0.917694
1.193468 -0.330884 0.918724
1.185164 -0.319311 0.918640
1.175952 -0.312937 0.913936
1.168105 -0.310219 0.903534
1.162917 -0.308263 0.888848
1.160320 -0.304258 0.872801
1.159134 -0.296635 0.858376
1.157729 -0.285525 0.847369
1.154783 -0.272437 0.839818
1.149779 -0.259405 0.834246
1.143093 -0.248053 0.828512
1.135692 -0.238977 0.820808
1.128634 -0.231658 0.810357
1.113499 -0.207973 0.770231
1.109244 -0.196938 0.758097
1.104299 -0.184715 0.747536
1.098337 -0.172206 0.738004
1.025948 -0.054756 0.614592
-1.158078 -0.080056 -0.105363
-1.158327 -0.143866 -0.248952
-1.161770 -0.180140 -0.360980
-1.415064 -0.909083 -0.480776
-1.348475 -1.061083 -0.652359
-0.186632 0.795993 -0.409753
-0.512847 0.968439 -0.025286
-0.624675 0.918179 0.069620
-0.731983 0.838313 0.129897
-0.830680 0.741221 0.158625
-1.405104 -1.320038 0.261030
-1.248267 -1.644176 -0.070345
-0.991632 -1.916832 -0.593996
-0.617778 -2.059569 -1.326873
-0.131179 -1.959813 -2.202022
0.411419 -1.501711 -2.990585
0.876526 -0.660552 -3.300294
0.578581 1.692163 -0.429502
0.120493 1.605683 0.368685
-0.231723 1.192638 0.551850
-0.400102 0.712933 0.251530
-0.398677 0.364467 -0.299901
-0.288295 0.244013 -0.883906
-0.143280 0.362373 -1.317225
-0.035029 0.662085 -1.461700
-0.017852 1.033291 -1.263155
-0.112685 1.346170 -0.789815
-0.299700 1.499990 -0.211105
-0.530034 1.460742 0.288972
-0.750696 1.262285 0.597133
-0.925947 0.975719 0.695378
-1.433647 -0.532491 -0.369079
0.255109 0.964186 0.194385
0.024395 0.626204 -0.224963
0.030879 0.657985 -0.362974
0.026913 0.739269 -0.421541
-0.002314 0.841008 -0.393444
-0.062151 0.931119 -0.298880
-0.148229 0.985160 -0.175459
-0.249606 0.993012 -0.062642
-0.353704 0.959352 0.011962
-0.450754 0.898818 0.038817
-0.536128 0.828990 0.024736
-0.610315 0.764371 -0.013402
-0.677365 0.713008 -0.055635
-0.742823 0.675821 -0.084279
-0.811914 0.647802 -0.087034
-0.888309 0.620134 -0.058056
-0.973530 0.582449 0.002498
-1.066896 0.524697 0.089896
-1.165817 0.438341 0.196612
-1.266208 0.316795 0.313823
-1.362802 0.155271 0.432141
-1.449185 -0.049647 0.541290
-1.517474 -0.300274 0.628708
-1.557599 -0.597520 0.677209
-1.556266 -0.939485 0.662016
-1.495726 -1.318295 0.547775
-1.352806 -1.714128 0.287296
-1.099502 -2.085162 -0.173234
-0.708588 -2.353358 -0.871481
-0.171540 -2.393326 -1.770422
0.463641 -2.052531 -2.661659
1.051186 -1.252019 -3.125869
1.377107 -0.146222 -2.769172
0.918234 1.407517 -0.435900
0.429878 1.379516 0.353240
0.057432 0.973316 0.498982
-0.099729 0.483905 0.139992
-0.054574 0.143095 -0.469911
0.118693 0.066968 -1.077365
0.322625 0.264637 -1.457077
0.460697 0.650707 -1.455188
0.466836 1.071093 -1.068980
0.333453 1.366134 -0.472952
0.111737 1.445420 0.079105
-0.121131 1.320188 0.400677
-0.302443 1.076243 0.442447
-0.405372 0.818705 0.263499
-0.436492 0.628705 -0.031956
-0.421935 0.547043 -0.339565
-0.394252 0.576279 -0.574666
-0.383466 0.689392 -0.681150
-0.411051 0.840510 -0.638534
-0.486009 0.977870 -0.465063
-0.603998 1.057856 -0.210129
-0.750438 1.055730 0.064689
-0.906558 0.968651 0.307332
-1.055554 0.810492 0.488658
-1.186212 0.602319 0.603083
-1.293188 0.363634 0.660103
-1.049649 -1.871606 -0.480294
0.364745 0.445894 -0.586790
0.420581 0.619350 -0.621833
0.098387 1.004323 0.135327
-0.013475 0.911394 0.158538
-0.090941 0.802776 0.073286
-0.133119 0.720120 -0.075737
-0.151108 0.688195 -0.234516
-0.161813 0.711410 -0.355593
-0.181999 0.776522 -0.408445
-0.223691 0.859161 -0.384848
-0.291567 0.932289 -0.298293
-0.382829 0.974316 -0.176922
-0.489402 0.974305 -0.052374
-0.601436 0.932794 0.050681
-0.710556 0.858669 0.120198
-0.811751 0.764176 0.156639
-0.903581 0.660339 0.168962
-0.987213 0.554165 0.169503
-1.064988 0.447830 0.169735
-1.139108 0.339327 0.177673
-1.210698 0.223836 0.196773
-1.279284 0.095219 0.225827
-1.342572 -0.052650 0.259260
-1.396369 -0.224822 0.287390
-1.475260 -0.335816 0.519527
-1.319522 -0.270240 -0.512286
-1.356885 -0.314517 -0.474205
-1.392910 -0.378433 -0.431579
-1.423863 -0.464901 -0.393075
-1.444723 -0.575215 -0.370803
-0.177904 0.707274 -0.341200
-0.197028 0.766585 -0.404334
-0.236200 0.847042 -0.391213
-0.403664 0.859666 -0.130301
-0.480556 0.850339 -0.110742
-0.561071 0.833791 -0.085201
-0.645131 0.808648 -0.053134
-0.732540 0.773313 -0.014066
-0.822941 0.725937 0.032354
-0.915761 0.664387 0.086256
-1.197851 0.368639 0.287329
-1.286807 0.222809 0.361290
-1.368040 0.047751 0.431756
-1.436577 -0.159714 0.490595
-1.485598 -0.401898 0.525382
-1.505843 -0.679101 0.517723
-1.484912 -0.987588 0.441353
-1.250969 -1.640226 -0.068193
-0.995759 -1.913650 -0.589061
-0.623452 -2.058344 -1.319461
-0.138095 -1.962030 -2.193910
0.404407 -1.508436 -2.985756
0.871453 -0.670954 -3.303631
1.090459 0.371281 -2.828676
0.968944 1.261011 -1.686803
0.583032 1.692323 -0.442593
0.124354 1.610947 0.363553
-0.230028 1.199843 0.554113
-0.400850 0.719123 0.258341
-0.401314 0.367888 -0.291537
-0.291949 0.244074 -0.876579
-0.146999 0.359411 -1.313163
-0.037930 0.657260 -1.462404
-0.019344 1.028360 -1.268601
-0.112716 1.342895 -0.798075
-0.298785 1.499402 -0.219165
-0.528981 1.462767 0.283697
-1.045634 0.675708 0.635590
-1.113982 0.403595 0.476123
-1.146038 0.186976 0.277776
-1.156903 0.029508 0.079924
-1.158466 -0.076300 -0.096033
-1.158577 -0.142158 -0.241518
-1.447628 -0.740474 -0.389440
-1.421081 -0.892666 -0.466759
1.152409 -0.277847 0.837984
1.123955 -0.221594 0.800545
1.092408 -0.162361 0.726297
0.866881 0.167901 0.385657
-1.353901 -1.052882 -0.638969
-1.244447 -1.182341 -0.914569
-1.082198 -1.252162 -1.319168
-0.865549 -1.211757 -1.849259
-0.605696 -1.000597 -2.451725
-0.335939 -0.566601 -2.991241
-0.117748 0.094072 -3.243352
-0.030284 0.888084 -2.971988
-0.133040 1.617353 -2.104167
-0.420719 2.060272 -0.856609
-0.814951 2.095526 0.371599
-1.207334 1.756912 1.261141
-1.515426 1.181581 1.722739
-1.707495 0.515614 1.845434
-0.634087 0.919842 0.068236
0.899199 0.134556 0.423725
0.812236 0.232168 0.315717
-0.711535 0.782819 -0.023573
-0.801280 0.738350 0.020996
-0.893573 0.680270 0.072978
-0.987630 0.606229 0.132280
-1.082294 0.513542 0.198284
-1.175898 0.399193 0.269549
-1.266073 0.259890 0.343377
-1.349503 0.092198 0.415198
-1.421584 -0.107172 0.477696
-1.475989 -0.340823 0.519605
0.775389 -1.427633 0.355257
-1.442124 -0.180727 0.495110
-0.394171 0.345746 -0.348091
0.529879 0.518292 0.066526
0.410308 0.606675 -0.021169
-1.384038 -1.379587 0.211868
-1.211119 -1.698794 -0.150239
-0.934537 -1.955276 -0.711065
-0.539079 -2.064079 -1.477885
-0.035978 -1.908100 -2.360412
0.505216 -1.378650 -3.095548
0.938361 -0.480842 -3.278232
1.095249 0.562718 -2.649147
0.912381 1.383124 -1.437232
0.496288 1.712359 -0.243763
0.046085 1.549114 0.446391
-0.276084 1.105099 0.527980
-0.411158 0.636759 0.164867
-0.384973 0.324455 -0.407995
-0.026177 1.097521 -1.195421
-0.140140 1.387962 -0.688418
-0.339114 1.507575 -0.110910
-0.571467 1.435594 0.360587
-0.786019 1.215441 0.630019
-0.951272 0.920856 0.694254
-1.211924 -0.203859 -0.527331
-1.240363 -0.212661 -0.534156
-1.273392 -0.228937 -0.523365
-1.309752 -0.256895 -0.497838
-1.347609 -0.300576 -0.461579
-1.384319 -0.363651 -0.420462
0.525368 0.521864 0.059334
-1.503453 -0.797008 0.497689
-1.462171 -1.115336 0.385257
-1.356083 -1.446122 0.152027
-1.163917 -1.757514 -0.247572
-0.033774 1.473808 0.509264
-0.319470 1.005617 0.483258
-0.418062 0.557661 0.059222
-0.366763 0.289474 -0.528799
-0.234308 0.262499 -1.075452
-0.095418 0.459899 -1.412052
-0.016865 0.801878 -1.426484
-0.042043 1.165891 -1.108611
-0.176328 1.427202 -0.571922
-0.386457 1.507639 -0.003376
-0.618883 1.400953 0.432380
-0.825328 1.159688 0.659026
-0.979215 0.858903 0.688339
-1.076842 0.563220 0.579428
-1.128898 0.311813 0.398287
-1.150873 0.119359 0.196292
-1.156887 -0.015895 0.005325
-1.387923 -0.977825 -0.547760
-1.357198 -1.047185 -0.630615
-1.249671 -1.178145 -0.901489
-1.089565 -1.251151 -1.300910
-0.874934 -1.216149 -1.826680
-1.193224 1.775589 1.234632
-1.505521 1.206534 1.711967
0.859922 0.175371 0.384539
0.804015 0.244548 0.304133
0.788384 0.265350 0.286803
0.693362 0.365663 0.197136
0.629251 0.428798 0.134339
-0.820663 1.169754 0.655570
-0.976807 0.869676 0.692120
-1.164500 -0.193090 -0.389052
-1.173971 -0.208602 -0.466319
1.103488 -0.181130 0.751020
1.089172 -0.160445 0.729721
1.056610 -0.105362 0.664600
1.049358 -0.092395 0.652578
1.033209 -0.066726 0.628195
-0.552780 1.448866 0.325787
-1.333378 -0.284613 -0.498329
-1.370604 -0.335930 -0.457785
-1.405215 -0.408109 -0.415624
-1.433013 -0.503551 -0.381740
-1.448459 -0.622666 -0.369685
-1.444601 -0.762654 -0.397157
-1.089274 0.414548 0.174485
-1.162571 0.303513 0.185351
-1.233212 0.183770 0.207160
-1.300196 0.049124 0.237391
-1.360665 -0.106279 0.269227
-1.409846 -0.286932 0.291716
-1.440976 -0.495012 0.289505
-1.445141 -0.729185 0.242113
-0.903299 0.672629 0.077535
-0.997380 0.597154 0.137559
-1.092002 0.502723 0.204400
-1.185423 0.386230 0.276441
-1.480773 -0.366839 0.523336
-1.183876 -0.185834 -0.481072
-1.206892 -0.192260 -0.509939
-1.235788 -0.201581 -0.517249
0.775977 0.277913 0.278636
-0.330062 0.863137 -0.144423
-1.407209 -1.314615 0.261922
-0.749076 1.267087 0.594830
-0.925525 0.981109 0.697519
-0.201583 0.858058 -0.155794
-0.268812 0.862671 -0.149709
-0.339211 0.862786 -0.140293
-0.412853 0.857899 -0.126708
0.110545 0.775414 -0.133495
0.060243 0.794844 -0.142667
-1.501668 -0.564177 0.526742
-1.498880 -0.860807 0.481377
-1.445722 -1.183118 0.347119
-0.109474 1.388298 0.548033
-0.356618 0.906269 0.421584
-0.419977 0.485700 -0.054094
-0.346328 0.264688 -0.648719
-0.206961 0.286915 -1.164557
-0.075864 0.521623 -1.442074
-0.016250 0.878297 -1.386175
1.376285 -0.812657 1.427876
1.373091 -0.773837 1.436126
1.366831 -0.773772 1.434200
1.361713 -0.780231 1.418618
1.363287 -0.780829 1.409614
1.365881 -0.777595 1.402965
1.367742 -0.771180 1.399550
1.367707 -0.763485 1.398707
1.365609 -0.756645 1.398757
1.362192 -0.752075 1.397889
1.358643 -0.749969 1.394962
1.356010 -0.749418 1.389889
1.354775 -0.748978 1.383505
1.354738 -0.747375 1.377067
1.355210 -0.744026 1.371647
1.355390 -0.739178 1.367701
1.354722 -0.733673 1.364969
1.353100 -0.728488 1.362700
1.350837 -0.724295 1.360047
1.348468 -0.721222 1.356449
1.346480 -0.718880 1.351829
1.345113 -0.716620 1.346546
1.344298 -0.713846 1.341174
1.343731 -0.710268 1.336224
1.343047 -0.705974 1.331933
1.340470 -0.696790 1.324702
1.338641 -0.692667 1.321032
1.336735 -0.689039 1.316920
-0.967560 0.623475 0.118927
-1.062242 0.535039 0.183724
-1.156279 0.425567 0.254183
-1.247461 0.291820 0.327902
-1.332693 0.130379 0.400760
-1.407671 -0.062105 0.466110
-1.466473 -0.288442 0.513640
-1.501016 -0.550024 0.527870
-1.500403 -0.845260 0.486311
-1.450223 -1.166844 0.357668
-1.332113 -1.497154 0.101343
-1.124434 -1.800978 -0.328374
-0.806212 -2.015700 -0.965783
-0.368762 -2.043484 -1.792059
0.159671 -1.762492 -2.661793
0.681750 -1.090032 -3.246005
1.032029 -0.102858 -3.146020
0.326967 1.703185 0.075359
-0.090860 1.408822 0.540780
-0.347316 0.929128 0.437239
-0.418795 0.501466 -0.027322
-0.349993 0.269144 -0.621395
-0.211745 0.280027 -1.145256
-0.078353 0.506569 -1.436943
-0.014019 0.860579 -1.397115
-0.056955 1.216040 -1.034972
-0.206044 1.452535 -0.480558
-0.423298 1.502408 0.076330
-0.654408 1.370291 0.482136
-0.853804 1.114773 0.675794
-0.998744 0.811027 0.679468
-1.088426 0.520173 0.555528
-1.134834 0.277213 0.368536
-1.153520 0.093675 0.166794
-1.158066 -0.033936 -0.020714
-1.158127 -0.116116 -0.180322
-1.159560 -0.164985 -0.308169
-1.165372 -0.191499 -0.405555
-1.312469 -0.263709 -0.518468
-1.449847 -0.681106 -0.375559
-1.435159 -0.828166 -0.426536
0.005914 0.949660 0.162456
-0.174743 0.700396 -0.321366
-0.191280 0.752931 -0.398300
-0.225950 0.831530 -0.399386
-0.285922 0.909319 -0.331092
-0.370776 0.962300 -0.217287
-0.473972 0.975657 -0.089227
-0.586003 0.946057 0.025464
-0.697806 0.879744 0.110223
-0.803136 0.788012 0.161297
-0.899298 0.682384 0.184835
-0.986524 0.571207 0.191976
1.163061 -0.367067 0.804221
1.190619 -0.334417 0.785788
1.170398 -0.210538 0.875377
1.141610 -0.208548 0.889214
1.118662 -0.224958 0.876101
1.108083 -0.246526 0.841834
1.110148 -0.259935 0.799823
1.119811 -0.257280 0.764485
1.129626 -0.238446 0.745272
1.133188 -0.209959 0.743469
1.127646 -0.181269 0.752776
1.114344 -0.160331 0.763082
1.097587 -0.150479 0.765339
1.082352 -0.149775 0.755190
1.072105 -0.152690 0.733992
1.067616 -0.152987 0.707332
1.067092 -0.146412 0.682088
1.067314 -0.132115 0.663445
1.065185 -0.112467 0.653021
1.058982 -0.091581 0.648720
1.048845 -0.073334 0.646147
1.036419 -0.059799 0.640770
1.023929 -0.050668 0.629818
1.013167 -0.043767 0.613130
1.004825 -0.036246 0.592809
0.998390 -0.025857 0.572020
0.992543 -0.011768 0.553545
0.985819 0.005322 0.538719
0.977220 0.023712 0.527100
0.966539 0.041555 0.516917
0.954314 0.057637 0.505984
0.941479 0.071770 0.492648
0.928919 0.084711 0.476375
-0.180309 1.283255 0.561796
-0.384194 0.797583 0.334588
-0.315153 0.247665 -0.781037
-0.088154 1.297573 -0.893016
-0.261090 1.486163 -0.318755
1.134922 -0.195528 0.796047
1.119012 -0.184262 0.800320
1.087721 -0.182832 0.723756
1.088550 -0.170476 0.704647
1.087524 -0.152268 0.693571
1.082645 -0.132114 0.688999
1.073750 -0.114018 0.686853
1.062281 -0.100402 0.682585
1.050426 -0.091351 0.673139
1.040092 -0.084949 0.657967
1.032163 -0.078398 0.638858
1.026301 -0.069303 0.618844
1.021281 -0.056595 0.600779
1.015624 -0.040749 0.586203
1.008244 -0.023345 0.574912
0.998817 -0.006249 0.565301
0.987791 0.009208 0.555225
0.976069 0.022684 0.542959
0.964568 0.034817 0.527829
0.924288 0.091115 0.456391
-1.454522 -1.148441 0.367430
-1.340738 -1.478900 0.119356
0.128998 -1.787533 -2.617347
1.019581 -0.161293 -3.173918
-0.085211 0.489432 -1.428583
-0.015711 0.839317 -1.408485
-0.642591 1.381688 0.464871
-0.844655 1.131119 0.670851
0.872189 0.161614 0.392019
-1.102426 -1.823343 -0.373222
-0.774313 -2.026742 -1.028244
-0.327469 -2.033559 -1.866032
0.205278 -1.721841 -2.727026
0.719951 -1.017193 -3.268367
1.048108 -0.014612 -3.099682
0.744506 1.596839 -0.870915
0.288472 1.692322 0.138297
-0.119313 1.372270 0.551654
-0.360011 0.888896 0.409039
-0.417529 0.473460 -0.074790
-0.340100 0.260703 -0.670150
-0.065623 1.241636 -0.993701
-0.222229 1.464209 -0.431727
-1.389204 -0.370540 -0.436085
-0.175314 0.703184 -0.330605
-0.192900 0.758918 -0.401422
-0.229517 0.838537 -0.396086
-0.906367 0.673446 0.185427
-0.992881 0.562180 0.191626
-1.072487 0.449257 0.193861
-1.147225 0.333732 0.200592
-1.218234 0.211595 0.215886
-1.285145 0.077265 0.239071
-1.345777 -0.075016 0.264906
1.127115 -0.231314 0.738750
1.093125 -0.144432 0.758873
1.078063 -0.144061 0.747795
1.068117 -0.146867 0.725921
1.063870 -0.146681 0.699025
1.063389 -0.139456 0.673961
1.063425 -0.124583 0.655726
1.060943 -0.104603 0.645685
1.054341 -0.083669 0.641537
1.043876 -0.065574 0.638808
1.031258 -0.052233 0.633029
1.018707 -0.043193 0.621579
1.007956 -0.036197 0.604459
0.999615 -0.028404 0.583882
0.993105 -0.017641 0.563029
0.987080 -0.003181 0.544622
0.980090 0.014194 0.529887
0.971185 0.032751 0.518285
0.960208 0.050665 0.507990
0.947730 0.066780 0.496823
0.934692 0.080976 0.483187
0.921960 0.094053 0.466616
-1.350274 -1.458997 0.139979
-1.154260 -1.768663 -0.267100
-0.849829 -1.998343 -0.879517
-0.425847 -2.054359 -1.687982
0.095493 -1.815710 -2.566214
0.626136 -1.189480 -3.205922
1.005882 -0.227599 -3.201276
1.079837 0.796166 -2.389669
0.825179 1.513114 -1.123389
0.382153 1.712882 -0.020595
-0.048317 1.457828 0.518478
-0.326727 0.986199 0.472482
-0.418392 0.543016 0.037706
-0.362511 0.283744 -0.552306
-0.045289 1.178816 -1.090478
-0.183395 1.434039 -0.548851
-0.395453 1.506754 0.017094
-0.627650 1.393508 0.445358
1.363915 -0.785047 1.416907
1.332152 -0.677152 1.299845
-0.279161 0.862200 -0.151522
-0.349869 0.862633 -0.140938
-0.424127 0.857760 -0.125425
-0.501992 0.846556 -0.104381
-0.583456 0.827806 -0.077214
-0.668421 0.800081 -0.043372
-0.756659 0.761715 -0.002396
-0.847764 0.710774 0.046025
-0.941094 0.645035 0.101937
-1.035682 0.561960 0.164973
-1.130117 0.458685 0.234106
-1.222392 0.332046 0.307297
-1.309685 0.178665 0.380977
-1.388065 -0.004859 0.449308
-1.452112 -0.221548 0.503142
-1.494410 -0.473312 0.528621
-1.504919 -0.759608 0.505415
-1.470274 -1.075098 0.404835
-1.373220 -1.405648 0.188756
-1.192833 -1.721872 -0.188043
-0.907215 -1.969853 -0.765909
-0.502389 -2.061782 -1.547046
0.545457 -1.317519 -3.136043
0.013358 1.521173 0.474106
-0.294688 1.066453 0.512701
-0.415329 0.605320 0.124761
-0.379085 0.309940 -0.454833
-0.252591 0.252797 -1.016402
-0.110640 0.425729 -1.386385
-0.021716 0.755914 -1.443514
-0.032999 1.124339 -1.162810
-0.154972 1.403809 -0.643654
-0.358481 1.508319 -0.068855
-0.591079 1.422731 0.389422
-0.802663 1.194083 0.642717
-0.963638 0.896703 0.693754
-1.067829 0.597688 0.598270
-1.124709 0.339533 0.422964
-1.149582 0.139556 0.221512
-1.156926 -0.002452 0.028089
-1.157557 -0.095723 -0.139879
-1.158328 -0.152340 -0.276284
-1.162948 -0.183790 -0.381335
-1.411897 -0.428727 -0.403966
0.706143 0.349375 0.204981
-1.076095 -1.849216 -0.426150
-0.736295 -2.038914 -1.101468
-0.278574 -2.020590 -1.951452
0.258613 -1.672637 -2.799514
0.763512 -0.931341 -3.287606
0.245180 1.675219 0.206177
-0.149917 1.327549 0.559117
-0.372097 0.841921 0.372598
-0.413628 0.441961 -0.132014
-0.326549 0.252566 -0.727386
-0.183569 0.306646 -1.220042
-0.058256 0.564613 -1.456326
-0.011456 0.929037 -1.353209
-0.074967 1.271029 -0.943081
-0.240151 1.476586 -0.373695
-0.464065 1.490932 0.164624
-1.016785 0.756221 0.662084
-1.097270 0.472834 0.521315
-1.137297 0.241271 0.327946
-1.152419 0.069626 0.126823
-1.291015 0.215552 0.361785
-1.372115 0.039673 0.433532
-1.440346 -0.169192 0.493313
1.083562 -0.150925 0.715436
-1.394825 -1.349647 0.235028
-0.133077 0.382689 -1.343161
-0.031085 0.693622 -1.458380
-1.371228 -0.155360 0.275551
1.120971 -0.168303 0.758850
1.105130 -0.153413 0.765595
1.075893 -0.151217 0.744441
1.068903 -0.153382 0.719382
1.066945 -0.150212 0.692696
1.067254 -0.139255 0.670649
1.062214 -0.100686 0.649988
1.053709 -0.080862 0.647241
1.042043 -0.065105 0.643602
-1.497556 -0.505613 0.528892
-1.273365 -0.234634 -0.540625
-1.391267 -0.971361 -0.540616
-1.483073 -0.384361 0.524055
-1.505628 -0.659238 0.520036
-1.487963 -0.965849 0.449373
-1.414176 -1.293612 0.277123
-1.264459 -1.619198 -0.040206
-1.016670 -1.898145 -0.546956
-0.652552 -2.054817 -1.263853
-1.236457 -0.221478 -0.556441
-1.376192 -0.344872 -0.454213
-1.410218 -0.419835 -0.412021
-1.436822 -0.518343 -0.379540
-1.407718 -0.937549 -0.502457
1.111041 -0.202299 0.763610
-1.324769 -1.511976 0.085894
-1.112464 -1.813361 -0.352750
-0.788817 -2.021972 -0.999838
-0.346178 -2.038375 -1.832564
0.184724 -1.740610 -2.697811
0.702907 -1.050419 -3.258879
1.041193 -0.054505 -3.121293
1.058307 0.943050 -2.198551
0.760088 1.582878 -0.917392
0.305849 1.697559 0.110446
-0.061534 1.230237 -1.012436
-0.214794 1.459136 -0.453680
-0.433890 1.500050 0.099043
-0.664397 1.360732 0.495694
-0.861602 1.101386 0.679652
-1.003886 0.797090 0.675945
-1.091258 0.507895 0.547749
-1.136049 0.267593 0.359143
-1.153813 0.086827 0.157536
-1.157977 -0.038378 -0.028894
-1.158015 -0.118697 -0.187041
-1.159630 -0.166247 -0.313363
-1.246310 -0.223433 -0.553077
-1.420142 -0.452542 -0.396859
-1.327129 -0.011179 0.250335
1.351055 -0.724832 1.352690
1.236162 -0.444989 1.037572
1.233182 -0.438501 1.030288
1.230150 -0.431920 1.022910
1.227062 -0.425244 1.015441
1.223914 -0.418468 1.007884
1.220699 -0.411595 1.000235
1.217417 -0.404626 0.992489
1.214065 -0.397562 0.984641
1.210643 -0.390402 0.976684
1.207152 -0.383141 0.968616
1.203590 -0.375776 0.960435
1.199956 -0.368301 0.952141
1.196245 -0.360712 0.943735
1.176421 -0.320985 0.899933
1.172183 -0.312670 0.890792
-1.401121 -0.952294 -0.518088
0.388304 0.528665 -0.631802
0.152385 1.035677 0.071247
0.027971 0.969256 0.159772
-0.068912 0.862655 0.127684
-0.129426 0.761824 0.006449
-0.159105 0.701004 -0.152788
-0.172484 0.695100 -0.297923
-0.186887 0.739546 -0.388827
-0.217123 0.815039 -0.405218
-0.271843 0.895110 -0.349301
-0.352095 0.954582 -0.242152
-0.452347 0.976477 -0.114474
-0.563396 0.955204 0.004622
-0.782802 0.807771 0.153600
-0.880852 0.704117 0.181830
-0.969745 0.593597 0.191278
-1.051110 0.480906 0.193697
-1.127063 0.366222 0.198576
-1.199072 0.246262 0.211289
-1.267229 0.115750 0.232491
-1.329876 -0.031139 0.258192
-1.383456 -0.199541 0.279996
-1.422444 -0.392838 0.285097
-1.439244 -0.611537 0.255883
-0.783077 0.439533 -1.082432
1.198344 -0.737215 0.509138
1.357127 -0.626718 0.454958
1.331890 -0.094973 1.038971
1.208268 -0.116233 1.151617
1.115540 -0.232460 1.133335
1.086010 -0.374501 1.019147
1.119273 -0.475968 0.874490
1.188892 -0.499099 0.765806
1.257267 -0.444734 0.735476
1.292846 -0.346705 0.786016
1.283147 -0.253053 0.882504
1.237659 -0.202426 0.974003
1.179981 -0.207958 1.020281
1.134844 -0.255928 1.007679
1.117295 -0.316845 0.949159
1.128271 -0.360817 0.873763
1.156716 -0.369800 0.812590
1.186026 -0.342968 0.786247
1.201741 -0.294501 0.797635
1.197351 -0.245488 0.832858
1.175905 -0.213853 0.869662
1.147177 -0.207089 0.888547
1.122356 -0.220759 0.880698
1.109081 -0.242452 0.849737
1.108886 -0.258352 0.808055
1.117601 -0.259167 0.770400
1.127975 -0.243212 0.747585
1.133149 -0.215925 0.742603
1.129444 -0.186534 0.750447
1.073645 -0.152080 0.738826
1.068078 -0.153334 0.712701
0.919350 0.095116 0.461551
0.908120 0.109000 0.442068
0.897208 0.124634 0.422791
0.885955 0.142069 0.404784
-1.318976 -1.523479 0.073881
-0.441886 1.497959 0.116575
-1.219897 -0.214094 -0.545357
-1.281656 -0.239584 -0.536130
-1.447631 -0.705044 -0.380133
-1.427900 -0.854025 -0.443061
-0.091563 0.703618 -0.362196
-0.108258 0.775016 -0.411440
-0.147698 0.862819 -0.383085
-0.408461 0.983624 -0.057782
-0.516834 0.944621 0.030986
-0.620807 0.876558 0.082001
-0.715874 0.793225 0.098414
-0.801495 0.706426 0.091984
-0.879940 0.623168 0.077527
-0.954693 0.544987 0.068538
-1.029045 0.468780 0.074631
-1.105122 0.388331 0.100590
-1.183384 0.295934 0.146510
-1.262463 0.183733 0.208463
-1.339184 0.044660 0.279172
-1.408611 -0.126968 0.348334
-1.463971 -0.334999 0.402290
1.183735 -0.286540 0.895502
1.190332 -0.381812 0.952230
-1.170189 -0.198655 -0.442847
-0.243723 0.858501 -0.157037
-0.312157 0.861918 -0.149498
-0.947278 0.666289 0.496559
0.874697 0.156948 0.390028
-1.500088 -0.535933 0.528590
-1.501575 -0.829653 0.490563
-1.137460 -1.787449 -0.301428
-0.825139 -2.008840 -0.928138
-0.393366 -2.049032 -1.747035
0.132269 -1.786424 -2.621034
0.658410 -1.133691 -3.229844
1.021676 -0.156795 -3.171019
0.350852 1.707869 0.035340
-0.072632 1.429897 0.532170
-0.338512 0.953232 0.452780
-0.418506 0.518698 0.000464
-0.355045 0.274819 -0.592280
-0.218374 0.273757 -1.123875
-0.051265 1.200522 -1.058821
-0.195774 1.445095 -0.509418
-0.410937 1.504622 0.051548
-0.991946 0.826285 0.681835
-1.084032 0.534002 0.562152
-1.132116 0.288639 0.376624
-1.151768 0.102691 0.174583
-1.156774 -0.026830 -0.014027
-1.157022 -0.110272 -0.174838
-1.158568 -0.159834 -0.303553
-1.448983 -1.171881 0.354839
-1.329675 -1.502108 0.096213
-1.120455 -1.805127 -0.336482
-0.800424 -2.017825 -0.977130
-0.361237 -2.041830 -1.805592
0.168039 -1.755251 -2.673901
0.688851 -1.076848 -3.250474
1.035154 -0.086685 -3.137950
1.062865 0.916504 -2.235074
0.772446 1.571073 -0.955359
0.319886 1.701416 0.087225
-0.096164 1.402204 0.543072
-0.349738 0.921711 0.432246
-0.418630 0.496220 -0.035970
-0.348208 0.267465 -0.630381
-0.209484 0.282018 -1.151806
-0.076707 0.511303 -1.438962
-0.013811 0.866333 -1.393819
-0.058482 1.220802 -1.027498
-0.208972 1.454777 -0.471594
-0.426853 1.501661 0.083942
-0.657772 1.367128 0.486714
-0.856443 1.110316 0.677140
-1.000500 0.806369 0.678350
-1.277429 -0.238203 -0.543299
-1.386857 -0.365738 -0.438914
-1.419012 -0.448137 -0.398947
-1.442045 -0.554312 -0.372837
-1.387793 -0.985612 -0.552531
-1.299766 -1.129225 -0.775760
-1.161869 -1.231247 -1.121074
-0.969186 -1.247448 -1.597729
-0.726107 -1.120545 -2.178920
-0.454845 -0.791075 -2.769741
-0.204165 -0.227317 -3.182603
-0.048299 0.525982 -3.169551
-0.061634 1.313314 -2.560479
-1.037704 1.947672 0.915055
-1.390633 1.458943 1.565278
-1.635665 0.818206 1.822951
-1.392248 -0.231872 0.282830
0.823005 0.225917 0.327978
0.754008 0.301346 0.258129
0.735790 0.320220 0.237727
-1.447128 -0.657157 -0.370200
-1.436426 -0.801357 -0.413754
-1.395717 -0.955036 -0.525350
-1.315708 -1.100919 -0.730554
-1.345847 1.554854 1.490205
-1.158234 -0.133981 -0.222616
-1.424852 -0.875177 -0.455207
0.537202 0.507387 0.065362
0.510423 0.530021 0.042741
-1.432800 -0.144261 0.488335
1.106368 -0.191780 0.752567
-0.272602 1.906656 -1.442160
-0.631648 2.130879 -0.155334
1.009348 -0.030303 0.582456
0.959448 0.042293 0.515826
1.093654 0.472694 -2.738438
0.939772 1.327478 -1.557369
0.537312 1.705678 -0.337093
-1.205226 -0.214785 -0.540636
1.068332 -0.124117 0.681799
-1.409237 -0.066941 0.467477
-1.467578 -0.294088 0.514428
-1.501443 -0.556482 0.527645
-1.499859 -0.852438 0.484455
-1.118388 -1.807237 -0.340711
-0.418570 0.493562 -0.040402
-1.089983 0.513925 0.551780
-1.135583 0.272259 0.363999
-1.153805 0.090062 0.162338
1.049941 -0.086012 0.652824
1.012794 -0.041980 0.599085
0.997849 -0.016094 0.566183
0.989814 -0.000757 0.551803
0.913890 0.104200 0.447827
-1.331493 -1.087917 -0.695704
-1.209631 -1.206580 -1.001762
-1.033838 -1.254469 -1.438856
-0.804894 -1.177790 -1.994222
-0.538542 -0.915647 -2.597365
0.728810 0.324928 0.229721
0.575557 0.479664 0.096332
-0.605147 0.821318 -0.068854
-0.690915 0.790925 -0.033516
-0.779850 0.749515 0.009079
-0.871517 0.695074 0.059233
-1.164140 -0.180629 -0.403265
-1.177035 -0.192980 -0.469747
-1.196157 -0.199494 -0.511263
-1.221156 -0.205867 -0.530885
-1.251354 -0.216886 -0.531230
-1.285755 -0.236901 -0.514880
-1.322913 -0.270072 -0.485053
-1.360725 -0.320338 -0.446353
-1.396201 -0.391134 -0.405512
-1.425250 -0.484836 -0.372097
-1.442512 -0.601939 -0.359143
-1.441264 -0.739906 -0.383666
-0.490427 0.850596 -0.109496
-1.024455 0.572343 0.159103
-1.118745 0.471055 0.226303
-1.211043 0.347180 0.297754
-1.298708 0.197367 0.370260
1.199295 -0.348747 0.952557
1.190367 -0.343539 0.947534
1.176182 -0.328799 0.893143
1.175099 -0.317765 0.883246
1.172311 -0.305012 0.876710
1.167430 -0.292622 0.871868
1.160962 -0.282134 0.866539
1.153954 -0.273985 0.859022
1.147463 -0.267498 0.848732
1.142114 -0.261345 0.836268
0.804426 0.244673 0.310234
0.788228 0.263570 0.291753
1.055391 -0.094582 0.659987
1.035958 -0.070157 0.639643
1.026588 -0.060133 0.625394
1.003346 -0.025320 0.575891
0.995652 -0.010439 0.561139
0.987013 0.005370 0.547838
-1.351068 -0.306381 -0.481306
-1.434522 -0.832988 -0.428978
1.197295 -0.350333 0.877886
1.177484 -0.283248 0.905496
1.162256 -0.279900 0.904323
1.150494 -0.283968 0.890982
1.144685 -0.289083 0.869020
1.144389 -0.289390 0.844934
1.146896 -0.281892 0.825043
1.148708 -0.267246 0.812911
1.147120 -0.248919 0.808263
1.141222 -0.231298 0.807666
1.131997 -0.217710 0.806442
1.105399 -0.200582 0.773298
1.101042 -0.194961 0.755328
1.029888 -0.065003 0.617418
1.022760 -0.050479 0.604216
-0.445078 0.855593 -0.120138
1.263715 -0.359679 1.193075
1.268670 -0.395340 1.070061
1.240776 -0.389228 1.091638
1.216413 -0.405307 1.087262
1.238791 -0.420706 0.968999
1.237691 -0.393851 0.979729
1.227835 -0.373585 0.993096
1.213378 -0.364706 0.999793
1.199724 -0.366328 0.994768
1.191029 -0.373191 0.978648
1.194956 -0.368350 0.919940
1.163130 -0.303829 0.892727
1.158782 -0.301370 0.877154
1.076945 -0.137900 0.706279
-1.445155 -0.757665 -0.395336
0.478725 0.560200 0.019864
-1.145356 0.172352 0.255657
1.096465 -0.177096 0.736699
-1.459759 -1.125810 0.379743
-0.230208 0.265716 -1.089748
-0.092370 0.469094 -1.417493
-0.016653 0.813652 -1.421081
-0.831730 1.150735 0.663068
-1.164372 -0.189223 -0.394975
-1.175027 -0.203499 -0.468416
-1.315824 -1.110027 -0.735484
-1.752130 0.245004 1.829068
-1.794519 -0.403890 1.698804
-1.748059 -1.012957 1.483144
-1.613147 -1.587599 1.186407
0.887525 0.971119 0.182640
0.457127 0.705133 0.485983
0.242394 0.232601 0.253306
0.269457 -0.159757 -0.293071
0.470538 -0.296392 -0.884002
0.730584 -0.128453 -1.257262
0.923574 0.268049 -1.230164
0.960167 0.718943 -0.810159
0.831229 1.035547 -0.214598
0.605902 1.114624 0.273529
0.382970 0.977978 0.479569
0.236914 0.733980 0.391605
0.193149 0.507038 0.107245
0.233726 0.385819 -0.237756
0.315498 0.403972 -0.515351
0.388436 0.541520 -0.635000
0.412155 0.738464 -0.569365
0.369103 0.919797 -0.364226
0.268895 1.026082 -0.115437
0.140526 1.035317 0.078995
0.017091 0.965133 0.160415
-0.077911 0.857575 0.122293
-0.136608 0.758185 -0.002241
-0.165216 0.700121 -0.161658
-0.178546 0.697076 -0.304371
-0.193848 0.743500 -0.391302
0.946712 0.063638 0.487783
-1.334885 0.125604 0.402619
-1.327820 -1.506011 0.092355
-0.100090 1.396898 0.544734
-0.351411 0.915811 0.428207
-0.346555 0.266103 -0.637577
-0.207430 0.283572 -1.157080
-0.013339 0.870926 -1.391203
-0.059385 1.224622 -1.021501
-0.210993 1.456590 -0.464389
-0.429376 1.501076 0.090029
-1.177259 -0.203092 -0.476617
-1.315106 -0.265680 -0.512680
-1.352482 -0.308501 -0.475641
1.367224 -0.768787 1.408955
1.360878 -0.759568 1.399377
1.359550 -0.757661 1.394444
1.358827 -0.755311 1.389340
1.355832 -0.739562 1.373917
-1.495919 -0.897439 0.471875
-0.961578 0.570209 0.402547
0.740850 0.315808 0.238905
-0.193474 0.855224 -0.158815
-0.259770 0.861235 -0.153705
-1.103495 0.490158 0.214005
0.842772 0.206215 0.354306
0.791813 0.256916 0.302918
0.724690 0.334110 0.219165
0.658520 0.404816 0.159087
-1.426127 -0.113196 0.480567
1.359132 -0.750737 1.386178
-1.322608 -1.516198 0.081329
-1.108969 -1.816839 -0.359900
-0.783768 -2.023635 -1.009761
-0.339663 -2.036700 -1.844274
0.191889 -1.734069 -2.708083
0.708862 -1.038817 -3.262322
1.043626 -0.040531 -3.113890
1.056164 0.954462 -2.182721
0.754636 1.587868 -0.901132
0.299740 1.695826 0.120263
-0.111083 1.383127 0.548874
-0.356420 0.900661 0.417572
-0.203072 0.287975 -1.170165
-0.072133 0.524960 -1.444279
-0.013385 0.882729 -1.384005
-0.063001 1.234211 -1.005957
-0.217429 1.460920 -0.446061
-0.437023 1.499295 0.105425
-0.667342 1.357960 0.499487
-0.959903 -1.245549 -1.620420
0.894442 0.128872 0.418097
0.882998 0.146701 0.400503
-1.358066 -1.035938 -0.622699
-1.177122 -1.741321 -0.220538
-0.883778 -1.981903 -0.812725
-0.471016 -2.059232 -1.605499
0.043498 -1.853582 -2.487258
0.579119 -1.265119 -3.167218
0.980781 -0.326696 -3.237642
1.087473 0.707343 -2.495514
0.860069 1.466424 -1.246041
0.426223 1.716638 -0.104412
-0.013008 1.495963 0.494503
-0.308917 1.033415 0.497527
-0.417477 0.579172 0.089536
-0.372946 0.298483 -0.494953
-0.243132 0.257750 -1.048667
-0.102786 0.444062 -1.400727
-0.019461 0.780797 -1.434784
-0.038290 1.146996 -1.133836
-0.166992 1.416741 -0.604920
-0.374174 1.508230 -0.033191
-1.073518 0.578685 0.589105
-1.127821 0.323917 0.410788
-1.151140 0.127686 0.209136
1.117648 -0.163912 0.761355
1.067047 -0.148518 0.687063
1.006432 -0.038070 0.597318
0.993843 -0.015100 0.557228
0.987413 0.001473 0.541607
0.979258 0.019749 0.529424
-0.863809 1.096934 0.680601
-1.005173 0.792536 0.674292
-1.091742 0.504015 0.544545
-1.442861 -0.570123 -0.369860
-0.231366 0.859184 -0.157040
-1.341087 -0.068391 0.269503
-1.390592 -0.243002 0.283394
-1.423868 -0.441462 0.276980
1.091001 -0.168175 0.718975
1.073092 -0.123892 0.692270
-1.419147 -0.901952 -0.472717
-0.658148 -1.053552 -2.335060
-0.358357 2.004193 -1.104129
-0.740106 2.118969 0.157278
-1.140218 1.843252 1.126342
-1.468286 1.301104 1.668476
0.460877 0.568060 0.013856
0.247208 0.712368 -0.090035
0.203707 0.733753 -0.103772
0.158204 0.753946 -0.117419
-0.046051 0.825408 -0.159043
-0.104087 0.839811 -0.162450
-0.298854 0.864062 -0.149013
-1.396042 -0.027731 0.455952
-1.458026 -0.248227 0.507323
0.377130 0.629250 -0.038990
0.342079 0.654094 -0.057014
