3 1702
0.921803 1.917411 -0.882022
0.898072 1.907159 -0.824219
0.876068 1.898091 -0.760836
0.857280 1.889419 -0.693408
0.842942 1.880899 -0.623202
0.834464 1.871363 -0.551122
0.833760 1.859001 -0.477944
0.842758 1.843770 -0.404645
0.862193 1.827121 -0.332424
0.890973 1.810728 -0.262480
0.927454 1.794911 -0.195823
0.969436 1.779423 -0.133185
1.013772 1.765255 -0.074911
1.057794 1.753850 -0.020972
1.099390 1.745241 0.028971
1.136903 1.740766 0.075513
1.169575 1.742857 0.119297
1.197545 1.751737 0.160860
1.232185 1.775258 0.220169
1.260340 1.804704 0.277251
1.285427 1.835863 0.332774
1.314543 1.864261 0.386186
1.353834 1.888055 0.435612
1.403316 1.906266 0.478384
1.461065 1.911628 0.512076
1.528580 1.905646 0.534424
1.580348 1.895550 0.541832
1.636770 1.874619 0.542650
1.697117 1.839088 0.536801
-0.790126 1.052660 1.947734
-0.203854 0.578210 2.786101
-0.152871 0.579169 2.782332
-0.100518 0.586004 2.776619
-0.047158 0.599741 2.760285
0.006804 0.621125 2.740620
0.060959 0.650145 2.719174
0.114927 0.686523 2.696257
0.168347 0.729971 2.674393
0.220846 0.780256 2.649900
0.272018 0.837171 2.617980
1.846995 -0.100152 1.078898
1.847703 -0.032591 1.091732
1.850139 0.033018 1.107878
1.856400 0.096748 1.127627
1.866240 0.158985 1.151124
1.880099 0.220315 1.177513
1.897347 0.281228 1.204007
-1.342379 0.520558 1.308405
-1.381243 0.518933 1.366192
-1.390229 0.495163 1.422103
-1.370016 0.450525 1.474137
0.248406 0.035282 1.681861
1.079073 2.647275 -0.623970
1.078216 2.583012 -0.628369
1.089286 2.523366 -0.604657
1.114223 2.462995 -0.566562
1.139781 2.425419 -0.537532
1.171830 2.386412 -0.508253
1.209177 2.344685 -0.480328
1.250921 2.303683 -0.454862
1.296332 2.261714 -0.432610
1.345395 2.214300 -0.414105
1.397380 2.163442 -0.399747
1.450755 2.113134 -0.389707
1.503501 2.064554 -0.383848
1.553763 2.015689 -0.381742
1.600771 1.966736 -0.382777
1.645013 1.918541 -0.386272
1.687015 1.870969 -0.391642
1.726067 1.819267 -0.398386
1.761068 1.765181 -0.405929
1.791973 1.711180 -0.413693
1.820045 1.657994 -0.421164
1.847457 1.604722 -0.428076
1.875424 1.545369 -0.434311
1.904693 1.477377 -0.439699
1.935369 1.401198 -0.444079
0.100322 0.393558 3.027331
0.156571 0.443349 3.010178
2.264934 0.433214 0.632293
2.267914 0.486211 0.631582
2.271347 0.539833 0.628103
2.214790 0.394833 0.634456
-0.020762 0.087182 2.263881
0.043765 0.105115 2.269432
0.107689 0.128210 2.275246
1.267979 1.681650 -0.979514
1.285207 1.624771 -0.927102
1.302750 1.568791 -0.875732
1.321186 1.514333 -0.825669
1.341451 1.460339 -0.777101
1.364515 1.405352 -0.730448
1.390228 1.349193 -0.686290
1.417264 1.292647 -0.645134
1.444539 1.236780 -0.607289
1.472423 1.181764 -0.572880
1.502308 1.126457 -0.541873
1.534793 1.071035 -0.514033
1.568527 1.017071 -0.488901
1.601917 0.964742 -0.465914
1.634644 0.912750 -0.444613
1.666690 0.859599 -0.424588
1.697994 0.805347 -0.405389
1.728510 0.750912 -0.386558
1.758116 0.696586 -0.367670
1.786419 0.642123 -0.348315
1.811749 0.587417 -0.328079
1.832716 0.532451 -0.306568
1.850278 0.477093 -0.283516
1.865542 0.420973 -0.258764
1.877404 0.363479 -0.232112
1.883387 0.303948 -0.203256
1.881562 0.241910 -0.171849
1.873241 0.177127 -0.137616
1.857755 0.109597 -0.100418
-0.348528 0.871012 2.676876
-0.318809 0.877398 2.617541
-0.289937 0.887591 2.563803
-0.262643 0.899967 2.502288
-0.237387 0.913706 2.442724
0.591696 1.555983 2.358677
0.199146 1.136606 0.687779
0.223114 1.177716 0.748848
0.213665 1.219636 0.810350
-0.869907 0.091589 0.125841
-0.810859 0.096575 0.175065
-0.758101 0.102943 0.223484
-0.710322 0.111306 0.271259
-0.665940 0.121970 0.318594
-0.623400 0.135004 0.365710
-0.006398 0.439713 1.066882
0.033326 0.467443 1.126831
0.071223 0.495559 1.187957
0.107663 0.523948 1.250248
0.143245 0.552524 1.313561
0.406459 0.744876 1.699071
0.457018 0.777004 1.745500
-1.046552 0.329506 0.810372
-1.071072 0.367997 0.854724
-1.068989 0.389041 0.901420
-1.041480 0.393018 0.948792
0.059745 0.621157 1.974256
0.075523 0.650181 2.047148
0.095005 0.680007 2.122382
0.307008 0.953542 2.607769
0.385619 1.063092 2.688335
0.513479 1.252627 2.718461
0.315841 -0.175919 -0.697633
0.261844 -0.151892 -0.643059
0.229475 -0.122895 -0.590269
0.219351 -0.090754 -0.538987
0.230968 -0.056678 -0.488865
0.262715 -0.021208 -0.439600
0.311866 0.015736 -0.391032
0.721513 0.303398 -0.120921
0.765110 0.363932 -0.081538
0.793735 0.425781 -0.044009
0.807691 0.487296 -0.008093
0.808843 0.546853 0.026604
0.800382 0.603070 0.060558
0.786425 0.654951 0.094241
0.771452 0.701951 0.128038
0.759663 0.743942 0.162178
0.754471 0.781124 0.196717
0.763818 0.828863 0.248985
0.795666 0.868815 0.300979
0.828012 0.892346 0.334932
0.866793 0.914404 0.367980
0.909139 0.935991 0.399950
0.952022 0.958222 0.430789
0.992649 0.982284 0.460567
1.028629 1.009372 0.489459
1.058210 1.040538 0.517728
1.080555 1.076471 0.545725
1.095758 1.117433 0.573846
1.104686 1.163422 0.602502
1.108818 1.214352 0.632094
1.110029 1.270135 0.662958
1.110309 1.330093 0.695303
1.111418 1.392703 0.729090
1.114749 1.456698 0.763925
1.121470 1.521246 0.799062
1.132493 1.585322 0.833544
1.148246 1.647595 0.866319
1.168906 1.706461 0.896144
1.195135 1.760857 0.921466
1.227800 1.809824 0.940551
1.267093 1.851883 0.951845
1.312770 1.886816 0.954226
1.364968 1.915979 0.946814
1.066062 1.185988 -0.834461
1.079508 1.127035 -0.821004
1.100338 1.078911 -0.797698
1.127318 1.039848 -0.769176
1.159384 1.009531 -0.738632
1.195566 0.988426 -0.706794
1.233910 0.976183 -0.673678
1.270684 0.971263 -0.639881
1.309656 0.974489 -0.595483
1.332199 0.990913 -0.544000
1.328946 1.012351 -0.489478
1.331657 1.002702 -0.433942
1.370351 0.966684 -0.399987
1.410163 0.936484 -0.382548
1.454401 0.903053 -0.367277
1.497112 0.870559 -0.353772
1.539568 0.838397 -0.337725
1.521324 0.866925 -0.299341
1.505862 0.915893 -0.285271
1.516404 0.964769 -0.273027
1.553111 0.919779 -0.263565
1.561312 0.861601 -0.255890
1.562765 0.809541 -0.248154
1.558804 0.747408 -0.237656
1.546442 0.676425 -0.223819
1.523585 0.598630 -0.206129
-0.249230 0.738631 0.674275
-0.298985 0.768965 0.688984
-0.326146 0.805386 0.716471
-0.273670 0.835327 0.758446
-0.215707 0.845609 0.779352
0.009776 0.888574 0.830968
0.075850 0.913486 0.843625
0.125443 0.944154 0.854666
0.159480 0.997119 0.870335
0.142694 1.050954 0.888669
0.086338 1.097112 0.913776
0.038244 1.121164 0.935690
-0.007965 1.140117 0.962174
-0.053702 1.162049 1.009975
-0.047774 1.182122 1.064311
-0.006467 1.197886 1.101002
2.846669 1.121837 0.203536
2.874281 1.107023 0.130170
2.891499 1.093430 0.059617
2.902295 1.080764 -0.008060
2.908835 1.068140 -0.072926
2.910281 1.054266 -0.134844
2.910391 1.037675 -0.193480
2.910436 1.016684 -0.248420
2.906461 0.989628 -0.299014
2.900534 0.955150 -0.344512
2.892907 0.911784 -0.384233
2.885356 0.857846 -0.417437
2.879222 0.791872 -0.443388
2.876643 0.712926 -0.461362
0.158616 1.221846 0.762025
0.091885 1.231301 0.743539
0.037576 1.244438 0.729935
-0.013821 1.269601 0.717547
0.008411 1.315425 0.708671
0.076676 1.336987 0.704285
0.136146 1.353666 0.698950
0.200700 1.374781 0.690767
0.264100 1.402180 0.679334
0.319758 1.436320 0.664663
0.361580 1.476431 0.647194
0.384678 1.521296 0.627699
0.385422 1.569106 0.607233
0.361467 1.616518 0.587261
0.312723 1.659561 0.569760
0.241636 1.695573 0.557082
-0.241104 1.741411 0.626576
-0.308617 1.728571 0.667032
-0.348189 1.714848 0.711959
-0.344869 1.700686 0.781079
-0.298315 1.697358 0.823799
1.659180 -0.598504 0.309360
1.609480 -0.624241 0.342419
1.559500 -0.646401 0.374365
0.688731 -0.495433 0.532703
0.653110 -0.472610 0.500037
0.606583 -0.450242 0.466969
0.548984 -0.427543 0.433756
0.505604 -0.411778 0.411769
0.460003 -0.395145 0.390958
0.414471 -0.377293 0.372173
0.352472 -0.347723 0.348007
0.307222 -0.314955 0.329816
0.289011 -0.268987 0.316506
0.329079 -0.226794 0.315611
0.395022 -0.202196 0.321914
0.452301 -0.190359 0.328732
0.516640 -0.182476 0.337583
0.584342 -0.178516 0.348724
0.651587 -0.178249 0.361509
0.714797 -0.181353 0.374436
0.770770 -0.187435 0.387432
0.835021 -0.200948 0.406630
0.872531 -0.229077 0.435310
0.813059 -0.251278 0.456485
0.734638 -0.255325 0.464602
0.668030 -0.252344 0.468322
0.592578 -0.244120 0.471109
0.510848 -0.230281 0.473668
0.100385 -0.082820 0.511401
0.032888 -0.042050 0.529960
-0.026423 0.000407 0.553569
-0.076956 0.043633 0.582515
-0.118491 0.086795 0.617198
-0.151217 0.129179 0.657467
-0.175706 0.170235 0.703064
-0.192772 0.209573 0.754398
-0.203308 0.246942 0.811484
-0.208223 0.282207 0.874050
-0.208431 0.315339 0.941733
-0.019157 1.155583 1.697451
-0.021578 1.170155 1.647595
-0.013277 1.191375 1.579618
0.011252 1.212695 1.513183
0.036496 1.227564 1.470750
0.067850 1.243749 1.430206
0.103657 1.262245 1.390031
0.141644 1.283414 1.349086
0.179205 1.307563 1.306968
0.213674 1.335504 1.263484
0.242677 1.367088 1.218712
0.264516 1.401112 1.173517
0.278411 1.435976 1.129050
0.284632 1.470874 1.085941
0.284535 1.506211 1.043986
0.280560 1.540722 1.002927
0.276125 1.572235 0.963057
0.277425 1.612973 0.905804
0.300084 1.646040 0.849915
0.332410 1.666263 0.811609
0.380872 1.686409 0.770814
0.575413 1.728450 0.648927
1.205540 -0.572624 0.682107
1.154628 -0.569564 0.646765
1.093632 -0.569848 0.607125
1.051262 -0.571462 0.578630
1.010603 -0.573797 0.548260
0.957678 -0.578115 0.498802
0.917571 -0.582958 0.448176
0.888755 -0.587806 0.399235
0.870873 -0.592400 0.352086
0.864402 -0.598508 0.293339
0.869641 -0.606242 0.240516
0.871680 -0.617615 0.191645
0.855426 -0.632943 0.140673
0.824574 -0.645911 0.099614
0.774078 -0.658081 0.058452
0.728632 -0.664386 0.029930
0.673827 -0.668155 -0.000974
0.610405 -0.668401 -0.034010
0.539667 -0.664174 -0.067954
-0.234936 -0.262507 -0.286850
-0.282547 -0.196698 -0.271320
0.461732 1.187929 1.004932
0.452200 1.179527 0.931449
0.436109 1.171609 0.863930
0.413953 1.165211 0.800812
0.386602 1.161242 0.741217
0.355271 1.159825 0.685877
0.321496 1.160419 0.636079
0.287140 1.162497 0.592611
0.239237 1.167966 0.539218
0.202091 1.176346 0.497944
0.180403 1.192095 0.455486
0.210278 1.219310 0.413039
0.256966 1.244489 0.389395
0.317860 1.278454 0.364272
0.361420 1.305891 0.345681
0.403304 1.337230 0.325229
0.439991 1.372238 0.302955
0.468198 1.410505 0.279267
0.485121 1.451610 0.254943
0.484999 1.516344 0.219689
0.466590 1.558490 0.198935
0.433976 1.597855 0.182023
0.388849 1.633644 0.170312
0.333850 1.665061 0.164999
0.272441 1.691282 0.167008
0.208621 1.713377 0.176866
0.146722 1.732630 0.194621
0.091473 1.748522 0.219830
0.047751 1.760810 0.251525
0.012920 1.773238 0.307881
0.023726 1.781205 0.368816
0.059011 1.785921 0.408197
0.117102 1.791249 0.443852
1.175716 -0.770557 0.699529
1.109297 -0.775614 0.649403
1.046217 -0.780795 0.596473
0.985102 -0.785686 0.541922
0.925183 -0.789916 0.486660
0.866035 -0.793179 0.431983
0.807036 -0.795305 0.378055
0.747554 -0.796132 0.323986
0.686656 -0.795306 0.268922
-0.079082 1.043885 2.225477
-0.065214 1.058837 2.165374
-0.050767 1.074958 2.102378
-0.036074 1.091860 2.036010
-0.021552 1.108877 1.965057
-0.007544 1.125690 1.893158
0.005788 1.142560 1.823351
0.018448 1.159674 1.755234
0.030595 1.176804 1.689808
0.042544 1.193785 1.627506
0.054766 1.210563 1.567150
0.284072 1.386661 1.117482
0.318210 1.413874 1.073884
0.350787 1.444272 1.029669
0.380556 1.477269 0.984670
0.406403 1.511926 0.938656
0.427633 1.547629 0.891465
0.444093 1.583674 0.843138
0.456238 1.619510 0.794149
0.465153 1.655098 0.745162
0.472442 1.689554 0.696554
0.480101 1.720821 0.648389
0.490422 1.748312 0.600669
0.505680 1.772807 0.553341
0.527790 1.794067 0.506147
0.558332 1.811196 0.458544
0.598576 1.823999 0.409792
0.649094 1.832689 0.359150
1.955813 -0.338875 1.040553
1.946244 -0.289614 1.043630
1.931256 -0.220085 1.052365
1.921457 -0.155901 1.067922
1.915506 -0.096094 1.090420
1.915122 -0.038832 1.116875
1.922114 0.017187 1.143190
1.933684 0.072415 1.172817
-0.454217 0.579607 1.648392
-0.503111 0.579110 1.677428
-0.538666 0.566344 1.716866
-0.518415 0.532941 1.763666
-0.457089 0.503759 1.795965
-0.396881 0.486643 1.814785
-0.323443 0.474181 1.830030
1.342654 2.376461 0.322325
1.420827 2.370159 0.302360
1.488196 2.362793 0.274449
1.544594 2.357367 0.240255
1.590760 2.353160 0.201279
1.627769 2.350961 0.158939
1.656944 2.350740 0.114505
1.680395 2.351155 0.069100
1.709268 2.354395 0.000909
1.734868 2.344515 -0.065504
1.759941 2.318389 -0.128033
1.789267 2.277018 -0.184845
1.814755 2.238417 -0.219229
1.846500 2.191169 -0.251079
1.883081 2.133130 -0.280716
1.396361 0.138610 1.059916
1.424047 0.055013 1.068278
1.433465 -0.026570 1.075684
1.424467 -0.105155 1.082531
1.397135 -0.179795 1.088803
1.351818 -0.249624 1.094258
-1.365465 0.368586 1.301112
-1.388684 0.385528 1.373121
-1.391573 0.380762 1.443937
-1.375098 0.355230 1.509919
0.562252 2.668047 -0.430743
0.574787 2.649441 -0.371835
0.588403 2.631803 -0.322290
0.607109 2.614408 -0.267081
0.629472 2.601884 -0.208382
0.655822 2.592558 -0.148160
0.687469 2.584703 -0.088350
0.725221 2.578979 -0.030772
0.769670 2.574724 0.022899
0.820315 2.568603 0.071198
0.876558 2.562573 0.112926
0.938010 2.556331 0.147099
1.004214 2.545746 0.172932
1.074730 2.532562 0.189850
1.149256 2.518778 0.197439
1.227421 2.502281 0.195451
-0.616208 0.671459 2.694098
-0.290978 0.322464 2.980288
-0.242359 0.313017 2.970314
-0.197594 0.317145 2.943240
-0.156560 0.333369 2.901828
-0.117769 0.359453 2.862496
-0.078097 0.393062 2.845857
-0.033210 0.434939 2.832827
0.085609 0.550313 2.790793
0.122231 0.588107 2.780587
0.161216 0.630610 2.767870
0.202057 0.677744 2.756929
0.244128 0.730236 2.750902
0.286707 0.788257 2.745200
0.329016 0.851407 2.742947
0.370273 0.919515 2.741678
0.409694 0.992619 2.741011
0.577230 1.563084 2.625163
1.924215 -0.334572 -1.086911
1.210076 -0.541524 0.847538
1.182567 -0.500216 0.813754
1.154917 -0.465588 0.782169
1.128043 -0.437245 0.749977
1.097709 -0.409290 0.713428
1.068592 -0.379322 0.677422
1.022833 -0.353209 0.651459
0.968389 -0.342092 0.637603
0.905563 -0.332107 0.628701
0.852352 -0.323522 0.623434
0.790564 -0.312705 0.618773
0.721348 -0.299117 0.614889
0.646246 -0.282292 0.611823
0.566745 -0.261896 0.609607
0.236398 -0.144443 0.620644
0.161459 -0.107452 0.630921
0.093588 -0.068517 0.645150
0.034050 -0.028386 0.664062
-0.016418 0.012197 0.688013
-0.057550 0.052559 0.716118
-0.089431 0.092141 0.748899
-0.112459 0.130507 0.787881
-0.127204 0.167351 0.833299
-0.134291 0.202501 0.883912
-0.134482 0.235934 0.938662
-0.128654 0.267758 0.997352
-0.117666 0.298170 1.058941
-0.102338 0.327421 1.124378
0.343825 0.982332 2.659583
1.077997 1.390741 -0.901116
1.129954 1.369338 -0.852845
1.177414 1.349556 -0.800978
1.218676 1.334033 -0.746165
1.252971 1.324033 -0.689761
1.280212 1.321533 -0.633520
1.299146 1.325123 -0.578903
1.308508 1.328938 -0.526520
1.309612 1.329208 -0.476346
1.304014 1.325588 -0.412648
1.299640 1.316810 -0.352277
1.304299 1.308824 -0.295076
1.320509 1.307089 -0.241259
1.346381 1.306309 -0.191343
1.370857 1.308306 -0.144986
1.391745 1.324968 -0.090026
1.408456 1.347252 -0.036069
1.438354 1.361694 0.016709
1.477978 1.350392 0.057011
1.512650 1.320100 0.085894
1.546233 1.269961 0.114062
1.565592 1.224699 0.132766
1.577781 1.168927 0.151900
1.580244 1.101723 0.172107
-0.475829 1.198814 2.329599
-0.498351 1.207134 2.283011
-0.518346 1.207376 2.230636
-0.535157 1.199297 2.178963
-0.546833 1.185030 2.123256
-0.549102 1.165082 2.073675
-0.536466 1.139780 2.028956
-0.504587 1.109456 1.998357
-0.451533 1.075539 1.978992
-0.405016 1.053714 1.970549
-0.351405 1.033843 1.964331
-0.293401 1.017114 1.958709
-0.234557 1.004796 1.949680
-0.178857 0.997615 1.936076
-0.130146 0.995587 1.921747
-0.076837 1.001225 1.901330
-0.073736 1.041918 1.871967
-0.035179 1.076284 1.895761
0.334892 1.198706 -0.442056
0.283170 1.192544 -0.428297
0.222302 1.191270 -0.394599
0.186887 1.195262 -0.348404
0.181701 1.204810 -0.293474
0.208874 1.219903 -0.233765
0.244552 1.232200 -0.193253
0.292824 1.246159 -0.153464
0.351480 1.262543 -0.115382
0.590166 1.362808 -0.005328
0.650555 1.406580 0.018328
0.699636 1.456298 0.038907
0.733628 1.510666 0.057167
0.749130 1.567814 0.074245
0.743674 1.625873 0.091658
0.716176 1.682943 0.111232
0.667085 1.736984 0.134975
0.896237 2.191626 1.307421
0.956939 2.239178 1.281352
-1.699005 -0.219412 0.773440
-1.733155 -0.154552 0.772000
-1.741623 -0.094515 0.782453
-1.677382 -0.084441 0.806755
-1.613334 -0.105894 0.816967
0.195869 0.475458 0.041365
0.234842 0.519223 0.089727
0.247921 0.563750 0.137652
0.237890 0.606838 0.185907
0.209804 0.646655 0.235260
0.170497 0.682056 0.286355
0.127665 0.712713 0.339603
0.088829 0.739021 0.395125
0.060392 0.761858 0.452748
0.046923 0.782291 0.512061
0.050800 0.801338 0.572492
0.601800 1.172265 1.268732
0.622174 1.229641 1.328239
-0.651902 -0.604811 0.098078
-0.672086 -0.533265 0.102021
-0.673674 -0.466714 0.108710
-0.659180 -0.405714 0.118492
-0.631562 -0.350320 0.131427
-0.594023 -0.300144 0.147377
-0.549788 -0.254439 0.166092
-0.501808 -0.212229 0.187282
-0.452438 -0.172479 0.210665
-0.403219 -0.134247 0.236005
-0.354831 -0.096782 0.263116
-0.307203 -0.059560 0.291866
-0.259705 -0.022276 0.322167
-0.211396 0.015184 0.353962
0.657976 0.563223 1.015926
0.697213 0.598587 1.069464
0.734565 0.633818 1.123754
0.770817 0.668756 1.178678
0.806871 0.703323 1.234240
0.843718 0.737547 1.289984
-1.462307 0.153143 0.850371
-1.495751 0.203657 0.892054
-1.506043 0.232667 0.938457
-1.483400 0.235049 1.010711
-1.444299 0.210867 1.056878
1.509619 -0.162030 -0.566493
1.523344 -0.207729 -0.505947
1.536537 -0.249891 -0.443285
1.549932 -0.288247 -0.378481
1.564217 -0.322502 -0.311641
1.579486 -0.352328 -0.243043
1.595202 -0.377353 -0.173124
1.610549 -0.397167 -0.102459
1.625511 -0.411362 -0.031712
1.641293 -0.419599 0.038425
1.658505 -0.421628 0.107269
1.769499 -0.297170 0.458889
1.788933 -0.254265 0.503191
1.805906 -0.205996 0.542965
1.873889 0.163102 0.711254
1.877085 0.213697 0.728301
1.874433 0.278381 0.752332
1.868556 0.326452 0.775683
1.850640 0.364409 0.815122
1.820135 0.349458 0.858004
1.787093 0.305525 0.896187
1.765935 0.258812 0.926901
1.752574 0.204035 0.959576
1.746977 0.144338 0.992878
1.750124 0.082579 1.027081
1.756328 0.020878 1.061622
1.754392 -0.038846 1.093914
1.736825 -0.094505 1.125002
1.701624 -0.145096 1.156140
1.648251 -0.190341 1.186311
1.601180 -0.217323 1.205484
1.544449 -0.241666 1.223460
1.477849 -0.263363 1.239985
-0.987607 0.164260 1.464894
-1.040603 0.175673 1.494554
-1.072199 0.166520 1.537593
-1.046551 0.128959 1.574985
-0.999783 0.092336 1.594893
0.686928 1.191318 1.486339
0.640842 1.216817 1.443271
0.590992 1.236072 1.399997
0.538520 1.250508 1.357479
0.484403 1.261485 1.315169
0.429567 1.269926 1.274090
0.374963 1.276467 1.236396
0.321665 1.281906 1.202812
0.270869 1.287472 1.172558
0.223820 1.295089 1.144872
0.181820 1.305831 1.119658
0.131333 1.324968 1.087140
0.095129 1.352514 1.051557
0.110301 1.389335 1.011217
0.152492 1.413330 0.986577
0.216286 1.445978 0.956379
0.267983 1.474847 0.931530
0.324188 1.508621 0.902333
0.382060 1.545530 0.868283
0.531696 1.678675 0.733945
0.576228 1.784181 0.624329
0.573587 1.836991 0.568321
0.552562 1.886627 0.514062
0.513034 1.932513 0.463728
-0.134714 2.087780 0.379905
-0.207101 2.081474 0.416252
-0.258857 2.074302 0.460170
-0.285965 2.067160 0.508727
-0.285715 2.060767 0.558634
-0.256157 2.054883 0.606418
-0.196535 2.049696 0.648563
1.377623 0.267788 0.976309
1.431245 0.242209 0.994222
1.478713 0.203723 1.015894
1.478727 0.152781 1.037720
1.344677 0.083149 1.068846
-0.196866 0.254106 1.354884
-0.263204 0.281367 1.392639
-0.307082 0.303716 1.431521
-0.327041 0.327657 1.489406
-0.290829 0.343243 1.545049
-0.237227 0.352522 1.581869
1.975837 0.169615 0.954839
1.980598 0.236152 0.969441
1.985756 0.297282 0.984914
1.991708 0.352512 1.001565
1.999311 0.401690 1.019442
2.016488 0.464597 1.047944
2.042655 0.516330 1.077358
2.085616 0.559981 1.104256
2.139529 0.598167 1.123250
2.457753 0.697829 1.030635
2.498547 0.673384 0.984846
2.521008 0.627389 0.937482
2.521361 0.583738 0.907369
2.511374 0.529291 0.879948
2.493397 0.463853 0.856769
-1.383993 0.178521 1.181115
-1.442006 0.205134 1.220781
-1.464566 0.201378 1.280698
-1.437621 0.171095 1.317076
1.198243 2.671936 -0.530998
1.226851 2.619158 -0.572747
1.251122 2.573066 -0.589803
1.279277 2.519971 -0.599663
1.311332 2.462895 -0.603704
1.347758 2.407367 -0.603502
1.389059 2.355526 -0.600812
1.434334 2.302243 -0.597266
1.482455 2.242076 -0.594102
1.532998 2.177294 -0.592338
-1.051884 0.476109 1.310875
-1.070472 0.480631 1.357912
-1.058466 0.465278 1.404951
-0.055239 0.306097 1.983094
-0.026078 0.332201 2.031105
0.006495 0.360876 2.082483
0.041804 0.392862 2.134625
-1.260399 -0.084294 0.728401
-1.283185 -0.036504 0.740683
-1.270370 0.004846 0.766737
-1.204468 0.011620 0.797610
0.727129 1.531905 2.238593
0.743535 1.566360 2.199270
0.179365 0.771535 0.514787
0.222196 0.807460 0.563286
0.244141 0.846267 0.611193
0.246082 0.885914 0.659437
0.230354 0.924522 0.708934
0.200378 0.960658 0.760516
0.160218 0.993436 0.814867
1.056604 0.530119 0.963691
1.082251 0.586402 1.008584
1.107193 0.643784 1.055998
1.132684 0.701831 1.105782
1.159935 0.760204 1.157765
1.877402 1.571355 1.231759
-1.399406 -0.203734 0.259651
-1.438663 -0.148191 0.264624
-1.506769 -0.007864 0.297380
-1.512729 0.059529 0.331686
-1.490044 0.104184 0.372733
-1.442290 0.126886 0.417365
0.162842 0.351168 1.052625
0.408403 0.808921 1.757944
0.422456 0.837223 1.801452
0.436541 0.865898 1.844627
0.450677 0.894962 1.887054
0.089709 0.758735 0.793794
0.139348 0.788946 0.834763
0.169202 0.823985 0.874578
0.179444 0.861761 0.914190
0.171457 0.900062 0.954610
0.147490 0.936765 0.996904
0.110668 0.970040 1.042136
0.064998 0.998459 1.091228
0.015022 1.021154 1.144787
-0.034707 1.038155 1.203037
-0.080077 1.050309 1.265918
-0.117709 1.058611 1.333306
-0.145112 1.063965 1.404995
0.976324 0.426910 0.926173
1.002229 0.478176 0.974738
1.027438 0.529817 1.026313
1.052940 0.581540 1.080446
1.079795 0.633190 1.136443
-1.627324 0.228552 0.535087
-1.630945 0.277824 0.592098
-1.606872 0.300082 0.652534
-1.558925 0.297006 0.712550
1.268562 -0.067285 -0.879769
1.267655 -0.106533 -0.823136
1.267463 -0.141073 -0.765079
1.268116 -0.171124 -0.705804
1.269777 -0.197006 -0.645555
1.272786 -0.219126 -0.584543
1.277785 -0.237932 -0.522911
1.285575 -0.253879 -0.460731
1.296518 -0.267394 -0.398054
1.310488 -0.278870 -0.334990
1.327409 -0.288667 -0.271733
1.346703 -0.297087 -0.208552
1.367651 -0.304342 -0.145746
1.390844 -0.310561 -0.083593
1.417150 -0.315820 -0.022303
1.446422 -0.320096 0.037973
1.478585 -0.323242 0.097108
1.513807 -0.324991 0.154981
2.002726 0.473283 0.764890
2.010155 0.545800 0.773455
2.019349 0.612457 0.781104
2.032327 0.671823 0.787988
2.048782 0.722701 0.794134
2.077850 0.781033 0.801773
2.114282 0.816342 0.806853
2.174499 0.829644 0.808453
2.235370 0.808889 0.805545
2.280624 0.773564 0.799760
2.326065 0.723948 0.790773
2.356374 0.684248 0.784009
2.385235 0.640017 0.776701
2.411200 0.591740 0.768784
2.436500 0.539728 0.760517
2.461123 0.484138 0.752977
2.484844 0.425103 0.747481
2.507124 0.362762 0.744894
2.524157 0.297292 0.745744
2.529939 0.229152 0.750435
2.522911 0.159066 0.759296
2.505011 0.087686 0.772553
2.478877 0.015511 0.790293
2.446101 -0.057036 0.812463
-1.147843 -0.053091 1.028685
-1.209488 -0.015818 1.043850
-1.245678 0.008775 1.072423
-1.188248 -0.014504 1.107515
1.918301 -0.658457 0.215467
1.893358 -0.668625 0.260054
-0.124113 -0.316805 0.449832
-0.175870 -0.257832 0.439096
-0.213997 -0.195762 0.436409
-0.238194 -0.131963 0.442614
-0.248624 -0.067847 0.458581
-0.245735 -0.004805 0.484256
-0.230401 0.055866 0.518411
-0.203918 0.113086 0.559669
-0.167909 0.166060 0.606891
-0.412315 0.576663 2.216692
-0.342360 0.556376 2.231612
-0.287812 0.549333 2.230951
-0.228460 0.548474 2.223764
-0.165535 0.554271 2.212794
-0.100174 0.567142 2.199469
-0.033460 0.587420 2.187507
0.033664 0.614803 2.179583
0.100428 0.648489 2.171195
0.166226 0.688394 2.159679
0.230621 0.735019 2.144058
0.385424 2.447956 -0.009216
0.338494 2.452413 -0.053810
0.285818 2.455623 -0.097325
0.329458 2.426748 -0.098364
0.380662 2.413514 -0.086950
0.444656 2.399591 -0.076471
2.271284 -0.098840 0.803793
2.233475 -0.080298 0.833544
2.170024 -0.080661 0.859773
2.117592 -0.091026 0.875680
2.061871 -0.108907 0.890553
-1.095378 0.278016 0.865664
-1.119298 0.315332 0.936017
-1.125273 0.336121 1.009904
-1.114135 0.340470 1.083710
-1.086589 0.329519 1.154621
-1.043043 0.305343 1.220371
0.419547 2.523904 0.422879
0.436239 2.525614 0.503521
0.455610 2.530499 0.577273
0.478300 2.538904 0.643326
0.505088 2.550063 0.700895
0.536499 2.564721 0.749213
0.572864 2.585483 0.787557
0.614556 2.608912 0.815180
0.661927 2.630505 0.831297
0.715050 2.652338 0.835181
0.774040 2.672724 0.826210
0.839012 2.690187 0.803919
0.488677 -0.606033 0.650775
0.428030 -0.584052 0.605220
0.371325 -0.560270 0.561008
0.319225 -0.534268 0.519680
0.272310 -0.505809 0.481711
0.230664 -0.474870 0.447459
0.193844 -0.441577 0.417519
0.161037 -0.406133 0.392287
0.131281 -0.368768 0.371904
0.103624 -0.329686 0.356431
0.063973 -0.268228 0.342805
0.037466 -0.225547 0.340438
0.010051 -0.181572 0.343832
-0.018887 -0.136317 0.352969
-0.049778 -0.089760 0.367749
-0.082706 -0.041875 0.388400
-0.117378 0.007302 0.415485
-0.153270 0.057628 0.449512
-0.189731 0.108844 0.490527
-0.226018 0.160564 0.538172
-0.261360 0.212283 0.592522
0.975450 1.836029 -0.925360
0.933941 1.838672 -0.859749
0.899276 1.844872 -0.805532
0.860261 1.850410 -0.743415
0.827742 2.073675 0.811565
0.846461 2.109358 0.886395
0.867586 2.146936 0.957383
0.892713 2.187711 1.023056
0.922707 2.233309 1.081982
0.958050 2.279687 1.132656
-0.530864 -0.209671 2.100432
-0.451002 -0.228486 2.080206
-0.370851 -0.236175 2.057344
-0.290708 -0.232780 2.032843
1.271521 1.088935 -0.827850
1.270916 1.020431 -0.778197
1.270206 0.955791 -0.728634
1.270052 0.896250 -0.679617
1.271112 0.842111 -0.631557
1.274137 0.792678 -0.584733
1.279313 0.746883 -0.539270
1.286464 0.704252 -0.495118
1.295897 0.664515 -0.452078
1.308114 0.627104 -0.409945
1.322917 0.591327 -0.368609
1.339844 0.556650 -0.328058
1.359151 0.522749 -0.288330
1.381801 0.489434 -0.249497
1.408457 0.456612 -0.211670
1.438720 0.424326 -0.174932
1.471784 0.392769 -0.139278
1.506294 0.362261 -0.104580
1.540502 0.333194 -0.070629
1.573404 0.305953 -0.037210
1.605076 0.280845 -0.004141
1.635883 0.258089 0.028699
1.679004 0.228681 0.077624
1.714156 0.204953 0.126081
1.739613 0.185796 0.173883
1.756395 0.168525 0.220992
1.765320 0.149238 0.267592
1.758679 0.123712 0.313918
1.728891 0.088594 0.360029
1.696090 0.058814 0.390484
0.280322 -0.358167 0.544496
0.213971 -0.334372 0.531027
0.167411 -0.304856 0.519307
0.135701 -0.254513 0.507562
0.146536 -0.203327 0.504734
0.191286 -0.157590 0.511200
0.234416 -0.132383 0.519963
0.283994 -0.112354 0.531507
0.336277 -0.097800 0.544929
0.387539 -0.088647 0.559313
0.454734 -0.084047 0.581576
0.500722 -0.087747 0.604327
0.482907 -0.103024 0.658675
0.412726 -0.100123 0.682531
0.344782 -0.091458 0.697901
0.867030 1.675206 2.288051
-0.273978 2.500797 0.572879
-0.258796 2.481461 0.647656
-0.239783 2.462219 0.713670
-0.217409 2.447378 0.769984
-0.191738 2.437096 0.815880
-0.146342 2.426762 0.863889
-0.092745 2.420643 0.886061
-0.030177 2.413866 0.882947
0.041967 2.409392 0.855600
0.095349 2.406307 0.824259
0.152173 2.404441 0.782800
0.211832 2.404771 0.731761
2.150519 0.107768 0.773972
2.125231 0.155794 0.796143
2.083668 0.188167 0.823304
2.035468 0.182515 0.850527
1.980624 0.154872 0.872494
1.937599 0.127041 0.888200
1.892212 0.093040 0.904539
1.846699 0.054062 0.921498
1.802658 0.011222 0.939159
1.758906 -0.034372 0.957231
1.714829 -0.081593 0.975273
1.671039 -0.129445 0.993197
1.627800 -0.177012 1.010749
1.583974 -0.223500 1.027365
1.538355 -0.268294 1.042630
1.489116 -0.310692 1.056049
1.435180 -0.350011 1.067329
1.376131 -0.385705 1.076589
1.312425 -0.417274 1.083636
1.244680 -0.444431 1.088042
1.171043 -0.467095 1.089403
-0.993984 0.125286 1.050693
-1.048933 0.164624 1.089076
-1.079461 0.188651 1.131605
-1.077721 0.195176 1.198411
-1.044702 0.181645 1.240673
-0.986747 0.156909 1.278287
0.442642 2.920800 -0.170053
0.419713 2.908800 -0.226925
0.445775 2.863011 -0.202863
0.485371 2.846383 -0.155268
0.519868 2.834095 -0.119899
0.561245 2.825883 -0.083925
0.609576 2.817233 -0.049255
0.664800 2.805055 -0.017661
0.726744 2.789988 0.009260
0.795175 2.771664 0.030121
0.869832 2.751578 0.043758
-1.053671 0.730890 1.351624
-1.095201 0.740493 1.407967
-1.109996 0.730186 1.465972
-1.097033 0.699793 1.523757
0.030136 0.332849 1.952750
-0.053393 0.485014 2.124786
-0.069026 0.504176 2.171833
-0.076707 0.521176 2.222188
-0.075162 0.537295 2.276654
-0.063966 0.553763 2.335025
-0.043348 0.571665 2.395377
-0.013981 0.591952 2.454840
0.023200 0.615590 2.513401
0.067158 0.643530 2.571934
-0.014615 -0.153491 -0.621629
-0.051548 -0.108885 -0.569036
-0.056601 -0.064253 -0.516838
-0.030499 -0.021216 -0.464816
0.710875 1.187955 0.208646
0.653348 1.222585 0.248967
0.607053 1.251331 0.293309
0.573952 1.275779 0.341001
0.554542 1.297439 0.391232
0.547724 1.317816 0.443172
0.551131 1.338577 0.496108
0.561915 1.361792 0.549530
0.577111 1.389440 0.603176
0.593736 1.421768 0.657030
0.609098 1.457505 0.711286
0.621129 1.496887 0.766315
0.628569 1.539310 0.822527
0.631088 1.582986 0.880173
0.629276 1.626964 0.939287
0.624331 1.671878 0.999717
0.617754 1.718881 1.061100
0.611201 1.767781 1.122788
0.606285 1.816747 1.183768
0.604375 1.866042 1.242714
-0.908636 -0.337186 0.042716
-0.913909 -0.262290 0.061752
-0.897087 -0.198167 0.085052
-0.862887 -0.144364 0.112067
-0.816563 -0.099494 0.142112
-0.763453 -0.061584 0.174523
-0.708206 -0.028512 0.208748
-0.654084 0.001651 0.244390
-0.602676 0.030475 0.281200
-0.553991 0.059135 0.319061
-1.434528 -0.072656 0.260899
-1.416169 -0.011841 0.285828
-1.376224 0.031169 0.317023
-1.318044 0.057706 0.352076
0.175540 0.403151 1.108440
0.595678 1.127253 2.170422
0.627708 1.191899 2.215884
0.258842 0.813785 0.690877
0.299792 0.861358 0.726335
0.317814 0.912368 0.761041
0.313136 0.964062 0.796116
0.287431 1.013787 0.832794
0.243741 1.059130 0.872322
-0.150835 1.186612 1.243798
-0.179533 1.187532 1.317501
-0.192084 1.186625 1.393798
-0.188560 1.185190 1.471594
-0.183624 -0.713412 0.372852
-0.180434 -0.657349 0.345116
-0.171214 -0.602313 0.321069
-0.156665 -0.548504 0.301194
-0.137316 -0.495902 0.285784
-0.113749 -0.444418 0.274991
-0.086627 -0.394023 0.268860
-0.056671 -0.344761 0.267361
-0.024645 -0.296719 0.270397
0.008631 -0.250014 0.277807
0.042290 -0.204770 0.289357
0.075443 -0.161091 0.304752
0.107226 -0.119037 0.323626
0.136851 -0.078619 0.345606
0.163635 -0.039807 0.370627
0.187025 -0.002548 0.398677
0.206612 0.033219 0.429584
0.222153 0.067545 0.463179
0.233602 0.100475 0.499328
0.241165 0.132053 0.537887
0.245334 0.162328 0.578753
0.246940 0.191358 0.621961
0.247155 0.219203 0.667560
0.247465 0.245917 0.715721
0.249581 0.271526 0.766404
0.255306 0.296012 0.818954
0.266389 0.319291 0.872677
0.284374 0.341232 0.926583
0.310428 0.361680 0.979606
0.345160 0.380495 1.031522
-0.341315 0.738154 1.555043
-0.413904 0.764899 1.557298
-0.481425 0.791401 1.560488
-0.543389 0.816972 1.564071
-0.599358 0.841002 1.568436
-0.648905 0.862741 1.574428
-0.709964 0.889064 1.586588
-0.764247 0.907824 1.608162
-0.781912 0.886975 1.652301
-0.743361 0.845357 1.689545
-0.687223 0.802252 1.720055
-0.635927 0.770053 1.738131
0.105597 0.732515 1.851810
0.150026 0.775380 1.858438
0.178653 0.823203 1.863117
0.191617 0.872932 1.867335
0.184351 0.945565 1.878652
0.164872 0.990017 1.893432
0.137121 1.029649 1.914532
0.104607 1.063438 1.939117
0.071105 1.091089 1.964783
0.027173 1.122463 2.007003
0.000745 1.145739 2.056457
0.000219 1.167164 2.112162
0.030327 1.193494 2.170580
0.068041 1.216230 2.206069
0.119315 1.243064 2.237867
0.183157 1.274828 2.267779
0.537527 1.459298 2.341602
1.233351 -0.385719 1.235554
1.178258 -0.357835 1.228236
1.121342 -0.332319 1.223043
1.063229 -0.308492 1.218497
1.004989 -0.285857 1.213679
0.947486 -0.264082 1.208709
0.890776 -0.242969 1.203682
0.834278 -0.222346 1.199178
0.777784 -0.201987 1.196423
0.720743 -0.181607 1.195488
0.661965 -0.160869 1.195689
0.600660 -0.139360 1.196456
0.536519 -0.116630 1.198162
0.469205 -0.092259 1.201727
-0.532855 0.332886 1.622516
-0.540222 0.335713 1.694836
0.766815 1.424186 -0.604750
0.730526 1.372233 -0.588180
0.707728 1.329775 -0.554369
0.703065 1.298635 -0.508391
0.719287 1.281188 -0.455278
0.757187 1.278951 -0.399674
0.793340 1.286538 -0.363225
0.835816 1.301659 -0.328389
0.881488 1.324602 -0.295824
0.926468 1.353982 -0.265872
0.966190 1.388432 -0.238497
0.996235 1.428456 -0.213284
1.013090 1.473739 -0.189483
1.014165 1.521709 -0.166028
0.998468 1.569858 -0.141604
0.966905 1.616719 -0.114794
0.921756 1.661407 -0.084240
0.866521 1.703600 -0.048773
0.805901 1.741993 -0.007548
0.745721 1.774919 0.039821
0.692418 1.803397 0.093139
0.651480 1.828526 0.151650
0.626243 1.850136 0.214189
0.617591 1.869416 0.279397
0.623965 1.888351 0.345990
0.641686 1.907869 0.412965
0.665732 1.929151 0.479644
0.691060 1.953804 0.545744
0.713046 1.980886 0.611404
0.727768 2.010212 0.677149
0.733389 2.042265 0.743685
0.730319 2.077401 0.811599
0.720226 2.116189 0.881214
0.705387 2.157690 0.952576
-1.273097 0.537936 0.718538
-1.260941 0.569134 0.786258
-1.233547 0.581362 0.854107
-1.192834 0.575846 0.920072
0.061914 0.312051 1.396806
0.099316 0.350997 1.427618
0.125000 0.393348 1.461802
0.140510 0.437393 1.498267
0.147716 0.481710 1.536576
0.148707 0.525320 1.577225
0.145651 0.567616 1.621210
0.140610 0.608190 1.669938
0.135410 0.646823 1.724121
0.131564 0.683576 1.782233
0.132213 0.752980 1.902425
0.137990 0.786758 1.967382
0.147744 0.820735 2.036439
0.161432 0.855468 2.106502
0.178860 0.891392 2.175043
0.892055 -0.603678 -0.572420
0.860270 -0.594224 -0.499674
0.842295 -0.575597 -0.429680
0.837645 -0.549158 -0.362277
0.845350 -0.516041 -0.297270
0.863705 -0.477148 -0.234516
0.890214 -0.433170 -0.173976
1.060456 -0.099240 0.134661
1.078263 -0.040461 0.175654
1.094582 0.016306 0.213734
1.111561 0.070085 0.249113
1.131594 0.120074 0.282035
1.156564 0.165675 0.312739
1.188097 0.206517 0.341432
1.227716 0.242468 0.368270
1.276217 0.273658 0.393350
1.724384 0.435219 0.522294
1.774131 0.470077 0.534303
1.813903 0.513405 0.544774
1.843164 0.566187 0.553790
1.862645 0.628646 0.561470
1.838762 1.218270 0.595193
1.833319 1.298062 0.599436
1.832078 1.370326 0.603135
1.835510 1.433756 0.605793
1.844305 1.487585 0.606785
1.868452 1.550059 0.603273
1.906583 1.590954 0.590755
1.958045 1.610867 0.567040
2.023211 1.608036 0.532060
2.072392 1.589766 0.502380
2.125020 1.557136 0.468344
-0.218271 0.207749 1.376173
-0.148273 0.222138 1.417924
-0.081047 0.242536 1.463758
-0.016851 0.268665 1.513387
0.628356 1.255179 2.329755
0.426132 1.038170 -0.706122
0.398419 1.028161 -0.646836
0.379524 1.022309 -0.585274
0.370662 1.020760 -0.522049
0.372928 1.023500 -0.457704
0.386990 1.030280 -0.392773
0.412713 1.040556 -0.327854
0.448993 1.054383 -0.263609
0.493724 1.072643 -0.200705
0.543884 1.096213 -0.139727
0.595745 1.125542 -0.081102
0.645134 1.160460 -0.025028
0.687706 1.200352 0.028567
0.719409 1.244532 0.080065
0.737050 1.292140 0.130160
0.738866 1.341892 0.179820
0.724840 1.392177 0.230205
0.696736 1.441426 0.282538
-0.756174 -0.781051 0.042785
-0.753658 -0.713449 0.051231
-0.727161 -0.654061 0.060889
-0.372932 -0.389805 0.158091
-0.321802 -0.348522 0.179812
-0.275596 -0.306363 0.202638
-0.231896 -0.263306 0.226504
-0.187567 -0.219481 0.251402
1.072447 0.296543 0.718068
1.117665 0.331097 0.745933
1.155960 0.368995 0.773946
1.188627 0.409781 0.802263
1.217147 0.452821 0.831016
1.243147 0.497402 0.860265
1.268321 0.542832 0.889986
1.294297 0.588528 0.920009
1.322425 0.634063 0.949924
1.353625 0.679188 0.979067
1.388808 0.723831 1.006641
1.428253 0.768092 1.032110
1.471276 0.812188 1.055356
-1.046786 -0.162867 0.360866
-1.068154 -0.104176 0.371837
-1.050333 -0.042346 0.398935
-1.008120 -0.017486 0.421679
-0.944866 -0.003374 0.446272
0.043022 0.597793 1.041444
0.094366 0.627938 1.063074
0.123538 0.663374 1.084841
0.127123 0.719908 1.120465
0.105925 0.755858 1.148087
0.069908 0.787896 1.180240
0.023379 0.814615 1.217984
-0.028939 0.835319 1.261800
-0.082190 0.850043 1.311042
-0.131749 0.859467 1.364687
-0.173614 0.864672 1.422365
-0.204714 0.866882 1.483332
-0.223054 0.867377 1.545518
-0.227685 0.867532 1.607891
-0.218531 0.868612 1.671057
-0.196176 0.871577 1.735310
-0.161702 0.877416 1.799680
-0.193599 -0.882824 0.324658
-0.180555 -0.825327 0.307844
-0.158144 -0.770212 0.292514
-0.129268 -0.717503 0.279224
-0.096422 -0.666750 0.268310
-0.061428 -0.617185 0.259981
-0.025328 -0.568093 0.254373
0.011576 -0.519086 0.251589
0.049521 -0.470137 0.251701
0.089012 -0.421477 0.254743
0.130529 -0.373470 0.260712
0.174285 -0.326496 0.269554
0.220083 -0.280872 0.281162
0.338545 -0.173586 0.321287
0.384669 -0.133226 0.341329
0.428439 -0.094042 0.363376
0.469015 -0.055827 0.387276
0.505805 -0.018438 0.412977
0.538432 0.018157 0.440516
0.566670 0.053874 0.469973
0.590382 0.088519 0.501428
0.609507 0.121830 0.534865
0.629736 0.168656 0.588275
0.640753 0.210965 0.644648
0.644969 0.248276 0.703498
0.646493 0.280619 0.764787
0.650826 0.308420 0.828121
0.663996 0.332285 0.892491
0.691279 0.352812 0.956042
0.719005 0.364899 0.997095
0.754721 0.375879 1.036983
-0.818304 0.669325 1.503180
-0.884347 0.695596 1.534668
-0.938001 0.714040 1.568530
-0.979528 0.723432 1.603720
-1.020168 0.718950 1.657263
-1.036068 0.691660 1.709483
-1.027998 0.641954 1.759088
-1.008942 0.597185 1.791269
-0.977355 0.544483 1.822358
0.141620 1.756219 2.194529
0.124178 1.800063 2.177745
0.130562 1.840636 2.146537
0.161827 1.884199 2.103464
0.499533 -0.435069 0.813697
0.451146 -0.404663 0.791243
0.402659 -0.374247 0.769857
0.354380 -0.343228 0.749539
0.307074 -0.311208 0.731182
0.261493 -0.277974 0.715472
0.218233 -0.243446 0.702388
0.177806 -0.207629 0.692360
0.140696 -0.170596 0.686829
0.107282 -0.132481 0.686787
0.064511 -0.073699 0.698103
0.030334 -0.013661 0.724017
0.011788 0.026676 0.748771
-0.004023 0.067004 0.778377
-0.017838 0.107138 0.813338
-0.030426 0.146923 0.854130
-0.042522 0.186228 0.900512
-0.054853 0.224947 0.951917
2.110404 0.429974 1.023398
2.125937 0.509871 1.040008
2.141819 0.585321 1.057933
2.159296 0.656325 1.076589
2.179914 0.723095 1.094455
-1.403599 -0.077014 0.605005
-1.440577 -0.027113 0.623696
-1.408915 -0.000574 0.660629
0.905044 -0.229254 -0.852271
0.898848 -0.240050 -0.787146
0.896592 -0.245525 -0.721978
0.897607 -0.246425 -0.657122
0.901567 -0.243497 -0.592985
0.908311 -0.237511 -0.530082
0.917819 -0.229260 -0.468936
0.930264 -0.219552 -0.409907
0.945988 -0.209194 -0.353069
0.965339 -0.198963 -0.298221
0.988455 -0.189565 -0.245007
1.015271 -0.181614 -0.193053
1.045899 -0.175611 -0.142042
1.080684 -0.171954 -0.091737
1.119972 -0.170929 -0.041974
1.163883 -0.172700 0.007357
1.212003 -0.177282 0.056329
1.263481 -0.184514 0.104986
2.032825 0.207963 0.803729
2.040720 0.276287 0.816270
2.050069 0.342954 0.827861
2.060439 0.406554 0.838624
2.071340 0.465878 0.848595
2.082074 0.519951 0.857714
2.093175 0.568059 0.866039
2.118076 0.628240 0.877658
2.150291 0.673761 0.887307
2.188830 0.712277 0.896324
2.248946 0.728706 0.900709
2.303275 0.729561 0.897810
2.358725 0.721890 0.886990
2.412219 0.705693 0.869640
2.464526 0.680448 0.847996
2.511173 0.644917 0.822751
2.549333 0.597388 0.795765
2.573693 0.536193 0.770431
2.587289 0.486908 0.756078
2.595333 0.430554 0.744849
2.591178 0.367529 0.737921
2.575911 0.298556 0.736382
-1.280059 0.040550 1.052521
1.803838 -0.023764 0.889039
1.751830 0.021390 0.917763
1.700776 0.037639 0.938045
1.643549 0.039302 0.958755
1.584041 0.028188 0.981277
1.522780 0.007007 1.005117
1.461389 -0.021330 1.029103
1.382185 -0.064855 1.063357
1.329175 -0.098482 1.090223
1.280075 -0.130946 1.115281
1.232935 -0.160883 1.135609
1.184760 -0.187391 1.151178
1.127216 -0.210138 1.163165
1.052899 -0.228293 1.171882
0.991859 -0.237036 1.176038
-0.879766 0.258603 1.400312
-0.920936 0.272384 1.439122
-0.941112 0.269377 1.495793
-0.911413 0.240910 1.548083
-0.864787 0.211439 1.578628
0.864086 1.614833 0.464634
0.840989 1.612460 0.388024
0.817081 1.608667 0.316802
0.792921 1.603208 0.251475
0.770133 1.596234 0.192452
0.750197 1.588543 0.139904
0.715334 1.571675 0.035490
0.707119 1.561744 -0.023099
0.737433 1.563314 -0.072594
0.794643 1.584737 -0.101075
0.848461 1.611341 -0.119685
0.903272 1.646487 -0.137375
0.950980 1.690129 -0.154398
0.982892 1.740037 -0.169825
0.990801 1.796587 -0.181485
0.968072 1.856987 -0.186001
0.934033 1.896703 -0.182855
0.885308 1.935088 -0.173089
0.824325 1.971292 -0.155367
0.479202 2.102509 0.072278
0.439852 2.118469 0.141901
0.422264 2.129277 0.215272
0.428296 2.137864 0.289617
0.457574 2.147138 0.362135
0.863872 2.201189 0.636691
0.941553 2.219079 0.656522
1.008902 2.242617 0.667650
1.063344 2.269323 0.671159
1.103771 2.298997 0.668414
1.139255 2.350780 0.656136
1.150158 2.409045 0.638820
1.146088 2.469065 0.619528
1.136629 2.531505 0.598691
1.130314 2.594582 0.575586
1.136012 2.648663 0.548183
1.159867 2.688678 0.512958
1.204876 2.714596 0.466279
1.246653 2.725862 0.427269
1.297555 2.728532 0.381167
1.357689 2.716138 0.327748
-0.593088 0.649838 2.751843
0.740090 1.986787 -0.386126
0.753812 1.982024 -0.305181
0.772568 1.980685 -0.224605
0.812411 1.980936 -0.106966
0.847833 1.979675 -0.032276
0.890811 1.976267 0.038248
0.941150 1.974248 0.103781
0.998080 1.974491 0.163704
1.060291 1.975284 0.217585
1.126112 1.975817 0.265169
1.193906 1.976880 0.306384
1.261938 1.978160 0.341317
1.328212 1.980271 0.370172
1.391310 1.984487 0.393349
1.450435 1.991711 0.411373
1.504955 2.002413 0.424748
1.554741 2.016174 0.433896
1.622840 2.040242 0.440355
1.688237 2.063514 0.438361
1.756180 2.081767 0.427021
1.827467 2.086905 0.404991
1.876610 2.079806 0.383982
1.927671 2.063858 0.357852
1.982576 2.040324 0.326738
2.042559 2.008249 0.290820
0.743641 0.876344 1.462652
0.790558 0.854395 1.494667
0.828390 0.831729 1.519904
0.866862 0.796970 1.547322
0.879925 0.748380 1.571184
0.843840 0.700853 1.589765
0.782788 0.671154 1.607858
-0.981291 0.873900 2.084750
-1.031721 0.853996 2.123640
-1.066427 0.820424 2.159913
-1.084490 0.773434 2.193665
-1.085355 0.713772 2.225743
-1.068694 0.642826 2.253851
-0.061047 1.854589 2.201936
-0.072752 1.860906 2.139597
-0.039859 1.867263 2.068753
1.020996 0.385354 1.182394
1.048891 0.437685 1.241604
-1.061345 1.251633 1.685630
-1.046894 1.245741 1.761618
-1.031528 1.228181 1.833551
-1.014455 1.200057 1.899903
-0.994643 1.162769 1.959794
-0.971070 1.118175 2.013289
-0.942736 1.067455 2.061714
-0.908591 1.011531 2.105675
-0.867422 0.952357 2.143788
-0.004385 0.567156 2.341883
0.041856 0.613807 2.355624
0.064577 0.666887 2.378379
0.068698 0.721102 2.418110
0.064459 0.756028 2.455065
0.057393 0.788754 2.497885
0.049968 0.818906 2.540621
0.043203 0.859968 2.596782
0.047363 0.898631 2.643618
0.066788 0.939369 2.684899
0.103606 0.985551 2.723264
0.138011 1.020519 2.746660
0.180017 1.059947 2.766730
0.229185 1.104751 2.787692
-0.651075 0.160846 0.126102
-0.595690 0.171508 0.177497
-0.550300 0.183337 0.228220
-0.512769 0.196671 0.278496
-0.480044 0.211689 0.328560
-0.448873 0.228483 0.378635
-1.375991 -0.010154 0.509513
-1.387861 0.047998 0.536618
-1.375502 0.087339 0.568566
-1.342072 0.108342 0.603200
-1.290328 0.112726 0.638381
0.367858 0.869165 0.623799
0.405912 0.926915 0.659639
0.418925 0.987276 0.694910
0.407732 1.047427 0.730853
0.374436 1.104767 0.768790
0.069710 -0.583192 0.536800
0.058498 -0.536114 0.512514
0.050646 -0.489213 0.491492
0.045581 -0.442516 0.474152
0.041785 -0.373010 0.455696
0.040542 -0.304352 0.446579
0.039727 -0.236831 0.446985
0.037567 -0.170773 0.457497
0.032873 -0.106402 0.478480
0.012362 0.037322 0.566276
0.006331 0.076864 0.600807
0.001919 0.115704 0.639719
0.000298 0.153741 0.683037
0.002694 0.190812 0.730380
0.010300 0.226700 0.781420
0.024164 0.261155 0.835874
0.045037 0.293921 0.893451
0.073245 0.324769 0.953671
-0.352928 0.850508 1.773430
-0.408393 0.866491 1.765446
-0.458925 0.882016 1.756872
-0.525129 0.903248 1.747258
-0.579230 0.920646 1.740078
-0.632113 0.936118 1.730155
-0.619101 0.889678 1.749276
-0.560040 0.858677 1.760522
-0.506795 0.837236 1.765716
0.074135 0.856688 1.757772
0.119852 0.892363 1.757494
0.151093 0.932983 1.757319
0.170311 0.998235 1.755144
0.159659 1.062043 1.759323
0.127412 1.119284 1.774986
0.085758 1.167234 1.797853
0.048795 1.205577 1.824819
0.029877 1.245115 1.871659
0.051515 1.272078 1.917339
0.086086 1.292580 1.947367
0.137170 1.317058 1.976040
0.204196 1.346261 2.004621
1.508607 -0.262407 1.339765
1.467269 -0.226775 1.343815
1.425966 -0.195218 1.350210
1.383674 -0.167376 1.359147
1.338430 -0.142817 1.369269
1.291779 -0.121124 1.379574
1.245059 -0.101936 1.390447
1.198176 -0.084848 1.402678
1.151671 -0.069339 1.416127
1.104935 -0.054838 1.429704
1.055911 -0.040865 1.442897
1.002998 -0.027009 1.456281
0.944187 -0.012797 1.470314
-0.480256 0.113750 2.127275
-0.419642 0.098569 2.134193
-0.362392 0.090290 2.138480
-0.310699 0.088587 2.140202
-0.247011 0.096538 2.138900
-0.191625 0.121278 2.135902
-0.169196 0.173937 2.133632
-0.194154 0.218964 2.129997
-0.231619 0.250341 2.114897
-0.283741 0.279128 2.109384
-0.327250 0.296049 2.128530
-0.301839 0.300718 2.173205
-0.239926 0.304599 2.198302
-0.170955 0.314415 2.215150
-0.115009 0.326734 2.225694
-0.052003 0.345365 2.233475
0.016978 0.371380 2.239137
0.311296 2.566791 -0.360361
0.315972 2.555867 -0.306447
0.335958 2.548952 -0.234779
0.358445 2.547942 -0.181007
0.387891 2.547697 -0.124986
0.423830 2.545336 -0.068677
0.466295 2.540301 -0.013887
0.515726 2.534014 0.037684
0.572456 2.526017 0.084422
0.636313 2.517394 0.124860
0.706745 2.509908 0.157738
0.783369 2.499620 0.182018
-0.327495 1.002387 0.737861
-0.386941 1.033047 0.755823
-0.427127 1.058968 0.777425
-0.441313 1.090666 0.825763
-0.392515 1.097403 0.860845
-0.334942 1.097016 0.881095
-0.261797 1.096012 0.897700
0.095202 1.152957 0.924182
0.140000 1.184271 0.921453
0.162368 1.237125 0.915247
0.129008 1.286850 0.910901
0.079185 1.313454 0.912331
0.012670 1.332628 0.919391
-0.064048 1.343348 0.932851
-0.143409 1.345544 0.952762
-0.217281 1.340493 0.978702
-0.277619 1.330856 1.009497
-0.317279 1.319767 1.043329
-0.326323 1.306841 1.095695
-0.266405 1.304013 1.145310
-0.497820 1.053791 1.881746
-0.543538 1.067967 1.867103
-0.601273 1.086072 1.846097
-0.646436 1.098167 1.825055
-0.693961 1.104935 1.793441
-0.687168 1.076436 1.752726
-0.649383 1.046228 1.731805
-0.586374 1.009639 1.708288
-0.530152 0.984802 1.692925
-0.122997 0.921705 1.619545
-0.062916 0.931090 1.612591
0.000733 0.956673 1.603743
0.030079 1.002711 1.594630
0.004014 1.046855 1.584094
-0.047669 1.076542 1.577709
-0.076750 1.105565 1.608729
-0.027046 1.122226 1.633492
0.032755 1.138032 1.648384
-0.308318 0.457384 2.706072
-0.240503 0.445891 2.699968
-0.172534 0.448725 2.683259
-0.105844 0.466101 2.657754
-0.041103 0.495348 2.635535
0.000986 0.521082 2.623442
0.042405 0.551796 2.615005
0.083399 0.587011 2.607571
0.124244 0.626555 2.597987
0.165213 0.670536 2.584082
0.206524 0.718919 2.567424
0.248285 0.771604 2.550263
0.290464 0.828680 2.532624
0.332886 0.889922 2.513135
