3 2360
0.890973 1.810728 -0.262480
0.927454 1.794911 -0.195823
0.969436 1.779423 -0.133185
1.013772 1.765255 -0.074911
1.057794 1.753850 -0.020972
1.099390 1.745241 0.028971
1.136903 1.740766 0.075513
1.169575 1.742857 0.119297
1.197545 1.751737 0.160860
1.232185 1.775258 0.220169
1.260340 1.804704 0.277251
1.285427 1.835863 0.332774
1.314543 1.864261 0.386186
1.353834 1.888055 0.435612
1.403316 1.906266 0.478384
2.203727 0.777141 1.018633
2.165924 0.716202 0.975973
2.108511 0.644450 0.940476
2.071260 0.605420 0.925639
2.027726 0.564839 0.912680
1.977712 0.523075 0.901596
1.921285 0.480494 0.892470
1.858570 0.437548 0.885440
1.789529 0.394782 0.880634
1.714024 0.352776 0.878109
1.632017 0.312088 0.877817
1.543663 0.273230 0.879597
1.449295 0.236678 0.883203
1.349359 0.202885 0.888346
1.244336 0.172283 0.894737
1.134625 0.145272 0.902119
1.020499 0.122224 0.910279
0.902218 0.103474 0.919054
0.780200 0.089311 0.928311
0.655091 0.079961 0.937939
0.527684 0.075569 0.947836
0.398808 0.076196 0.957917
0.269289 0.081820 0.968127
0.139976 0.092331 0.978464
0.011753 0.107527 0.988992
-0.114478 0.127102 0.999842
-0.237814 0.150643 1.011196
-0.357397 0.177638 1.023263
-0.472459 0.207487 1.036271
-0.582371 0.239519 1.050460
-0.169891 -0.050225 1.667487
-0.063700 -0.040299 1.670936
0.041955 -0.022738 1.674375
0.146250 0.002485 1.677977
0.248406 0.035282 1.681861
0.347707 0.075455 1.686056
0.443508 0.122703 1.690507
0.535236 0.176634 1.695134
0.622415 0.236774 1.699865
0.704676 0.302585 1.704588
0.781738 0.373489 1.709066
0.853399 0.448886 1.712873
0.919547 0.528171 1.715441
0.980158 0.610747 1.716214
1.035271 0.696024 1.714770
1.084964 0.783416 1.710853
1.129346 0.872328 1.704347
1.168558 0.962152 1.695239
1.202783 1.052292 1.683573
1.232247 1.142184 1.669390
1.257215 1.231306 1.652690
1.277977 1.319186 1.633425
1.294840 1.405398 1.611467
1.308125 1.489565 1.586613
1.318163 1.571353 1.558667
1.325287 1.650469 1.527468
1.329830 1.726657 1.492806
1.332117 1.799694 1.454389
1.618360 0.938821 -0.455077
1.650759 0.886357 -0.434468
1.682434 0.832551 -0.414914
1.713358 0.778112 -0.395955
1.743435 0.723749 -0.377147
1.772499 0.669384 -0.358077
1.799593 0.614800 -0.338333
1.846269 0.074909 -0.080698
1.814150 0.004163 -0.039106
1.769569 -0.067539 0.005055
1.742707 -0.103376 0.027928
1.712856 -0.138992 0.051208
1.680027 -0.174220 0.074788
1.644169 -0.208888 0.098548
1.605206 -0.242816 0.122358
1.563119 -0.275822 0.146074
1.518019 -0.307724 0.169545
1.470128 -0.338348 0.192608
1.419705 -0.367531 0.215099
1.366933 -0.395121 0.236851
1.311861 -0.420976 0.257700
1.254438 -0.444957 0.277484
1.194611 -0.466931 0.296052
1.132367 -0.486769 0.313261
1.067749 -0.504340 0.328983
1.000847 -0.519515 0.343107
0.931800 -0.532162 0.355539
0.860805 -0.542153 0.366205
0.788109 -0.549373 0.375056
0.714004 -0.553716 0.382076
0.638810 -0.555089 0.387284
0.562858 -0.553411 0.390734
0.486480 -0.548618 0.392520
-0.556124 1.003313 -0.058807
-0.541594 1.015234 -0.007697
-0.519773 1.024482 0.043117
-0.491051 1.031278 0.093359
-0.455933 1.035935 0.142773
-0.415027 1.038851 0.191124
-0.369048 1.040502 0.238212
-0.318809 1.041426 0.283873
-0.265245 1.042201 0.327989
-0.209423 1.043414 0.370485
-0.152517 1.045624 0.411332
-0.095764 1.049331 0.450543
-0.040408 1.054940 0.488173
0.012333 1.062754 0.524311
0.061296 1.072959 0.559077
0.105392 1.085607 0.592622
0.143614 1.100609 0.625120
0.199146 1.136606 0.687779
0.223114 1.177716 0.748848
0.213665 1.219636 0.810350
0.172426 1.258156 0.874484
0.104614 1.289876 0.943467
0.063096 1.302340 0.980396
0.017971 1.312181 1.019197
-0.029571 1.319209 1.059979
-0.078310 1.323316 1.102783
-0.127035 1.324491 1.147583
-0.174577 1.322816 1.194295
-0.219854 1.318454 1.242790
-0.261903 1.311634 1.292905
-0.299904 1.302636 1.344457
-0.333201 1.291782 1.397239
-0.361311 1.279424 1.451041
0.529961 -0.729627 0.447445
0.529096 -0.672433 0.481939
0.537050 -0.612486 0.512688
0.551999 -0.550139 0.540368
0.571949 -0.485712 0.565567
0.595039 -0.419513 0.588793
0.619743 -0.351905 0.610497
0.644909 -0.283367 0.631098
0.669766 -0.214511 0.650995
0.693963 -0.146039 0.670576
0.717607 -0.078660 0.690223
0.741242 -0.012992 0.710303
0.765772 0.050508 0.731163
0.792318 0.111596 0.753123
0.821972 0.170257 0.776476
0.855494 0.226701 0.801479
0.893086 0.281336 0.828362
0.934314 0.334738 0.857356
0.978238 0.387621 0.888719
1.023662 0.440790 0.922715
1.069318 0.495088 0.959572
1.114066 0.551313 0.999504
1.157245 0.610142 1.042718
1.198820 0.672074 1.089413
-0.560152 0.158722 0.436456
-0.516910 0.176937 0.483970
-0.472126 0.196706 0.531994
-0.425691 0.217713 0.580712
-0.377884 0.239690 0.630292
-0.329226 0.262440 0.680857
-0.280308 0.285852 0.732482
-0.231677 0.309885 0.785207
-0.183788 0.334547 0.839096
-0.137020 0.359863 0.894277
0.272679 0.653866 1.530796
0.314260 0.683513 1.589955
0.358820 0.713778 1.646828
0.406459 0.744876 1.699071
0.457018 0.777004 1.745500
0.510123 0.810325 1.786189
0.565247 0.844929 1.819778
0.621780 0.880726 1.844344
0.679090 0.917453 1.858268
0.736590 0.954765 1.859359
0.793795 0.992352 1.847442
0.850393 1.029920 1.822945
0.906297 1.066936 1.786307
0.961648 1.102301 1.737322
1.016697 1.134948 1.675111
1.032318 -0.174009 0.353655
0.952798 -0.204853 0.377148
0.869276 -0.230828 0.400839
0.782041 -0.251745 0.424373
0.691497 -0.267461 0.447427
0.598146 -0.277888 0.469719
0.502560 -0.283001 0.491021
0.405325 -0.282829 0.511159
0.307016 -0.277458 0.530021
0.208182 -0.267029 0.547558
0.109372 -0.251733 0.563779
0.011153 -0.231815 0.578753
-0.085894 -0.207574 0.592605
-0.181180 -0.179366 0.605502
-0.274098 -0.147602 0.617653
-0.364030 -0.112758 0.629297
-0.682492 0.277275 1.137241
-0.628595 0.261205 1.154691
-0.573743 0.246359 1.171582
-0.518483 0.233141 1.187970
-0.463381 0.221894 1.203914
-0.409005 0.212898 1.219490
-0.355923 0.206359 1.234802
-0.304689 0.202406 1.249987
-0.255828 0.201096 1.265194
-0.167084 0.206272 1.296070
-0.092725 0.221063 1.327753
-0.034435 0.243948 1.360530
0.007633 0.272967 1.394938
0.034741 0.305954 1.431203
0.049234 0.340889 1.469439
0.054115 0.376185 1.510331
0.052612 0.410763 1.555281
0.047804 0.444008 1.605141
0.262715 -0.021208 -0.439600
0.311866 0.015736 -0.391032
0.374643 0.054711 -0.343154
0.446396 0.096527 -0.296089
0.522044 0.141994 -0.250060
0.559693 0.166286 -0.227519
0.631407 0.218127 -0.183568
0.694451 0.274091 -0.141335
0.745139 0.333402 -0.100989
0.781313 0.394793 -0.062553
0.802465 0.456685 -0.025871
0.809695 0.517414 0.009379
0.805573 0.575451 0.043643
0.793812 0.629597 0.077406
0.778789 0.679078 0.111107
0.764923 0.723567 0.145058
0.756069 0.763112 0.179401
0.758207 0.813927 0.231540
0.782637 0.856217 0.283748
0.810876 0.880822 0.318053
0.846768 0.903499 0.351583
0.887712 0.925189 0.384106
0.930696 0.946953 0.415510
0.972778 0.969948 0.445802
1.011348 0.995379 0.475110
1.044295 1.024391 0.503652
1.070301 1.057884 0.531736
1.089011 1.096320 0.559744
1.100927 1.139804 0.588081
1.107241 1.188273 0.617158
1.109663 1.241653 0.647350
1.110166 1.299679 0.678941
1.110666 1.361163 0.712032
1.112729 1.424580 0.746416
1.117620 1.488960 0.781513
1.126404 1.553417 0.816448
1.139770 1.616786 0.850216
1.157937 1.677539 0.881690
1.181262 1.734262 0.909476
1.210632 1.786111 0.931894
1.246634 1.831787 0.947253
1.289140 1.870161 0.954205
1.338021 1.902057 0.951802
1.393690 1.928532 0.939119
1.456643 1.948874 0.915013
1.526871 1.962104 0.878507
1.221082 0.979376 -0.684834
1.258887 0.972157 -0.651165
1.301412 0.972730 -0.606395
1.326961 0.983064 -0.563916
1.332824 1.003377 -0.515839
1.326132 1.014167 -0.464662
1.342043 0.990893 -0.419691
1.382705 0.957173 -0.393918
1.424735 0.925523 -0.377234
1.469096 0.891869 -0.362602
1.509835 0.860867 -0.349583
1.549934 0.830725 -0.330270
1.521324 0.866925 -0.299341
1.505862 0.915893 -0.285271
1.516404 0.964769 -0.273027
1.553111 0.919779 -0.263565
1.561312 0.861601 -0.255890
1.562765 0.809541 -0.248154
1.558804 0.747408 -0.237656
1.546442 0.676425 -0.223819
1.523585 0.598630 -0.206129
1.489886 0.516473 -0.184270
1.445400 0.432320 -0.158188
1.419008 0.390214 -0.143618
1.389726 0.348479 -0.128088
1.357491 0.307408 -0.111659
1.322297 0.267291 -0.094408
1.284206 0.228416 -0.076421
1.243381 0.191062 -0.057798
1.200136 0.155493 -0.038646
1.154927 0.121944 -0.019078
1.108244 0.090616 0.000790
1.060508 0.061671 0.020844
1.012072 0.035234 0.040977
0.963275 0.011397 0.061089
0.914439 -0.009783 0.081087
0.865796 -0.028278 0.100893
0.817437 -0.044085 0.120438
0.769350 -0.057219 0.139667
0.721506 -0.067710 0.158537
0.673933 -0.075606 0.177018
0.626726 -0.080970 0.195094
0.580022 -0.083886 0.212760
0.488760 -0.082788 0.246901
0.401688 -0.073242 0.279640
0.320617 -0.056306 0.311335
0.247177 -0.033127 0.342480
0.182545 -0.004872 0.373646
0.127279 0.027295 0.405416
0.081379 0.062263 0.438315
0.044514 0.099042 0.472798
0.016225 0.136799 0.509285
-0.004129 0.174849 0.548178
-0.017361 0.212649 0.589843
-0.024363 0.249789 0.634614
-0.026094 0.285972 0.682761
-0.023506 0.320994 0.734427
-0.017542 0.354725 0.789713
-0.323637 0.794661 0.706724
-0.295533 0.829435 0.747765
-0.246827 0.840606 0.769020
-0.181130 0.850687 0.789315
-0.105332 0.862472 0.807748
-0.027417 0.878455 0.823831
0.044494 0.900252 0.837545
0.103054 0.928179 0.849296
0.142505 0.961166 0.859864
0.159283 1.015414 0.875932
0.127336 1.067548 0.896113
0.086338 1.097112 0.913776
0.038244 1.121164 0.935690
-0.007965 1.140117 0.962174
-0.053702 1.162049 1.009975
-0.047774 1.182122 1.064311
-0.006467 1.197886 1.101002
0.067077 1.216378 1.135263
0.115782 1.226462 1.150794
0.172077 1.237000 1.164981
0.235549 1.247940 1.177678
0.305694 1.259205 1.188764
0.381945 1.270654 1.198128
0.463685 1.282069 1.205646
0.550270 1.293173 1.211174
0.641029 1.303683 1.214545
0.735279 1.313354 1.215577
0.832328 1.321999 1.214078
0.931476 1.329497 1.209840
1.032020 1.335787 1.202654
1.133268 1.340833 1.192348
1.234547 1.344586 1.178860
1.335210 1.346970 1.162283
1.434654 1.347926 1.142871
1.532319 1.347465 1.120964
1.627696 1.345670 1.096887
1.720325 1.342659 1.070862
1.809793 1.338520 1.042997
1.895737 1.333292 1.013341
1.977843 1.326983 0.981948
2.055853 1.319611 0.948918
0.576817 1.260846 0.986984
0.508233 1.242553 0.928344
0.433152 1.228567 0.877321
0.353920 1.219322 0.834744
0.273465 1.215567 0.800436
0.158616 1.221846 0.762025
0.091885 1.231301 0.743539
0.037576 1.244438 0.729935
-0.013821 1.269601 0.717547
0.008411 1.315425 0.708671
0.076676 1.336987 0.704285
0.136146 1.353666 0.698950
0.200700 1.374781 0.690767
0.264100 1.402180 0.679334
0.319758 1.436320 0.664663
0.361580 1.476431 0.647194
0.384678 1.521296 0.627699
0.385422 1.569106 0.607233
0.361467 1.616518 0.587261
0.312723 1.659561 0.569760
0.241636 1.695573 0.557082
0.152767 1.723085 0.551589
0.103563 1.733444 0.552174
0.052352 1.741436 0.555229
0.000084 1.746967 0.560865
-0.104456 1.704507 0.888037
-0.037367 1.708922 0.897721
0.036016 1.713986 0.904247
0.115018 1.719266 0.907351
0.198931 1.724229 0.906803
0.287021 1.728356 0.902411
0.378551 1.731299 0.894031
0.472802 1.732958 0.881567
0.569067 1.733342 0.864978
0.666637 1.732364 0.844277
0.764805 1.729748 0.819539
0.862883 1.725075 0.790897
0.960225 1.717868 0.758542
1.056245 1.707656 0.722717
1.150415 1.693978 0.683712
1.242256 1.676428 0.641865
1.331330 1.654741 0.597552
1.417241 1.628841 0.551196
1.499636 1.598832 0.503258
1.578207 1.564968 0.454229
1.652691 1.527544 0.404612
1.722861 1.486713 0.354907
1.788520 1.442425 0.305601
1.176528 -0.714847 0.569736
1.098351 -0.709409 0.599139
1.028857 -0.698627 0.620993
0.278157 1.556908 0.982817
0.275245 1.600314 0.924600
0.289424 1.635641 0.868593
0.332410 1.666263 0.811609
0.380872 1.686409 0.770814
0.446321 1.705675 0.726073
0.528487 1.722088 0.676130
0.575413 1.728450 0.648927
0.625876 1.733306 0.620151
0.679555 1.736531 0.589778
0.736098 1.737979 0.557804
0.795129 1.737487 0.524246
0.856242 1.734897 0.489131
0.919003 1.730057 0.452495
0.982962 1.722768 0.414389
1.047671 1.712767 0.374877
1.112691 1.699796 0.334052
1.177599 1.683707 0.292042
1.241987 1.664475 0.249009
1.305469 1.642088 0.205152
1.367677 1.616420 0.160705
1.428263 1.587209 0.115941
0.184482 1.201648 0.437579
0.223774 1.226700 0.405173
0.276126 1.254863 0.381300
0.317860 1.278454 0.364272
0.361420 1.305891 0.345681
0.403304 1.337230 0.325229
0.439991 1.372238 0.302955
0.468198 1.410505 0.279267
0.485121 1.451610 0.254943
0.484999 1.516344 0.219689
0.466590 1.558490 0.198935
0.433976 1.597855 0.182023
0.388849 1.633644 0.170312
0.333850 1.665061 0.164999
0.272441 1.691282 0.167008
0.208621 1.713377 0.176866
0.146722 1.732630 0.194621
0.091473 1.748522 0.219830
0.047751 1.760810 0.251525
0.012920 1.773238 0.307881
0.023726 1.781205 0.368816
0.059011 1.785921 0.408197
0.117102 1.791249 0.443852
0.197223 1.796495 0.473523
0.297419 1.800534 0.495154
0.354145 1.801618 0.502400
0.414738 1.801726 0.507022
0.478764 1.800533 0.508877
0.545781 1.797709 0.507853
0.615340 1.793065 0.503877
0.686988 1.786604 0.496911
0.760282 1.778452 0.486951
1.136886 1.714545 0.394278
1.211584 1.696719 0.367974
1.285304 1.676568 0.339477
1.357763 1.653550 0.309024
1.428683 1.627342 0.276885
1.497793 1.598037 0.243357
1.564848 1.565991 0.208749
1.629655 1.531324 0.173375
1.692064 1.493819 0.137559
1.751961 1.453352 0.101635
1.809256 1.409983 0.065936
1.863880 1.363789 0.030788
0.366099 1.460512 1.007284
0.394025 1.494433 0.961802
0.417618 1.529685 0.915214
0.436445 1.565656 0.867424
0.450651 1.601626 0.818682
0.461009 1.637347 0.769622
0.476087 1.705683 0.672416
0.484781 1.734987 0.624474
0.497304 1.760913 0.576966
0.558332 1.811196 0.458544
0.598576 1.823999 0.409792
0.649094 1.832689 0.359150
0.709690 1.837963 0.306022
0.779932 1.838662 0.249973
0.858998 1.831285 0.190802
0.901368 1.824270 0.160061
0.945315 1.815190 0.128591
0.990603 1.804129 0.096444
1.037007 1.791077 0.063695
1.833941 0.355732 1.331827
1.772679 0.366435 1.340764
1.698091 0.373753 1.347975
1.609293 0.378404 1.354908
1.508371 0.381293 1.362278
1.453938 0.382367 1.366227
1.396650 0.383365 1.370394
1.335994 0.384430 1.374795
1.271615 0.385712 1.379424
1.203608 0.387363 1.384242
1.132387 0.389519 1.389193
1.058435 0.392305 1.394249
0.982208 0.395826 1.399446
0.904192 0.400167 1.404901
0.824971 0.405390 1.410802
0.745133 0.411531 1.417359
0.665077 0.418599 1.424709
0.585043 0.426583 1.432869
0.505335 0.435441 1.441754
0.426411 0.445103 1.451230
0.348765 0.455464 1.461169
0.272794 0.466393 1.471478
0.198756 0.477734 1.482116
0.126821 0.489309 1.493102
0.057181 0.500930 1.504515
-0.009930 0.512405 1.516477
-0.074268 0.523547 1.529120
-0.135559 0.534175 1.542536
-0.193486 0.544114 1.556721
-0.247722 0.553186 1.571569
-0.297961 0.561212 1.586884
-0.385445 0.573436 1.617962
0.107450 0.523669 1.867159
0.159360 0.542863 1.867483
0.211060 0.565071 1.867107
0.262320 0.590274 1.866013
0.312944 0.618429 1.863982
0.362751 0.649462 1.860714
0.411546 0.683273 1.855964
0.459145 0.719742 1.849595
0.505394 0.758739 1.841531
0.674509 0.936937 1.793177
0.712458 0.986100 1.777244
0.748592 1.036642 1.759100
0.782886 1.088319 1.738438
0.815331 1.140909 1.715352
0.845930 1.194208 1.690121
0.874706 1.248020 1.662957
0.901692 1.302143 1.633909
0.926927 1.356374 1.602828
0.950458 1.410510 1.569404
0.972340 1.464345 1.533357
0.992628 1.517674 1.494620
1.011362 1.570307 1.453289
1.028573 1.622101 1.409420
-0.418872 0.606108 0.234870
-0.353630 0.644334 0.285453
-0.285388 0.677326 0.336262
-0.214660 0.705121 0.386841
-0.141951 0.727802 0.436768
-0.067727 0.745497 0.485657
0.007594 0.758365 0.533174
0.083642 0.766583 0.579038
0.160088 0.770339 0.623027
0.236620 0.769824 0.664965
0.312936 0.765237 0.704706
0.388734 0.756781 0.742132
0.463719 0.744665 0.777147
0.537613 0.729102 0.809690
0.610150 0.710303 0.839743
0.681076 0.688482 0.867331
0.750139 0.663850 0.892511
0.817095 0.636617 0.915364
0.881714 0.606981 0.935979
0.943773 0.575125 0.954468
1.003044 0.541238 0.970964
1.112275 0.468211 0.998605
1.161779 0.429515 1.010079
1.207602 0.389655 1.020194
1.249563 0.348850 1.029091
1.287492 0.307334 1.036904
1.321239 0.265352 1.043763
1.350688 0.223121 1.049796
1.396361 0.138610 1.059916
1.424047 0.055013 1.068278
1.433465 -0.026570 1.075684
1.424467 -0.105155 1.082531
1.397135 -0.179795 1.088803
1.351818 -0.249624 1.094258
1.289304 -0.313731 1.098575
1.210756 -0.370904 1.101443
1.165825 -0.396484 1.102288
1.117230 -0.419873 1.102752
1.064890 -0.440951 1.102859
1.008598 -0.459588 1.102641
0.948082 -0.475632 1.102105
0.883069 -0.488912 1.101149
0.813397 -0.499238 1.099563
0.739130 -0.506419 1.097153
0.660565 -0.510270 1.093872
0.578149 -0.510625 1.089795
0.492383 -0.507329 1.084998
0.403770 -0.500243 1.079503
0.267214 -0.064983 1.653760
0.347106 -0.022432 1.657229
0.423838 0.025587 1.662516
0.497047 0.078787 1.669662
0.566436 0.136847 1.678514
0.892420 0.565638 1.743277
0.931042 0.646587 1.753738
0.965246 0.729100 1.763782
0.995143 0.812741 1.773277
1.020879 0.897073 1.782079
1.042621 0.981682 1.790036
1.060563 1.066206 1.796958
1.074911 1.150336 1.802602
1.085879 1.233797 1.806704
1.093678 1.316320 1.809045
1.098517 1.397632 1.809484
1.100602 1.477466 1.807920
1.100142 1.555562 1.804114
1.097349 1.631672 1.797611
1.092437 1.705563 1.787945
1.309643 1.329398 -0.509557
1.307369 1.328036 -0.444058
1.300959 1.321608 -0.382065
1.300748 1.312208 -0.323277
1.310692 1.307262 -0.267710
1.332976 1.307224 -0.215800
1.359334 1.305671 -0.167789
1.380479 1.314096 -0.122755
1.397968 1.333241 -0.068378
1.417994 1.355439 -0.014737
1.447028 1.361453 0.026982
1.489460 1.342540 0.066751
1.524044 1.305589 0.095337
1.556536 1.248603 0.123395
1.572814 1.198172 0.142241
1.580281 1.136816 0.161827
1.577645 1.063672 0.182820
1.564685 0.979663 0.205810
1.541314 0.887928 0.231190
1.525601 0.840341 0.244837
1.507037 0.792106 0.259129
1.485494 0.743442 0.274050
1.460945 0.694473 0.289569
1.433509 0.645289 0.305636
1.403410 0.596009 0.322185
1.370871 0.546812 0.339135
1.335970 0.497938 0.356397
1.298511 0.449679 0.373877
1.258043 0.402368 0.391481
1.214095 0.356365 0.409121
1.166459 0.312036 0.426701
1.115280 0.269721 0.444118
1.060922 0.229720 0.461259
1.003765 0.192285 0.478011
0.944092 0.157635 0.494275
0.882113 0.125964 0.509976
0.818027 0.097458 0.525068
0.752034 0.072298 0.539532
0.684320 0.050653 0.553374
0.615082 0.032688 0.566623
0.544606 0.018551 0.579329
0.473288 0.008359 0.591563
0.401599 0.002181 0.603418
0.330017 0.000053 0.615004
0.258986 0.001973 0.626450
0.188918 0.007897 0.637898
0.120224 0.017738 0.649506
0.053336 0.031381 0.661453
-0.011310 0.048679 0.673932
-0.073315 0.069453 0.687156
0.016565 1.091286 1.902036
0.089275 1.110857 1.909564
0.182733 1.135482 1.917743
0.236866 1.149866 1.921243
0.295612 1.165651 1.924497
0.358674 1.182743 1.927671
0.425713 1.200966 1.930454
0.496357 1.220111 1.932231
0.570211 1.240014 1.932425
0.646870 1.260597 1.930668
0.725924 1.281879 1.926824
0.806973 1.303936 1.920842
0.889622 1.326844 1.912541
0.973490 1.350632 1.901553
1.058204 1.375270 1.887565
1.143410 1.400706 1.870569
1.228772 1.426896 1.850838
1.313981 1.453777 1.828645
1.398747 1.481173 1.804001
1.482793 1.508722 1.776647
0.186887 1.195262 -0.348404
0.181701 1.204810 -0.293474
0.208874 1.219903 -0.233765
0.244552 1.232200 -0.193253
0.292824 1.246159 -0.153464
0.351480 1.262543 -0.115382
0.417576 1.283109 -0.079819
0.487507 1.309707 -0.047388
0.557007 1.343366 -0.018451
0.621525 1.383902 0.006918
0.676753 1.430757 0.028963
0.718743 1.483012 0.048265
0.743875 1.539013 0.065767
0.749124 1.596844 0.082801
0.732690 1.654660 0.101051
0.694239 1.710463 0.122454
0.635018 1.762318 0.149045
0.557779 1.808740 0.182767
0.513622 1.829438 0.202833
0.466580 1.848200 0.225263
0.417349 1.864889 0.250183
0.366702 1.879442 0.277676
0.315482 1.891871 0.307776
0.264591 1.902295 0.340466
0.214965 1.910976 0.375676
0.167539 1.918278 0.413287
0.123218 1.924521 0.453130
0.082858 1.929824 0.494992
0.047238 1.934104 0.538616
0.017049 1.937242 0.583705
-0.007129 1.939265 0.629928
-0.024844 1.940358 0.676929
-0.039780 1.940872 0.771788
-0.027147 1.941154 0.865339
0.011213 1.943267 0.954814
0.038937 1.945409 0.997256
0.071638 1.948440 1.037820
0.108784 1.952445 1.076284
0.149866 1.957413 1.112456
0.194362 1.963255 1.146166
0.241709 1.969990 1.177264
0.291302 1.977963 1.205626
0.342512 1.987671 1.231153
0.394712 1.999173 1.253769
0.447297 2.011914 1.273416
0.499691 2.025353 1.290053
0.551361 2.039517 1.303664
0.601831 2.054849 1.314258
0.650693 2.071645 1.321866
0.697624 2.089729 1.326530
-0.688659 0.389821 0.358939
-0.653828 0.415355 0.392118
-0.617569 0.439697 0.425901
-0.579858 0.462898 0.460218
-0.540686 0.484998 0.495003
-0.500068 0.506031 0.530194
-0.458057 0.526027 0.565736
-0.414746 0.545012 0.601576
-0.370263 0.563012 0.637668
-0.324769 0.580055 0.673974
-0.278449 0.596174 0.710459
-0.231505 0.611407 0.747100
-0.184153 0.625800 0.783877
-0.136614 0.639406 0.820767
-0.089113 0.652285 0.857748
-0.041868 0.664506 0.894802
0.004914 0.676143 0.931918
0.051044 0.687275 0.969090
0.096351 0.697983 1.006325
0.140692 0.708348 1.043629
0.183950 0.718448 1.081009
0.226041 0.728358 1.118463
0.266907 0.738147 1.155973
0.306522 0.747874 1.193509
0.344890 0.757592 1.231041
0.382041 0.767346 1.268542
0.418034 0.777169 1.305986
-0.301634 0.312902 -0.224512
-0.242418 0.325920 -0.195722
-0.182410 0.338939 -0.167395
-0.122819 0.352372 -0.139568
-0.064819 0.366559 -0.112260
-0.009518 0.381756 -0.085477
0.042078 0.398127 -0.059207
0.089084 0.415742 -0.033430
0.130752 0.434581 -0.008109
0.195869 0.475458 0.041365
0.234842 0.519223 0.089727
0.247921 0.563750 0.137652
0.237890 0.606838 0.185907
0.209804 0.646655 0.235260
0.170497 0.682056 0.286355
0.127665 0.712713 0.339603
0.088829 0.739021 0.395125
0.060392 0.761858 0.452748
0.046923 0.782291 0.512061
0.059377 0.810613 0.602929
0.088985 0.829106 0.663854
0.132945 0.848026 0.724370
0.187616 0.867957 0.784013
0.248805 0.889545 0.842506
0.312297 0.913530 0.899819
0.374276 0.940659 0.956174
0.431683 0.971626 1.012003
0.482457 1.007226 1.067819
0.525614 1.048115 1.124091
0.561145 1.094214 1.181178
0.589753 1.145108 1.239292
0.612553 1.200480 1.298392
0.630826 1.259620 1.358243
0.645838 1.321688 1.418623
0.658725 1.386607 1.479275
0.670501 1.454633 1.539427
0.682088 1.525107 1.597347
0.694320 1.596626 1.651386
0.707970 1.668035 1.698852
0.723755 1.738596 1.735858
0.742235 1.808160 1.760643
-0.427748 -0.153225 0.223103
-0.378910 -0.115457 0.249348
-0.330951 -0.078165 0.277292
-0.283492 -0.040937 0.306827
-0.235716 -0.003569 0.337881
-0.186619 0.033974 0.370406
-0.135241 0.071595 0.404362
-0.080870 0.109111 0.439704
-0.023193 0.146298 0.476385
0.037619 0.182940 0.514355
0.100922 0.218884 0.553570
0.165703 0.254073 0.594010
0.230738 0.288571 0.635693
0.294785 0.322547 0.678663
0.356741 0.356247 0.722956
0.415763 0.389937 0.768589
0.471321 0.423849 0.815542
0.523192 0.458137 0.863714
0.571411 0.492845 0.913036
0.616213 0.527917 0.963693
0.657976 0.563223 1.015926
0.697213 0.598587 1.069464
0.734565 0.633818 1.123754
0.770817 0.668756 1.178678
0.806871 0.703323 1.234240
0.843718 0.737547 1.289984
0.882366 0.771561 1.345160
0.923748 0.805575 1.398587
0.968618 0.839835 1.449322
1.017462 0.874571 1.497380
1.070451 0.909941 1.541936
1.127460 0.945942 1.580159
1.188146 0.982452 1.608681
1.252031 1.019456 1.625123
1.318511 1.056975 1.628165
1.386986 1.094453 1.616870
1.457272 1.130978 1.590946
1.529695 1.165869 1.549946
1.604114 1.198073 1.493525
1.642171 1.212651 1.459846
1.681025 1.225923 1.422887
1.720542 1.237668 1.382885
1.760154 1.247595 1.339981
1.799230 1.255290 1.294277
0.623993 -0.747919 0.749512
-0.078550 -0.169934 1.205965
-0.012016 -0.151608 1.208385
0.050846 -0.129205 1.211729
0.109765 -0.102996 1.216131
0.164527 -0.073273 1.221703
0.214984 -0.040341 1.228530
0.261047 -0.004519 1.236651
0.302684 0.033871 1.246055
0.339917 0.074498 1.256715
0.372820 0.117030 1.268634
0.401512 0.161139 1.281880
0.426153 0.206510 1.296588
0.446934 0.252848 1.312941
0.464067 0.299881 1.331135
0.477778 0.347365 1.351334
0.488304 0.395079 1.373647
1.732037 -0.364777 0.356855
1.750472 -0.334134 0.410067
1.769499 -0.297170 0.458889
1.788933 -0.254265 0.503191
1.805906 -0.205996 0.542965
1.818159 -0.153186 0.578328
1.827134 -0.096912 0.609551
1.835569 -0.038444 0.637047
1.846103 0.020837 0.661314
1.858785 0.079498 0.682872
1.870076 0.136072 0.702234
1.876194 0.189038 0.719921
1.876840 0.236906 0.736459
1.872761 0.296389 0.760139
1.440641 -0.273158 1.247847
1.357004 -0.290267 1.263247
1.259072 -0.303369 1.278307
1.204438 -0.308140 1.285516
1.146092 -0.311582 1.292346
1.084098 -0.313595 1.298678
1.018478 -0.314079 1.304427
0.949294 -0.312935 1.309538
0.876732 -0.310070 1.313988
0.801100 -0.305399 1.317779
0.722765 -0.298851 1.320947
0.642088 -0.290371 1.323566
0.559347 -0.279918 1.325763
0.474710 -0.267470 1.327726
0.388310 -0.253021 1.329667
0.300382 -0.236587 1.331751
0.211329 -0.218216 1.334057
0.121694 -0.198001 1.336581
0.032092 -0.176081 1.339292
-0.056859 -0.152638 1.342184
-0.144592 -0.127887 1.345313
-0.230614 -0.102080 1.348810
-0.314496 -0.075496 1.352862
-0.125158 -0.073659 1.662958
0.092435 -0.015862 1.670627
0.293316 0.077939 1.680295
0.467191 0.200415 1.689616
0.517956 0.245903 1.691815
0.564833 0.293065 1.693585
0.607725 0.341513 1.695023
0.646595 0.390874 1.696243
0.681444 0.440795 1.697341
0.712316 0.490937 1.698316
0.739282 0.540978 1.698934
0.762440 0.590605 1.698715
0.781901 0.639509 1.697114
0.797792 0.687389 1.693770
0.819410 0.779001 1.681728
0.828492 0.863675 1.664760
0.826270 0.940315 1.645777
0.813932 1.008278 1.623018
0.792701 1.067241 1.594859
0.763765 1.117197 1.562633
0.728194 1.158388 1.526627
0.686928 1.191318 1.486339
0.640842 1.216817 1.443271
0.590992 1.236072 1.399997
0.538520 1.250508 1.357479
0.484403 1.261485 1.315169
0.429567 1.269926 1.274090
0.223820 1.295089 1.144872
0.181820 1.305831 1.119658
0.131333 1.324968 1.087140
0.095129 1.352514 1.051557
0.110301 1.389335 1.011217
0.152492 1.413330 0.986577
0.216286 1.445978 0.956379
0.267983 1.474847 0.931530
0.324188 1.508621 0.902333
0.382060 1.545530 0.868283
0.511947 1.653890 0.759517
0.576228 1.784181 0.624329
0.573587 1.836991 0.568321
0.479610 0.419619 0.660722
0.548706 0.417284 0.692024
0.617668 0.413324 0.721712
0.686103 0.407907 0.749725
0.753629 0.401201 0.776040
0.819877 0.393366 0.800667
0.884500 0.384549 0.823641
1.065434 0.353539 0.883234
1.120453 0.342074 0.900202
1.172370 0.330223 0.915827
1.220938 0.318075 0.930178
1.307161 0.293166 0.955307
1.377623 0.267788 0.976309
1.431245 0.242209 0.994222
1.478713 0.203723 1.015894
1.478727 0.152781 1.037720
1.344677 0.083149 1.068846
1.267659 0.064491 1.080267
1.178477 0.049836 1.093215
1.080013 0.040087 1.107773
1.026982 0.037271 1.115489
0.970943 0.035921 1.123483
0.911900 0.036098 1.131803
0.850106 0.037853 1.140476
0.785879 0.041225 1.149499
0.719568 0.046232 1.158897
0.651592 0.052874 1.168730
0.582454 0.061135 1.179057
0.512705 0.070970 1.189859
0.442895 0.082299 1.201009
0.373547 0.095002 1.212331
0.305152 0.108923 1.223747
0.238167 0.123875 1.235350
0.173023 0.139652 1.247356
0.110132 0.156036 1.259992
0.049904 0.172799 1.273427
-0.007241 0.189710 1.287778
-0.156057 0.238950 1.336803
-0.232695 0.268298 1.373549
-0.288086 0.293195 1.412012
-0.319987 0.312919 1.451012
-0.321131 0.333489 1.508172
-0.266808 0.347768 1.563411
-0.202421 0.357891 1.600448
-0.118709 0.372130 1.637676
-0.070702 0.381848 1.655999
-0.019259 0.393850 1.673871
0.035085 0.408518 1.691188
0.091779 0.426200 1.707975
0.150249 0.447216 1.724369
0.209904 0.471846 1.740567
0.270133 0.500322 1.756766
0.330326 0.532813 1.773124
0.389883 0.569417 1.789744
0.448236 0.610164 1.806640
0.504853 0.655022 1.823724
0.559249 0.703897 1.840857
0.610972 0.756637 1.857896
0.659610 0.813038 1.874667
0.704804 0.872842 1.890893
0.746256 0.935743 1.906179
0.783710 1.001385 1.920121
0.816947 1.069373 1.932436
0.845789 1.139284 1.943048
0.870117 1.210683 1.952098
0.889877 1.283145 1.959870
0.905068 1.356266 1.966614
0.915718 1.429666 1.972407
0.921869 1.502979 1.977104
1.980976 -0.073406 0.879467
1.897289 -0.117375 0.893747
1.806714 -0.159279 0.909043
1.709411 -0.198687 0.925025
1.605848 -0.235180 0.941352
1.496835 -0.268379 0.957685
1.383144 -0.297949 0.973699
1.264973 -0.323567 0.989083
1.141950 -0.344909 1.003551
1.013929 -0.361654 1.016844
0.881555 -0.373517 1.028755
0.745861 -0.380272 1.039148
0.607778 -0.381767 1.047962
0.468189 -0.377931 1.055216
0.328147 -0.368780 1.060994
0.188792 -0.354423 1.065443
0.051078 -0.335063 1.068754
-0.084275 -0.310997 1.071158
-0.216627 -0.282610 1.072925
-0.345278 -0.250373 1.074374
-0.175543 -0.225228 1.396660
-0.065850 -0.211504 1.398190
0.043306 -0.190504 1.400890
0.151034 -0.162207 1.404697
0.256498 -0.126705 1.409505
0.358944 -0.084200 1.415191
0.457708 -0.034987 1.421616
0.552221 0.020565 1.428622
0.642009 0.082035 1.436037
0.726691 0.148962 1.443717
0.805969 0.220856 1.451565
0.879631 0.297197 1.459527
0.947553 0.377444 1.467541
1.009685 0.461044 1.475484
1.066038 0.547435 1.483151
1.116684 0.636056 1.490276
1.161749 0.726354 1.496579
1.201408 0.817783 1.501784
1.235868 0.909817 1.505621
1.265348 1.001953 1.507811
1.290075 1.093708 1.508110
1.310300 1.184634 1.506357
1.326307 1.274316 1.502499
1.338411 1.362380 1.496534
1.346947 1.448492 1.488447
1.352261 1.532352 1.478165
1.354708 1.613693 1.465579
1.354651 1.692283 1.450579
1.348434 1.840464 1.413097
1.342947 1.909765 1.390651
0.477568 0.858449 2.169230
0.562884 0.875735 2.198161
0.646484 0.893254 2.214774
0.726791 0.910633 2.215697
0.610134 0.033394 1.017578
0.530006 0.024970 1.026612
0.446744 0.020710 1.035674
0.360767 0.020677 1.044682
0.272504 0.024876 1.053605
0.182397 0.033257 1.062455
0.090904 0.045719 1.071265
-0.001434 0.062106 1.080074
-0.093964 0.082196 1.088923
-0.185959 0.105682 1.097857
-0.276661 0.132173 1.106944
-0.472271 0.708234 -0.197548
-0.449521 0.741676 -0.111085
-0.407644 0.767825 -0.024731
-0.379985 0.778442 0.018037
-0.348187 0.787675 0.060344
-0.312575 0.795775 0.102058
-0.273530 0.803030 0.143065
-0.231483 0.809756 0.183265
-0.186914 0.816288 0.222577
-0.140351 0.822966 0.260941
-0.092372 0.830128 0.298315
-0.043585 0.838096 0.334676
0.005377 0.847162 0.370021
0.053866 0.857581 0.404365
0.101225 0.869562 0.437739
0.146816 0.883258 0.470187
0.190030 0.898769 0.501771
0.230303 0.916137 0.532562
0.267128 0.935347 0.562648
0.328745 0.978922 0.621098
0.372166 1.028266 0.678030
0.395867 1.081634 0.734523
0.399828 1.136856 0.791793
0.372374 1.218152 0.881911
0.335971 1.268730 0.946543
0.289353 1.315050 1.016041
0.236668 1.356352 1.091242
0.209378 1.374940 1.131185
0.182139 1.392047 1.172776
0.155432 1.407614 1.216055
0.129695 1.421635 1.261046
0.105315 1.434163 1.307747
0.082620 1.445291 1.356133
0.061880 1.455142 1.406162
0.043304 1.463870 1.457778
0.027043 1.471658 1.510917
0.013189 1.478710 1.565512
0.663813 -0.745128 0.535420
0.671117 -0.678005 0.572685
0.684656 -0.608394 0.605411
0.702777 -0.536721 0.634298
0.723839 -0.463395 0.659986
0.746368 -0.388855 0.683067
0.769202 -0.313625 0.704100
0.791605 -0.238353 0.723629
0.813375 -0.163760 0.742198
0.834884 -0.090554 0.760345
0.857001 -0.019341 0.778595
0.880920 0.049436 0.797424
0.907938 0.115537 0.817240
0.939243 0.178937 0.838379
0.975699 0.239835 0.861123
1.017568 0.298653 0.885725
1.089167 0.384434 0.926549
1.140735 0.441266 0.956601
1.193202 0.499015 0.989158
1.244683 0.558773 1.024635
1.293763 0.621580 1.063589
1.339998 0.688315 1.106334
-0.687847 0.424820 0.474812
-0.624540 0.444203 0.547726
-0.559051 0.463467 0.620687
-0.525773 0.473056 0.657217
-0.492312 0.482613 0.693796
-0.458794 0.492138 0.730431
-0.425336 0.501632 0.767131
-0.392047 0.511102 0.803907
-0.359022 0.520556 0.840770
-0.326351 0.530010 0.877737
-0.294117 0.539483 0.914821
-0.231241 0.558580 0.989372
-0.170850 0.578060 1.064440
-0.113200 0.598154 1.140009
0.533005 0.960463 2.027016
0.600776 1.004588 2.067485
0.672408 1.051884 2.095096
0.747495 1.102258 2.106610
0.825639 1.155366 2.101317
0.906530 1.210278 2.080608
-0.238867 -0.101803 0.933709
-0.157983 -0.079782 0.946666
-0.089034 -0.050495 0.962277
-0.559038 0.649030 0.028629
-0.517629 0.656016 0.065359
-0.472631 0.661406 0.101385
-0.424639 0.665624 0.136616
-0.374273 0.669104 0.170980
-0.322169 0.672273 0.204430
-0.268975 0.675543 0.236936
-0.215344 0.679293 0.268487
-0.161940 0.683861 0.299090
-0.109442 0.689536 0.328765
-0.058537 0.696549 0.357547
-0.009893 0.705067 0.385481
0.035862 0.715193 0.412626
0.116441 0.740343 0.464825
0.179365 0.771535 0.514787
0.222196 0.807460 0.563286
0.244141 0.846267 0.611193
0.246082 0.885914 0.659437
0.230354 0.924522 0.708934
0.200378 0.960658 0.760516
0.160218 0.993436 0.814867
0.066987 1.047251 0.933725
0.022741 1.068308 0.998735
-0.014780 1.086405 1.067554
-0.042852 1.102671 1.140042
-0.059867 1.117969 1.215823
-0.065273 1.132643 1.294316
-0.059436 1.146675 1.374887
-0.043458 1.160344 1.456972
-0.018943 1.174600 1.540148
0.012285 1.190723 1.624062
0.048472 1.209945 1.708652
0.088114 1.233072 1.794081
0.166328 -0.629442 0.379404
0.195103 -0.571163 0.399814
0.228197 -0.512537 0.419437
0.263221 -0.453714 0.438573
0.298338 -0.394961 0.457455
0.332417 -0.336721 0.476280
0.396925 -0.223944 0.514475
0.428813 -0.170300 0.534185
0.462128 -0.118819 0.554509
0.498187 -0.069551 0.575575
0.581914 0.022801 0.620325
0.629753 0.066385 0.644150
0.680577 0.108762 0.669014
0.732952 0.150481 0.694973
0.785172 0.192200 0.722115
0.835559 0.234626 0.750573
1.094732 0.614985 1.031986
1.119792 0.672749 1.080602
1.243004 0.906600 1.290373
1.284985 0.965545 1.339063
1.332769 1.025254 1.382237
1.384573 1.086134 1.418275
1.438782 1.148307 1.445972
1.495195 1.211549 1.463128
1.553793 1.275351 1.466704
1.614177 1.339046 1.454963
1.676647 1.401897 1.427026
1.741831 1.462842 1.381455
1.775287 1.492044 1.351384
1.809113 1.520010 1.316280
1.843180 1.546497 1.276306
-0.678821 0.742163 0.338368
-0.634622 0.740156 0.375459
-0.587286 0.736701 0.411474
-0.537309 0.732282 0.446324
-0.485210 0.727381 0.479950
-0.431536 0.722467 0.512314
-0.376855 0.717984 0.543406
-0.321766 0.714343 0.573236
-0.266903 0.711904 0.601831
-0.212935 0.710977 0.629235
-0.160543 0.711803 0.655507
-0.110364 0.714559 0.680717
-0.062972 0.719350 0.704943
-0.018867 0.726215 0.728270
0.057811 0.746015 0.772599
0.116954 0.773116 0.814479
0.156771 0.805987 0.854757
0.176711 0.842668 0.894347
0.177608 0.880984 0.934233
0.161298 0.918736 0.975455
0.130454 0.953930 1.019090
0.088662 0.984928 1.066152
0.040258 1.010544 1.117426
-0.010145 1.030326 1.173326
-0.058168 1.044772 1.233907
-0.100038 1.054886 1.299058
-0.132809 1.061594 1.368631
-0.154455 1.065880 1.442374
-0.163886 1.069001 1.520106
-0.160871 1.072134 1.601287
-0.145935 1.076172 1.684777
-0.120197 1.081955 1.769758
-0.085160 1.090349 1.855582
0.124617 -0.649059 0.407457
0.345069 -0.285644 0.494973
0.543164 -0.045172 0.587921
1.198783 0.815987 1.334962
1.242544 0.870590 1.386133
1.290882 0.926979 1.431113
1.343474 0.985254 1.468036
1.399530 1.045185 1.494861
1.458324 1.106168 1.509773
1.551697 1.197743 1.507058
1.616311 1.257287 1.487137
1.681869 1.313953 1.451751
1.748463 1.366472 1.399294
1.782013 1.390805 1.366117
1.815564 1.413514 1.328293
1.849001 1.434217 1.286065
1.882286 1.452529 1.239805
-0.395159 -0.104983 0.953790
-0.318716 -0.106478 0.956306
-0.041896 -0.069979 0.972771
0.018288 -0.051020 0.979314
0.074283 -0.028599 0.987037
0.125913 -0.003005 0.996040
0.173078 0.025456 1.006418
0.215744 0.056476 1.018227
0.253931 0.089746 1.031463
0.287701 0.124963 1.046076
0.342413 0.200066 1.079314
0.381011 0.279514 1.118112
0.405093 0.361206 1.162912
0.416699 0.443284 1.214020
0.418160 0.524207 1.271582
0.415843 0.563853 1.302725
0.411890 0.602803 1.335392
0.406583 0.640970 1.369581
0.400189 0.678290 1.405319
1.431441 -0.318087 0.007970
1.462115 -0.321824 0.067690
1.495844 -0.324312 0.126211
1.551217 -0.324937 0.211436
1.589812 -0.322515 0.266264
1.629179 -0.317046 0.319215
1.668785 -0.307778 0.370003
1.708406 -0.293934 0.418327
1.872726 -0.131789 0.613414
1.894857 -0.077859 0.641966
1.914333 -0.016897 0.667065
1.930831 0.050384 0.688914
1.944520 0.122900 0.707793
1.957935 0.199273 0.724023
0.917397 -0.619416 1.131940
0.807065 -0.617816 1.132016
0.694401 -0.612946 1.130286
0.579638 -0.604721 1.126805
0.463226 -0.593076 1.121647
0.073346 -0.120429 1.129716
0.163387 -0.091897 1.135066
0.250938 -0.058080 1.141767
0.335460 -0.019131 1.149688
0.416470 0.024744 1.158734
0.566262 0.126198 1.180196
0.634361 0.183148 1.192790
0.697603 0.243781 1.206801
0.755832 0.307727 1.222329
0.808947 0.374611 1.239401
0.856902 0.444052 1.257972
0.899701 0.515679 1.277965
0.937409 0.589127 1.299327
0.970139 0.664048 1.322044
0.998035 0.740112 1.346116
1.021259 0.817006 1.371511
1.039979 0.894428 1.398115
1.054364 0.972085 1.425739
1.064584 1.049690 1.454149
1.070823 1.126964 1.483133
1.073281 1.203636 1.512554
1.072183 1.279449 1.542364
0.258538 0.454896 1.197957
0.264332 0.470161 1.253599
0.258408 0.485642 1.307995
0.240745 0.501831 1.361405
0.211745 0.519069 1.414817
0.172314 0.537574 1.468682
0.123801 0.557386 1.522744
0.067807 0.578320 1.577882
0.006047 0.599935 1.634751
-0.059710 0.621521 1.692040
-0.127319 0.642164 1.748579
-0.194431 0.660792 1.804195
-0.258912 0.676307 1.858717
0.634373 1.874455 -0.164310
0.630262 1.876923 -0.072838
0.634910 1.881109 0.018016
0.647086 1.887724 0.107660
0.664999 1.897735 0.195770
0.686593 1.910342 0.282288
0.710005 1.924778 0.367313
0.733752 1.942575 0.450976
0.756882 1.966092 0.533425
0.778960 1.994156 0.614721
0.799603 2.024532 0.694718
0.818613 2.056725 0.773118
0.836930 2.091251 0.849372
0.649805 0.712397 2.154173
0.673064 0.769833 2.167467
0.695323 0.828262 2.178410
0.755850 1.008291 2.195878
0.773872 1.069417 2.196272
0.790792 1.130840 2.193892
1.271112 0.842111 -0.631557
1.274137 0.792678 -0.584733
1.279313 0.746883 -0.539270
1.286464 0.704252 -0.495118
1.295897 0.664515 -0.452078
1.308114 0.627104 -0.409945
1.322917 0.591327 -0.368609
1.339844 0.556650 -0.328058
1.359151 0.522749 -0.288330
1.381801 0.489434 -0.249497
1.408457 0.456612 -0.211670
1.471784 0.392769 -0.139278
1.506294 0.362261 -0.104580
1.540502 0.333194 -0.070629
1.573404 0.305953 -0.037210
1.605076 0.280845 -0.004141
1.635883 0.258089 0.028699
1.679004 0.228681 0.077624
1.714156 0.204953 0.126081
1.739613 0.185796 0.173883
1.756395 0.168525 0.220992
1.765320 0.149238 0.267592
1.758679 0.123712 0.313918
1.728891 0.088594 0.360029
1.696090 0.058814 0.390484
1.652691 0.023726 0.420501
1.598530 -0.016393 0.449817
1.532850 -0.060838 0.478036
1.453863 -0.108443 0.504609
1.408994 -0.132933 0.517054
1.360699 -0.157564 0.528805
-0.143048 0.028206 1.417457
-0.060096 0.040833 1.425959
0.022781 0.058502 1.434854
0.105047 0.081313 1.444302
0.186195 0.109299 1.454415
0.265750 0.142432 1.465272
0.343274 0.180627 1.476946
0.418355 0.223748 1.489532
0.490615 0.271610 1.503114
0.559706 0.323994 1.517705
0.625316 0.380649 1.533184
0.687175 0.441299 1.549301
0.745062 0.505639 1.565748
0.798808 0.573338 1.582234
0.848299 0.644031 1.598518
0.893465 0.717328 1.614405
0.934278 0.792817 1.629762
0.970739 0.870083 1.644490
1.002888 0.948712 1.658500
1.030803 1.028306 1.671690
1.074423 1.188875 1.695112
1.090455 1.269141 1.705002
1.102892 1.348951 1.713337
1.111935 1.427992 1.719774
1.117784 1.505965 1.723950
1.120645 1.582586 1.725563
1.120737 1.657591 1.724446
1.118275 1.730738 1.720588
1.113477 1.801815 1.714069
0.051685 1.017144 1.700607
0.110296 1.022395 1.741192
0.169152 1.026976 1.777859
0.228035 1.030999 1.810583
0.286727 1.034551 1.839405
0.345008 1.037705 1.864448
0.402658 1.040513 1.885928
0.459462 1.043014 1.904114
0.515218 1.045241 1.919201
0.569741 1.047240 1.931174
0.622867 1.049070 1.939870
0.674453 1.050793 1.945217
0.905334 1.055545 1.922096
0.983344 1.053269 1.891433
1.052383 1.048356 1.849548
1.112206 1.039761 1.796519
1.162531 1.025824 1.733929
1.150668 0.643190 1.186126
1.096116 0.582815 1.145642
1.028714 0.523533 1.113626
0.947163 0.467577 1.090255
0.900730 0.441580 1.081744
0.850524 0.417283 1.075219
0.796689 0.394971 1.070517
0.739457 0.374920 1.067395
0.679072 0.357366 1.065559
0.615741 0.342508 1.064721
0.549613 0.330513 1.064669
0.480813 0.321539 1.065291
0.409496 0.315732 1.066571
0.335858 0.313217 1.068572
0.260139 0.314083 1.071408
0.182636 0.318381 1.075202
0.103731 0.326118 1.080028
0.023870 0.337238 1.085888
-0.056468 0.351623 1.092725
-0.136810 0.369090 1.100453
-0.216697 0.389402 1.108997
-0.295700 0.412270 1.118310
-0.373398 0.437351 1.128398
-0.449372 0.464245 1.139332
-0.199122 0.227226 1.842737
-0.110215 0.232899 1.863114
-0.042767 0.251905 1.886409
0.002084 0.280437 1.912058
0.030136 0.332849 1.952750
0.062121 0.039921 -0.387314
0.105466 0.059856 -0.361784
0.154066 0.079927 -0.336500
0.207220 0.100402 -0.311525
0.264167 0.121567 -0.286922
0.324105 0.143713 -0.262754
0.386193 0.167116 -0.239084
0.449561 0.192028 -0.215973
0.513318 0.218665 -0.193483
0.576561 0.247196 -0.171674
0.638404 0.277736 -0.150603
0.856087 0.420193 -0.074709
0.899698 0.460406 -0.058014
0.937900 0.502071 -0.042256
0.970328 0.544915 -0.027419
0.996718 0.588635 -0.013463
1.016903 0.632903 -0.000326
1.038506 0.721727 0.023859
1.035828 0.808695 0.046083
1.011068 0.891331 0.067581
0.967739 0.967568 0.089737
0.910447 1.035891 0.113921
0.844650 1.095414 0.141312
0.776231 1.145936 0.172751
0.710875 1.187955 0.208646
0.653348 1.222585 0.248967
0.607053 1.251331 0.293309
0.573952 1.275779 0.341001
0.554542 1.297439 0.391232
0.547724 1.317816 0.443172
0.551131 1.338577 0.496108
0.561915 1.361792 0.549530
0.577111 1.389440 0.603176
0.593736 1.421768 0.657030
0.609098 1.457505 0.711286
0.621129 1.496887 0.766315
0.628569 1.539310 0.822527
0.631088 1.582986 0.880173
0.629276 1.626964 0.939287
0.624331 1.671878 0.999717
0.617754 1.718881 1.061100
0.611201 1.767781 1.122788
0.606285 1.816747 1.183768
0.604375 1.866042 1.242714
0.606444 1.917228 1.298120
0.613232 1.971031 1.348271
0.625197 2.025951 1.391202
-0.578047 0.044767 0.300002
-0.530309 0.073666 0.338376
-0.483030 0.103468 0.377796
-0.433864 0.134480 0.418325
-0.380468 0.166725 0.460039
-0.321040 0.199984 0.502996
-0.254712 0.233852 0.547216
-0.181714 0.267838 0.592672
-0.103289 0.301484 0.639296
0.020050 0.350707 0.711223
0.061494 0.366758 0.735689
0.102618 0.382663 0.760393
0.143163 0.398464 0.785338
0.221659 0.429949 0.835971
0.295687 0.461655 0.887638
0.364624 0.494019 0.940383
0.428423 0.527391 0.994325
0.487464 0.561997 1.049657
0.542403 0.597941 1.106458
0.594058 0.635226 1.164550
0.643337 0.673805 1.223665
0.691203 0.713627 1.283696
0.738638 0.754692 1.344608
0.786603 0.797078 1.406122
0.835975 0.840945 1.466927
0.887481 0.886521 1.525056
0.941648 0.934099 1.579137
1.089957 1.063840 1.686618
1.154124 1.120777 1.711867
1.220622 1.180736 1.722992
1.289205 1.243388 1.716566
1.359795 1.308043 1.690738
1.395888 1.340906 1.670420
1.432559 1.373980 1.645046
1.469832 1.407040 1.614389
1.507722 1.439737 1.578142
1.546270 1.471662 1.535999
-0.324855 0.024716 0.660332
-0.255075 0.040258 0.684404
-0.193271 0.060818 0.709934
-0.138665 0.085780 0.737613
-0.090294 0.114498 0.767897
-0.646250 0.699545 0.226523
-0.602228 0.700892 0.260904
-0.554130 0.700641 0.294453
-0.502522 0.699293 0.327058
-0.447992 0.697357 0.358631
-0.391154 0.695342 0.389112
-0.332664 0.693735 0.418462
-0.273212 0.692992 0.446668
-0.213496 0.693522 0.473732
-0.154194 0.695681 0.499674
-0.095965 0.699760 0.524527
-0.039455 0.705987 0.548333
0.014702 0.714515 0.571144
0.113516 0.738732 0.614020
0.258842 0.813785 0.690877
0.299792 0.861358 0.726335
0.317814 0.912368 0.761041
0.313136 0.964062 0.796116
0.287431 1.013787 0.832794
0.243741 1.059130 0.872322
0.186203 1.098101 0.915811
0.119720 1.129451 0.964083
0.049623 1.152969 1.017571
-0.080210 1.179567 1.140034
-0.130714 1.185153 1.208217
-0.167165 1.187365 1.280260
-0.187846 1.187237 1.355395
-0.192290 1.185872 1.432570
-0.181038 1.184828 1.510779
-0.155398 1.186049 1.589262
-0.117247 1.191019 1.667093
-0.068752 1.199870 1.744353
-0.012106 1.211953 1.822040
0.050608 1.227613 1.898054
0.083630 1.237205 1.934955
0.439762 0.412924 1.131780
0.497596 0.426534 1.179331
0.560212 0.438503 1.224461
0.625381 0.448972 1.266825
0.690594 0.458140 1.306525
0.753270 0.466224 1.344033
0.810970 0.473378 1.378858
0.861524 0.479738 1.409913
0.920218 0.488166 1.448869
0.959529 0.497780 1.486320
0.920880 0.510401 1.521775
0.856460 0.516694 1.531722
0.798141 0.521592 1.536127
0.690580 0.530397 1.540516
0.607720 0.537698 1.543205
0.518103 0.546877 1.545483
0.423928 0.558361 1.546344
0.327379 0.572221 1.546787
0.230308 0.588410 1.548211
0.134210 0.606841 1.550471
0.040158 0.627339 1.552781
-0.065888 0.662178 1.827449
0.011672 0.683096 1.837710
0.077707 0.713815 1.847604
0.129754 0.753141 1.855413
0.166330 0.798864 1.860958
0.187045 0.848009 1.865143
0.192534 0.897666 1.870055
0.175848 0.968313 1.885184
0.151821 1.010512 1.903319
0.121227 1.047313 1.926609
0.087740 1.078014 1.951831
0.040383 1.113166 1.992191
0.128465 0.367714 1.985671
0.190687 0.392228 1.994435
0.252881 0.420803 2.002431
0.314628 0.453460 2.009958
0.375525 0.490166 2.017298
0.435181 0.530830 2.024480
0.493231 0.575288 2.031259
0.549329 0.623294 2.037198
0.603167 0.674553 2.041661
0.654484 0.728760 2.043993
0.703083 0.785611 2.043760
0.748810 0.844783 2.040725
0.791553 0.905881 2.034737
0.831232 0.968429 2.025821
0.867807 1.031916 2.014336
0.901285 1.095858 2.000612
0.931713 1.159791 1.984320
0.959175 1.223247 1.964755
0.983778 1.285774 1.941559
0.713496 1.342759 -0.567244
0.702399 1.307597 -0.524753
0.711464 1.285401 -0.473478
0.742210 1.277890 -0.418222
0.793340 1.286538 -0.363225
0.835816 1.301659 -0.328389
0.881488 1.324602 -0.295824
0.926468 1.353982 -0.265872
0.966190 1.388432 -0.238497
0.996235 1.428456 -0.213284
1.013090 1.473739 -0.189483
1.014165 1.521709 -0.166028
0.998468 1.569858 -0.141604
0.966905 1.616719 -0.114794
0.921756 1.661407 -0.084240
0.866521 1.703600 -0.048773
0.805901 1.741993 -0.007548
0.745721 1.774919 0.039821
0.692418 1.803397 0.093139
0.651480 1.828526 0.151650
0.626243 1.850136 0.214189
0.617591 1.869416 0.279397
0.623965 1.888351 0.345990
0.641686 1.907869 0.412965
0.665732 1.929151 0.479644
0.691060 1.953804 0.545744
0.713046 1.980886 0.611404
0.727768 2.010212 0.677149
0.733389 2.042265 0.743685
0.730319 2.077401 0.811599
0.720226 2.116189 0.881214
0.705387 2.157690 0.952576
0.460819 0.678463 1.743120
0.524723 0.724650 1.802866
0.781211 0.943923 1.953364
0.843455 1.006313 1.958507
0.934028 1.102843 1.935667
0.992275 1.168024 1.897214
1.020735 1.200478 1.870333
-0.648756 0.309881 1.219975
-0.592182 0.290289 1.232857
-0.535419 0.272953 1.244738
-0.478960 0.258131 1.255784
-0.423284 0.246019 1.266175
-0.368851 0.236752 1.276097
-0.216999 0.226523 1.304949
0.082161 0.330986 1.411745
0.113535 0.371858 1.444352
0.133917 0.415257 1.479808
0.148852 0.503647 1.556560
0.147552 0.546662 1.598712
0.143258 0.588138 1.644908
0.137928 0.627753 1.696362
0.133237 0.665419 1.752901
0.130524 0.701345 1.811782
0.921821 -0.384670 -0.115719
0.955109 -0.332215 -0.059913
0.986909 -0.276499 -0.006786
1.015321 -0.218395 0.043439
1.039751 -0.158934 0.090606
1.060456 -0.099240 0.134661
1.078263 -0.040461 0.175654
1.094582 0.016306 0.213734
1.111561 0.070085 0.249113
1.131594 0.120074 0.282035
1.156564 0.165675 0.312739
1.188097 0.206517 0.341432
1.227716 0.242468 0.368270
1.276217 0.273658 0.393350
1.333267 0.300484 0.416722
1.397089 0.323665 0.438407
1.464932 0.344300 0.458425
1.534109 0.363867 0.476800
1.602108 0.384166 0.493556
1.666351 0.407242 0.508716
1.724384 0.435219 0.522294
1.774131 0.470077 0.534303
1.813903 0.513405 0.544774
1.843164 0.566187 0.553790
1.862645 0.628646 0.561470
1.873767 0.700190 0.567958
1.878033 0.779495 0.573436
1.875845 0.864680 0.578155
1.868395 0.953525 0.582457
1.858332 1.043688 0.586634
1.847744 1.132746 0.590857
1.838762 1.218270 0.595193
1.833319 1.298062 0.599436
0.426132 1.038170 -0.706122
0.398419 1.028161 -0.646836
0.379524 1.022309 -0.585274
0.370662 1.020760 -0.522049
0.372928 1.023500 -0.457704
0.386990 1.030280 -0.392773
0.412713 1.040556 -0.327854
0.448993 1.054383 -0.263609
0.493724 1.072643 -0.200705
0.543884 1.096213 -0.139727
0.595745 1.125542 -0.081102
0.645134 1.160460 -0.025028
0.687706 1.200352 0.028567
0.719409 1.244532 0.080065
0.737050 1.292140 0.130160
0.738866 1.341892 0.179820
0.724840 1.392177 0.230205
0.696736 1.441426 0.282538
0.657932 1.488112 0.337970
0.613099 1.530884 0.397414
0.567451 1.569336 0.461415
0.525862 1.604292 0.530098
0.492372 1.636835 0.603195
0.458270 1.714286 0.801006
0.470790 1.760807 0.926671
0.488524 1.794018 1.012294
0.510270 1.828610 1.098939
0.533198 1.864963 1.186268
0.554962 1.904580 1.273971
-0.275596 -0.306363 0.202638
-0.231896 -0.263306 0.226504
-0.187567 -0.219481 0.251402
-0.139327 -0.175172 0.277364
-0.084311 -0.130852 0.304420
-0.020510 -0.087173 0.332563
0.052981 -0.044927 0.361719
0.226952 0.032049 0.422369
0.274876 0.049258 0.437837
0.323985 0.065563 0.453357
0.373938 0.080961 0.468892
0.424387 0.095474 0.484408
0.474982 0.109150 0.499873
0.525376 0.122066 0.515262
0.575239 0.134320 0.530549
0.624254 0.146030 0.545718
0.672129 0.157334 0.560753
0.718598 0.168379 0.575646
0.806416 0.190327 0.604998
0.886255 0.213122 0.633804
0.957273 0.237897 0.662160
1.019234 0.265527 0.690196
1.072447 0.296543 0.718068
1.117665 0.331097 0.745933
1.155960 0.368995 0.773946
1.188627 0.409781 0.802263
1.217147 0.452821 0.831016
1.243147 0.497402 0.860265
1.268321 0.542832 0.889986
1.294297 0.588528 0.920009
1.322425 0.634063 0.949924
1.353625 0.679188 0.979067
1.388808 0.723831 1.006641
1.428253 0.768092 1.032110
1.471276 0.812188 1.055356
1.518328 0.856394 1.076149
1.569205 0.900953 1.093750
1.621890 0.945989 1.107549
1.674597 0.991477 1.116699
1.726697 1.037236 1.119355
1.778856 1.082911 1.113462
1.831912 1.127977 1.097814
1.886163 1.171825 1.071979
1.940861 1.213695 1.035539
1.995082 1.252438 0.988534
2.078165 1.301888 0.898777
-0.709724 0.670579 0.806362
-0.651790 0.651695 0.831457
-0.591968 0.633481 0.854955
-0.530826 0.616489 0.876902
-0.468989 0.601217 0.897363
-0.407124 0.588098 0.916418
-0.345916 0.577489 0.934156
-0.173083 0.563028 0.980482
-0.121233 0.564326 0.993986
-0.029601 0.575803 1.018777
0.043022 0.597793 1.041444
0.094366 0.627938 1.063074
0.123538 0.663374 1.084841
0.127123 0.719908 1.120465
0.105925 0.755858 1.148087
0.069908 0.787896 1.180240
0.023379 0.814615 1.217984
-0.028939 0.835319 1.261800
-0.082190 0.850043 1.311042
-0.131749 0.859467 1.364687
-0.173614 0.864672 1.422365
-0.204714 0.866882 1.483332
-0.223054 0.867377 1.545518
-0.227685 0.867532 1.607891
-0.218531 0.868612 1.671057
-0.196176 0.871577 1.735310
-0.161702 0.877416 1.799680
-0.116549 0.886905 1.862810
-0.062369 0.900452 1.924768
-0.000875 0.918530 1.986218
0.049521 -0.470137 0.251701
0.089012 -0.421477 0.254743
0.130529 -0.373470 0.260712
0.174285 -0.326496 0.269554
0.220083 -0.280872 0.281162
0.267290 -0.236785 0.295392
0.314925 -0.194276 0.312077
0.361840 -0.153245 0.331046
0.406907 -0.113501 0.352113
0.449169 -0.074824 0.375100
0.487911 -0.037034 0.399901
0.522655 -0.000039 0.426512
0.553109 0.036135 0.454999
0.579097 0.071346 0.485449
0.634347 0.183295 0.606780
0.642745 0.223966 0.663991
0.645527 0.259594 0.723665
0.647327 0.290362 0.785705
0.653944 0.316782 0.849537
0.671310 0.339471 0.913872
0.704143 0.359003 0.976718
0.735875 0.370517 1.017179
0.875019 0.399530 1.130494
0.932405 0.407819 1.164573
0.992970 0.415583 1.195601
1.055373 0.422822 1.222499
1.118117 0.429489 1.246369
1.179469 0.435547 1.268479
1.237951 0.440877 1.288235
1.291896 0.445247 1.304610
1.358141 0.449448 1.322635
1.411499 0.449513 1.335706
1.275806 0.400620 1.321447
1.206020 0.387025 1.317657
1.124517 0.373248 1.314285
1.031820 0.360202 1.311996
0.981315 0.354252 1.311418
0.928050 0.348847 1.311245
0.872070 0.344113 1.311456
0.813489 0.340187 1.312014
0.752497 0.337216 1.312903
0.689362 0.335355 1.314143
0.624401 0.334747 1.315783
0.557947 0.335516 1.317866
0.421823 0.341527 1.323494
0.352725 0.346874 1.327067
0.283283 0.353814 1.331152
0.213730 0.362347 1.335797
0.144284 0.372454 1.341050
0.075151 0.384095 1.346868
0.006540 0.397208 1.353108
-0.061315 0.411709 1.359612
-0.128154 0.427489 1.366293
-0.193711 0.444417 1.373153
-0.257757 0.462342 1.380277
0.069552 0.244573 1.993036
0.130947 0.269552 1.997169
0.189488 0.299182 2.001153
0.244752 0.333190 2.005010
0.296388 0.371256 2.008599
0.344108 0.413038 2.011734
0.517562 0.664748 2.028492
0.538562 0.720867 2.033048
0.554991 0.777921 2.038217
0.566927 0.835459 2.044131
0.574489 0.893040 2.050675
0.577838 0.950255 2.057642
0.572716 1.062115 2.072907
0.564737 1.116099 2.081534
0.553514 1.168414 2.090904
0.539347 1.218826 2.100811
0.522556 1.267119 2.110825
0.503472 1.313098 2.120503
0.222085 2.105203 0.392037
0.246458 2.104961 0.438060
0.275247 2.105224 0.482115
0.308377 2.106190 0.523950
0.345693 2.107815 0.563321
0.386957 2.109952 0.599998
0.431887 2.112499 0.633767
0.480189 2.115418 0.664431
0.531556 2.118784 0.691811
0.585667 2.122935 0.715751
0.642180 2.128043 0.736114
0.700695 2.133611 0.752785
0.760770 2.138883 0.765671
0.821956 2.143400 0.774707
0.883827 2.147163 0.779864
0.945984 2.150491 0.781140
1.008056 2.153784 0.778562
1.069692 2.157516 0.772184
1.130550 2.161940 0.762077
1.190309 2.166730 0.748338
1.167221 -0.718212 0.689769
1.013574 -0.739932 0.702603
0.856013 -0.754141 0.711922
0.695589 -0.760698 0.717581
0.533588 -0.759583 0.719563
0.182061 -0.063324 0.787940
0.246446 -0.029962 0.797818
0.304573 0.006867 0.809217
0.356389 0.046737 0.822171
0.401938 0.089212 0.836712
0.441367 0.133858 0.852903
0.474903 0.180259 0.870841
0.502840 0.228021 0.890613
0.525514 0.276779 0.912273
1.001401 -0.185375 -0.218895
1.030090 -0.178341 -0.167447
1.062749 -0.173469 -0.116813
1.099748 -0.171099 -0.066796
1.141361 -0.171460 -0.017260
1.187465 -0.174645 0.031885
1.237382 -0.180585 0.080695
1.290188 -0.189019 0.129201
1.345021 -0.199500 0.177400
1.401096 -0.211400 0.225256
1.457477 -0.223930 0.272692
1.513444 -0.236167 0.319582
1.568655 -0.247121 0.365744
1.622170 -0.255749 0.410949
1.672753 -0.260963 0.454911
1.720347 -0.261689 0.497303
1.787654 -0.252209 0.557223
1.830035 -0.237555 0.594275
1.869769 -0.215416 0.628694
1.612151 -0.452634 0.970391
1.508256 -0.479116 0.985550
1.398854 -0.502170 0.999373
1.285019 -0.521527 1.011644
1.167699 -0.536967 1.022173
1.047540 -0.548316 1.030803
0.925012 -0.555428 1.037415
0.800511 -0.558193 1.041944
0.674304 -0.556531 1.044389
0.546586 -0.550407 1.044822
0.417721 -0.539832 1.043388
0.288363 -0.524870 1.040298
0.159399 -0.505648 1.035816
0.031848 -0.482369 1.030245
0.206995 -0.061674 1.181722
0.293600 -0.025017 1.188295
0.376347 0.017007 1.196326
0.528220 0.116005 1.217098
0.596552 0.172283 1.229973
0.659416 0.232558 1.244555
0.716600 0.296408 1.260856
0.813436 0.433095 1.298639
0.853009 0.505065 1.320117
0.886735 0.578885 1.343299
0.914720 0.654142 1.368144
0.937114 0.730433 1.394592
0.972892 0.961652 1.483019
0.920365 -0.242362 1.178978
0.837176 -0.243677 1.180925
0.741344 -0.240276 1.182515
0.688733 -0.236538 1.183433
0.633130 -0.231298 1.184525
0.574653 -0.224454 1.185824
0.513452 -0.215912 1.187351
0.449749 -0.205588 1.189118
0.383852 -0.193421 1.191124
0.316104 -0.179383 1.193356
0.246795 -0.163483 1.195819
0.176136 -0.145764 1.198588
-0.041336 -0.082528 1.210119
-0.114309 -0.058523 1.215487
-0.186687 -0.033360 1.221768
-0.257933 -0.007279 1.229005
-0.327528 0.019437 1.237223
-0.292197 0.071755 1.690775
-0.221861 0.074112 1.698821
-0.150177 0.080589 1.706327
-0.077638 0.091375 1.713234
-0.004758 0.106592 1.719576
0.067951 0.126289 1.725488
0.139986 0.150446 1.731180
0.210859 0.178987 1.736892
0.280112 0.211780 1.742783
0.347329 0.248638 1.748821
0.412142 0.289317 1.754774
0.474246 0.333518 1.760303
0.533382 0.380907 1.765111
0.589330 0.431110 1.769023
0.641907 0.483725 1.771952
0.690977 0.538331 1.773814
0.736467 0.594513 1.774498
0.778349 0.651876 1.773852
0.816633 0.710040 1.771651
0.851361 0.768631 1.767574
0.882613 0.827281 1.761263
0.910496 0.885633 1.752432
0.935129 0.943342 1.740873
0.956646 1.000068 1.726395
0.975193 1.055473 1.708845
1.014657 1.210589 1.638313
1.023019 1.257685 1.609496
1.029291 1.302130 1.578390
1.033646 1.343785 1.545181
1.036250 1.382546 1.510035
1.037260 1.418343 1.473124
1.036833 1.451137 1.434606
1.032247 1.507691 1.352874
1.023582 1.552320 1.263853
1.018028 1.570245 1.216493
1.011792 1.585318 1.167578
1.004950 1.597638 1.117548
0.997557 1.607351 1.066894
0.989644 1.614663 1.016081
0.981221 1.619847 0.965469
0.972288 1.623253 0.915284
0.962864 1.625264 0.865664
0.942707 1.626125 0.768756
0.921129 1.623495 0.676116
0.898531 1.619443 0.588243
0.875543 1.616052 0.504750
0.852608 1.613739 0.425695
0.829141 1.610783 0.351704
0.804941 1.606139 0.283374
0.781247 1.599884 0.221156
0.759748 1.592397 0.165373
0.715334 1.571675 0.035490
0.707119 1.561744 -0.023099
0.737433 1.563314 -0.072594
0.794643 1.584737 -0.101075
0.848461 1.611341 -0.119685
0.903272 1.646487 -0.137375
0.950980 1.690129 -0.154398
0.982892 1.740037 -0.169825
0.990801 1.796587 -0.181485
0.968072 1.856987 -0.186001
0.934033 1.896703 -0.182855
0.422291 2.133614 0.252500
0.440150 2.142335 0.326274
0.480173 2.152252 0.396886
0.538932 2.163145 0.461939
0.611961 2.173780 0.519523
0.694050 2.182111 0.568271
0.779757 2.189818 0.607391
0.863872 2.201189 0.636691
0.941553 2.219079 0.656522
0.847833 1.979675 -0.032276
0.890811 1.976267 0.038248
0.941150 1.974248 0.103781
0.998080 1.974491 0.163704
1.060291 1.975284 0.217585
1.126112 1.975817 0.265169
1.193906 1.976880 0.306384
1.261938 1.978160 0.341317
1.328212 1.980271 0.370172
-0.290297 0.847780 0.331865
-0.244585 0.872760 0.397291
-0.198306 0.894557 0.462226
-0.151600 0.913336 0.526415
-0.104599 0.929262 0.589610
-0.057434 0.942504 0.651584
-0.010234 0.953230 0.712128
0.036872 0.961608 0.771066
0.176478 0.974291 0.936875
0.222091 0.974883 0.988106
0.267067 0.973902 1.037164
0.311299 0.971491 1.083979
0.354681 0.967790 1.128495
0.397106 0.962939 1.170669
0.438460 0.957072 1.210473
0.478626 0.950317 1.247894
0.517483 0.942797 1.282925
0.554911 0.934628 1.315571
0.625046 0.916733 1.373770
0.688222 0.897202 1.422668
0.743641 0.876344 1.462652
0.790558 0.854395 1.494667
0.828390 0.831729 1.519904
0.866862 0.796970 1.547322
0.879925 0.748380 1.571184
0.843840 0.700853 1.589765
0.782788 0.671154 1.607858
0.726261 0.655571 1.621507
0.657795 0.643550 1.635511
0.578372 0.635486 1.650181
0.489024 0.632042 1.665751
0.390809 0.633920 1.681798
0.338779 0.637050 1.689989
0.285017 0.641691 1.698458
0.229677 0.647830 1.707383
0.055878 0.674491 1.739310
-0.004053 0.685751 1.752127
-0.064667 0.697992 1.765830
-0.125722 0.711090 1.780302
-0.186954 0.724911 1.795479
-0.248087 0.739308 1.811175
0.701755 -0.791946 0.828134
0.664977 -0.729622 0.834023
0.639950 -0.666273 0.835348
0.624472 -0.602768 0.833606
0.616800 -0.539754 0.830103
0.615614 -0.477538 0.825993
0.619935 -0.416163 0.822323
0.629063 -0.355627 0.820081
0.642503 -0.296053 0.820187
0.659954 -0.237714 0.823338
0.681234 -0.180939 0.829800
1.671963 1.163775 1.789627
1.731201 1.219193 1.757582
1.350408 0.016680 0.424636
1.261079 -0.043564 0.440678
1.167186 -0.098487 0.458929
1.069358 -0.147668 0.478808
0.968129 -0.190753 0.499756
0.863902 -0.227433 0.521255
0.757090 -0.257433 0.542836
0.648297 -0.280521 0.564085
0.538334 -0.296532 0.584656
0.428078 -0.305400 0.604277
0.318340 -0.307150 0.622754
0.209861 -0.301880 0.639976
0.103340 -0.289750 0.655908
-0.000554 -0.270987 0.670593
-0.101205 -0.245881 0.684144
0.620601 -0.812542 0.653799
0.639574 -0.737440 0.669929
0.663792 -0.661443 0.683212
0.690102 -0.584783 0.694466
0.716282 -0.507902 0.704385
0.741251 -0.431530 0.713605
0.895711 -0.050914 0.776214
0.936126 0.010301 0.793396
0.979643 0.070468 0.813329
1.024306 0.130677 0.836336
1.067902 0.192117 0.862634
-0.595690 0.171508 0.177497
-0.550300 0.183337 0.228220
-0.512769 0.196671 0.278496
-0.480044 0.211689 0.328560
-0.448873 0.228483 0.378635
-0.416394 0.247069 0.428914
-0.380477 0.267373 0.479557
-0.339888 0.289238 0.530698
-0.294303 0.312438 0.582470
-0.244183 0.336725 0.635002
-0.190547 0.361883 0.688396
-0.134697 0.387768 0.742694
-0.077956 0.414328 0.797927
-0.021462 0.441597 0.854163
0.033944 0.469672 0.911514
0.087748 0.498673 0.970138
0.139724 0.528718 1.030204
0.189861 0.559893 1.091796
0.238299 0.592247 1.154947
0.285279 0.625795 1.219590
0.331128 0.660527 1.285229
0.376258 0.696426 1.351245
0.421164 0.733486 1.416998
0.466403 0.771732 1.481381
0.512555 0.811226 1.543788
0.560173 0.852105 1.604329
0.609727 0.894592 1.662560
0.661554 0.938969 1.716693
0.772560 1.034343 1.803052
0.831588 1.085489 1.831994
0.892638 1.138767 1.847831
0.955362 1.194160 1.850095
1.019423 1.251405 1.838047
1.150560 1.368302 1.764091
1.183873 1.397349 1.734003
1.217385 1.425894 1.698451
-0.403312 -0.062090 0.822026
-0.315397 -0.055664 0.832827
-0.238535 -0.041391 0.845211
-0.172827 -0.020334 0.860068
-0.117548 0.006312 0.877972
-0.071397 0.037375 0.899667
-0.032743 0.071819 0.925766
-0.606183 0.659154 0.122420
-0.567266 0.666180 0.157273
-0.523230 0.671333 0.191490
-0.474567 0.675059 0.224938
-0.421838 0.677839 0.257501
-0.120806 0.694888 0.404728
-0.058437 0.702069 0.430877
0.002800 0.711325 0.455948
0.305548 0.816796 0.586307
0.367858 0.869165 0.623799
0.405912 0.926915 0.659639
0.418925 0.987276 0.694910
0.322282 1.157088 0.810021
0.255716 1.202617 0.855702
0.141197 1.255541 0.934386
-0.110241 1.319754 1.206580
-0.137672 1.324564 1.285880
-0.147560 1.327450 1.367930
-0.140614 1.329722 1.451832
-0.118425 1.333212 1.536573
-0.083154 1.340067 1.621501
-0.037232 1.351295 1.706621
-0.011039 1.358454 1.749082
0.016920 1.366552 1.791138
0.046369 1.375609 1.832418
0.077042 1.385750 1.872591
0.354401 0.465937 1.314389
0.404014 0.483230 1.368513
0.448559 0.499475 1.420565
0.486146 0.515084 1.470331
0.542851 0.561365 1.598921
0.533558 0.585700 1.648598
0.460852 0.629250 1.713159
0.413986 0.647462 1.732295
0.358928 0.665996 1.748108
0.297236 0.684472 1.760853
0.230509 0.702733 1.771102
0.088336 0.739022 1.785357
0.015411 0.827651 1.759024
0.074135 0.856688 1.757772
0.119852 0.892363 1.757494
0.151093 0.932983 1.757319
0.150771 1.082031 1.763472
0.113893 1.136370 1.781975
0.072211 1.181026 1.806454
0.039922 1.216482 1.834871
0.086086 1.292580 1.947367
0.137170 1.317058 1.976040
0.204196 1.346261 2.004621
0.285921 1.380437 2.031737
0.206506 0.165056 1.602378
0.145137 0.181801 1.614839
0.083134 0.198977 1.628260
0.020854 0.216438 1.642515
0.162403 1.036016 2.070350
0.242264 1.047499 2.114108
0.316448 1.060469 2.143608
-0.300009 1.096396 0.889891
-0.221024 1.096253 0.904493
-0.134994 1.100061 0.915028
-0.048751 1.110196 0.921619
0.095202 1.152957 0.924182
0.140000 1.184271 0.921453
0.047640 1.324054 0.915084
-0.024867 1.339075 0.925308
-0.103900 1.345468 0.942012
-0.181546 1.343783 0.965032
-0.249619 1.336050 0.993597
-0.300425 1.325304 1.026156
-0.330680 1.310210 1.078301
-0.294242 1.303760 1.129385
-0.230830 1.305365 1.160347
-0.017286 1.321179 1.206880
0.051623 1.327438 1.213961
0.125614 1.334283 1.218807
0.204062 1.341439 1.221229
0.286322 1.348624 1.221051
0.371743 1.355590 1.218139
0.459674 1.362145 1.212426
0.549489 1.368139 1.203918
0.640598 1.373416 1.192678
0.732446 1.377767 1.178769
0.824512 1.380929 1.162203
0.916305 1.382627 1.142928
1.007365 1.382610 1.120879
1.097262 1.380652 1.096043
1.185598 1.376569 1.068500
1.272006 1.370221 1.038426
1.356145 1.361498 1.006060
1.437704 1.350292 0.971672
1.516400 1.336504 0.935536
1.591988 1.320063 0.897917
1.664259 1.300940 0.859083
1.733042 1.279133 0.819308
1.798205 1.254643 0.778885
1.859651 1.227473 0.738123
1.917325 1.197648 0.697351
1.971209 1.165219 0.656909
2.021317 1.130259 0.617153
2.067693 1.092833 0.578438
2.110394 1.052982 0.541115
0.282308 0.760057 1.539705
0.339011 0.768317 1.605973
0.382555 0.775359 1.664638
0.426241 0.792972 1.783735
0.406588 0.806570 1.839859
0.355481 0.824235 1.885879
0.306593 0.838696 1.910563
0.248258 0.855322 1.931188
0.182598 0.873552 1.948338
0.111545 0.892272 1.960363
0.028641 0.990693 1.596227
0.004014 1.046855 1.584094
-0.047669 1.076542 1.577709
-0.076750 1.105565 1.608729
-0.027046 1.122226 1.633492
0.032755 1.138032 1.648384
0.113998 1.158672 1.663125
0.162311 1.170867 1.670178
0.215439 1.184226 1.676336
0.273085 1.198675 1.681011
0.334913 1.214177 1.683796
0.400555 1.230724 1.684567
0.469627 1.248299 1.683419
0.541732 1.266826 1.680502
0.616472 1.286156 1.675869
0.693450 1.306077 1.669394
0.772280 1.326353 1.660800
0.852587 1.346765 1.649738
1.016195 1.387386 1.618948
1.098791 1.407386 1.598773
1.181454 1.427044 1.575302
1.263846 1.446218 1.548672
1.426540 1.482457 1.487075
1.506259 1.499279 1.452616
1.584547 1.515163 1.415842
1.661180 1.530072 1.376649
1.735958 1.543891 1.334881
