inf
7.044876317544287447e-01
6.918151442874677093e-01
5.993063316675456553e-01
5.126157633332806274e-01
4.857959675346548711e-01
4.824143604074453417e-01
4.733081674707758091e-01
4.676864467112358814e-01
4.664257691091299729e-01
4.622195266379527934e-01
4.595829305071844062e-01
4.515911875946224674e-01
4.447587726628861593e-01
4.440109780157069919e-01
4.393479643284963210e-01
4.380581734157973361e-01
4.317408672435783523e-01
4.315912401732842074e-01
4.228409245353156320e-01
4.210617595215392361e-01
4.176703246082829057e-01
4.018034847400341891e-01
3.966552792552675566e-01
3.954403470781908125e-01
3.878634782542670356e-01
3.851248373285757198e-01
3.822464596495222522e-01
3.775377779789393373e-01
3.761863874974995525e-01
3.753107801119248133e-01
3.741129361749216398e-01
3.738146156226290762e-01
3.712954860214323638e-01
3.700591838426946500e-01
3.659329582739591635e-01
3.588316679079830984e-01
3.563313238320922061e-01
3.539850798526568143e-01
3.468953520601153473e-01
3.387300114329860334e-01
3.340844689337137408e-01
3.332386997705356624e-01
3.326294080025866129e-01
3.279093211561762145e-01
3.165708595532977232e-01
3.121623639867029398e-01
3.089425926786468213e-01
3.051786311798397322e-01
3.038248237038643773e-01
3.037018236201354804e-01
3.035464090392943071e-01
3.022491502054200918e-01
2.990176536502162086e-01
2.976276096544193117e-01
2.959911794997734935e-01
2.954852171077209100e-01
2.949220291539195182e-01
2.926200493859071883e-01
2.920036439706808484e-01
2.888948338453036779e-01
2.886608554047510045e-01
2.859884511196284507e-01
2.856538682916130445e-01
2.847314670912463042e-01
2.840495121050872762e-01
2.808433653298414434e-01
2.805942353877970974e-01
2.790538325769073569e-01
2.749474076681426293e-01
2.716670041809586822e-01
2.711634956882147951e-01
2.703727694769956225e-01
2.663380441462511183e-01
2.653209296576563014e-01
2.627689027303440339e-01
2.625124248682821348e-01
2.568605100001807306e-01
2.555364818789894743e-01
2.547004500359691948e-01
2.546604535735730312e-01
2.535547966424598898e-01
2.520595404852992161e-01
2.508643201611822082e-01
2.501110295202886302e-01
2.492092971500767806e-01
2.492002764535821702e-01
2.484516104706499529e-01
2.481161329269124804e-01
2.470737830032692373e-01
2.467572026849456646e-01
2.458051672489440787e-01
2.455963225730443122e-01
2.453754544078598498e-01
2.451049627579208190e-01
2.449949838274250447e-01
2.433207556949633921e-01
2.428705195861554644e-01
2.422525321159108846e-01
2.419186559188258867e-01
2.416477576779499647e-01
2.410213149735806748e-01
2.397787097553770175e-01
2.391634178664263644e-01
2.384859921878461075e-01
2.383096256436434413e-01
2.372877265729183560e-01
2.372515543988964748e-01
2.371838940456323930e-01
2.360995875522052811e-01
2.358509416515175428e-01
2.356177894681651952e-01
2.354770418810881172e-01
2.342645958111477522e-01
2.324446927202928059e-01
2.317981588083745104e-01
2.310245653158877199e-01
2.302057926006113031e-01
2.301568129451834477e-01
2.295349637221243966e-01
2.288777525544192504e-01
2.283391642319510806e-01
2.281195504358727866e-01
2.260366249589789156e-01
2.247158165143188502e-01
2.241433517589956070e-01
2.222399985072823492e-01
2.219351355726189579e-01
2.218696231439444277e-01
2.214881438590849683e-01
2.206447725976304342e-01
2.194844735450485751e-01
2.193829616304489027e-01
2.188948500312940249e-01
2.182606955146348948e-01
2.180781553529662908e-01
2.176424727548674776e-01
2.168661404422186079e-01
2.166404744288341899e-01
2.150960547835271408e-01
2.150489114351069875e-01
2.146730262363515107e-01
2.142881268642778947e-01
2.142363111376060780e-01
2.140765474106606781e-01
2.131952046773812337e-01
2.125982979670887063e-01
2.124167022207542055e-01
2.117514945855616670e-01
2.113503748448407604e-01
2.090923723118207067e-01
2.087921253680323774e-01
2.067728122579287897e-01
2.067605416637304516e-01
2.065846373629247335e-01
2.063278656896046503e-01
2.059968693963153963e-01
2.055210786930853351e-01
2.053969182311461972e-01
2.037901058629607576e-01
2.036464651671437975e-01
2.031799186391993195e-01
2.021559215371119544e-01
2.011405471185165605e-01
1.996612609279549144e-01
1.994673668074922745e-01
1.970533264133189355e-01
1.970432359930234523e-01
1.966575023497859065e-01
1.954298791286425696e-01
1.953641217226230742e-01
1.951880577110085557e-01
1.951187790561532132e-01
1.947316789616362620e-01
1.944116060627040510e-01
1.943653913178595982e-01
1.936249717756283184e-01
1.930582727918729591e-01
1.930173136153871816e-01
1.929564003421146978e-01
1.916791966264727032e-01
1.915053373208786824e-01
1.903673422271359994e-01
1.902830328984251584e-01
1.901286959187629411e-01
1.899107582282966444e-01
1.896497732471032205e-01
1.887705765191814711e-01
1.884416308373198790e-01
1.881500423068636629e-01
1.880603758421785787e-01
1.879887877803645968e-01
1.878696400815112189e-01
1.872137275184161120e-01
1.862168909628784397e-01
1.854630288770968138e-01
1.849627677700126094e-01
1.847450910746782360e-01
1.844238320445986956e-01
1.836717331333361514e-01
1.834578820898831730e-01
1.830697899354004066e-01
1.827299960747162944e-01
1.826211498412009804e-01
1.826166561368607333e-01
1.825671768531373085e-01
1.822037644581466220e-01
1.812668590197256957e-01
1.805971227964386083e-01
1.805522609768122622e-01
1.805045630509328480e-01
1.802514285504167590e-01
1.797582834698323306e-01
1.797237199779176953e-01
1.796929973705784500e-01
1.796019842370306374e-01
1.795813670967288389e-01
1.792970286626654475e-01
1.792384325561653391e-01
1.785700195595371631e-01
1.778017959894807876e-01
1.777359159015726442e-01
1.773767402276596461e-01
1.773213847646984975e-01
1.763050545009936243e-01
1.762683709460442227e-01
1.761684163817087145e-01
1.758701122981231602e-01
1.756432042577712460e-01
1.752528100684710710e-01
1.721655637968637076e-01
1.719739331891206036e-01
1.719698528608056831e-01
1.718054047808288132e-01
1.710823481312991612e-01
1.709406488697546855e-01
1.708091943685136893e-01
1.704562400467364014e-01
1.703147894015210329e-01
1.692207301688117560e-01
1.683741119489076399e-01
1.682317138029370551e-01
1.677727779222595583e-01
1.677596055144394416e-01
1.675252039038516716e-01
1.673362963601608133e-01
1.670445454909352812e-01
1.668241031643643013e-01
1.661469813781828175e-01
1.659620498977340264e-01
1.656073519096983582e-01
1.655606764551034449e-01
1.653195155351132872e-01
1.652840684316337905e-01
1.651057522199692595e-01
1.645311547125923590e-01
1.641591142968218120e-01
1.634488944383843678e-01
1.633694453368854382e-01
1.632056017305778539e-01
1.631743864688099677e-01
1.626347435423549093e-01
1.623261971870077203e-01
1.623016878538160179e-01
1.623014648147937666e-01
1.620973407893948892e-01
1.618415043303201850e-01
1.617708817327464521e-01
1.615724959648592030e-01
1.614299402229231739e-01
1.612084055683099537e-01
1.612029060502207511e-01
1.605372051485391971e-01
1.604902163467878118e-01
1.596318371688425219e-01
1.596081768937786527e-01
1.595767709732357209e-01
1.589335820416056255e-01
1.584610615253903565e-01
1.574372241838299935e-01
1.572718446126747383e-01
1.571819395424352284e-01
1.570053634077228366e-01
1.569391380923610413e-01
1.565616152092841329e-01
1.563240084663273799e-01
1.562960696353782319e-01
1.557634997253025955e-01
1.557531906365106078e-01
1.556186030515039620e-01
1.554123188327269367e-01
1.552182164350155991e-01
1.552043797490929300e-01
1.549849322118693751e-01
1.549307402682502666e-01
1.547019131711088180e-01
1.546556927125660175e-01
1.545769237758473635e-01
1.545261921945333405e-01
1.542169293364982208e-01
1.539792682349344077e-01
1.539290477583682426e-01
1.535492379257152318e-01
1.531435272214009824e-01
1.530130140966319274e-01
1.525953225293648630e-01
1.522443048113281683e-01
1.516743123163709905e-01
1.515149030939927088e-01
1.514963838111003935e-01
1.512830006668867688e-01
1.510995322627125825e-01
1.509654317617382668e-01
1.509563088430186106e-01
1.509562959519893666e-01
1.507420344418937130e-01
1.507041096307611683e-01
1.504364332873562582e-01
1.501112924488553768e-01
0.000000000000000000e+00
