inf
2.703806297578120188e-01
2.629866861476301554e-01
2.386471216495133219e-01
2.309046303194597083e-01
2.253942652264202262e-01
2.181063990135136410e-01
2.128719379227720643e-01
2.107202649693165619e-01
2.105158570499829351e-01
2.100143661431413955e-01
2.086075498876399925e-01
2.079952333840872913e-01
2.079141246404531407e-01
2.068692812524136337e-01
2.026129585883494344e-01
2.006829099567997987e-01
2.005313394859106479e-01
1.991884412877205357e-01
1.979760244789325052e-01
1.942514408559804506e-01
1.931992574318650846e-01
1.912034399646445060e-01
1.909092446675806631e-01
1.901563994724782269e-01
1.874887187192986748e-01
1.871821938331559854e-01
1.854415178517131724e-01
1.835728637898862148e-01
1.835427315660513592e-01
1.827560548843714661e-01
1.821566195650285158e-01
1.815278013134546675e-01
1.798992265807895508e-01
1.786326406445549186e-01
1.779492516023758464e-01
1.777005269565125611e-01
1.769238654724341331e-01
1.764398697580362441e-01
1.763012969466846158e-01
1.761337174706373021e-01
1.751421793615600686e-01
1.742747325623723031e-01
1.731527348342186412e-01
1.731354201305845553e-01
1.728577577960974110e-01
1.728350335201086496e-01
1.722320039516667400e-01
1.719072124710703253e-01
1.708349513330680303e-01
1.703840021041572450e-01
1.702778192390761169e-01
1.702326077500730950e-01
1.691723945520824668e-01
1.690993919243307941e-01
1.689004764962310778e-01
1.681356998942731551e-01
1.676512643154104143e-01
1.675611916146135250e-01
1.662085051897737864e-01
1.647908418610971593e-01
1.641942681407942695e-01
1.641411058016673530e-01
1.638964559386708320e-01
1.637680027046741760e-01
1.632001762027289193e-01
1.631505766259850054e-01
1.631190110422144346e-01
1.628162439398242733e-01
1.625863432523385332e-01
1.621781954065328046e-01
1.619999038489170484e-01
1.617708817327464521e-01
1.613961006457314273e-01
1.611522588286616597e-01
1.610903313963969741e-01
1.607715376854738365e-01
1.607291239659126292e-01
1.606221353871479240e-01
1.597848928604495289e-01
1.596217251118682290e-01
1.595876326825738656e-01
1.595133855761474984e-01
1.594656715180607365e-01
1.591389247369509319e-01
1.589952834622883893e-01
1.585611751451369844e-01
1.584698575090800754e-01
1.584093833791934136e-01
1.581955698691478729e-01
1.580837865125583330e-01
1.579653264623377407e-01
1.578870328917824639e-01
1.576698133842669158e-01
1.573564693772526724e-01
1.573443109713733856e-01
1.571033723143658856e-01
1.565125770595026111e-01
1.561855835516665902e-01
1.560665124551897376e-01
1.558745243747255427e-01
1.558086032078273842e-01
1.557598043007157596e-01
1.556369528052907181e-01
1.556318830822804311e-01
1.556077640236911974e-01
1.555075967506300838e-01
1.554523235287320615e-01
1.553131255668867838e-01
1.552123709352033754e-01
1.550205342064598646e-01
1.548950148752778477e-01
1.540476976741635695e-01
1.539548799335443141e-01
1.536177792575960377e-01
1.536112942766179601e-01
1.533117244217059583e-01
1.532922699204497807e-01
1.532810840719196765e-01
1.531844188342534052e-01
1.531649266492983164e-01
1.530268334462705770e-01
1.530005480651870364e-01
1.529309508017719643e-01
1.524876993992872465e-01
1.523508648581100300e-01
1.519375396687034641e-01
1.514304552677410154e-01
1.509450676495244503e-01
1.504472990146789591e-01
1.503500329328120166e-01
1.502565979681077524e-01
1.502110988512233847e-01
1.501777296707790532e-01
1.500625229483032730e-01
0.000000000000000000e+00
