inf
2.386471216495133219e-01
2.181063990135136410e-01
2.067728122579287897e-01
1.879670148519316519e-01
1.727149300611802996e-01
1.702778192390761169e-01
1.702326077500730950e-01
1.690993919243307941e-01
1.662385397994374514e-01
1.649146210151309910e-01
1.632589914303861078e-01
1.628162439398242733e-01
1.623138954633548403e-01
1.616225464606509676e-01
1.616184424212794846e-01
1.606489327824430768e-01
1.606221353871479240e-01
1.598976222659029001e-01
1.594656715180607365e-01
1.591389247369509319e-01
1.578870328917824639e-01
1.577976089350051903e-01
1.576698133842669158e-01
1.561855835516665902e-01
1.556369528052907181e-01
1.536177792575960377e-01
1.530868584411824995e-01
1.525787519297773787e-01
1.512687381111676721e-01
1.510817807290070480e-01
1.509959201359711845e-01
1.502692728285972001e-01
1.502565979681077524e-01
0.000000000000000000e+00
