3 2891
0.255600 0.403074 1.198605
0.281847 0.446865 1.171473
0.311147 0.495858 1.147571
0.343867 0.550618 1.127360
0.380408 0.611748 1.111422
0.407105 0.656352 1.103522
0.435831 0.704256 1.098099
0.466730 0.755650 1.095451
0.499950 0.810717 1.095921
0.535646 0.869630 1.099903
0.573973 0.932542 1.107845
0.615087 0.999578 1.120259
0.659143 1.070825 1.137721
0.706287 1.146315 1.160880
0.756656 1.226009 1.190459
0.783087 1.267396 1.207901
0.810366 1.309777 1.227254
0.838505 1.353117 1.248627
0.867512 1.397372 1.272136
0.897392 1.442489 1.297901
0.928149 1.488403 1.326043
0.959783 1.535037 1.356688
0.992290 1.582301 1.389963
1.025660 1.630092 1.425996
1.059883 1.678290 1.464917
1.094939 1.726759 1.506853
1.130805 1.775344 1.551928
1.167450 1.823875 1.600263
1.204837 1.872160 1.651973
1.242921 1.919985 1.707163
1.281649 1.967119 1.765929
1.320959 2.013308 1.828351
1.360779 2.058275 1.894494
1.401029 2.101725 1.964404
1.441614 2.143341 2.038102
1.482434 2.182786 2.115583
1.523371 2.219708 2.196814
1.564301 2.253737 2.281724
1.605084 2.284494 2.370207
1.645571 2.311588 2.462116
1.685599 2.334627 2.557260
1.724995 2.353218 2.655399
1.763575 2.366976 2.756247
1.801144 2.375528 2.859466
1.837501 2.378523 2.964669
1.872434 2.375635 3.071415
1.905730 2.366578 3.179218
1.937167 2.351105 3.287546
1.966527 2.329022 3.395824
1.993590 2.300196 3.503444
2.018140 2.264555 3.609769
2.039969 2.222101 3.714142
2.058879 2.172910 3.815897
2.074684 2.117137 3.914367
2.087215 2.055016 4.008901
2.096322 1.986861 4.098868
2.101875 1.913062 4.183674
2.103771 1.834079 4.262771
2.101930 1.750440 4.335671
2.096304 1.662725 4.401948
2.086871 1.571566 4.461255
2.073641 1.477625 4.513321
2.056652 1.381590 4.557963
2.035974 1.284160 4.595081
2.011704 1.186030 4.624662
1.983967 1.087881 4.646775
1.952914 0.990370 4.661569
1.918717 0.894118 4.669264
1.881569 0.799699 4.670145
1.841681 0.707637 4.664553
1.799276 0.618397 4.652876
1.754590 0.532384 4.635538
1.707866 0.449939 4.612989
1.659351 0.371340 4.585698
1.609292 0.296800 4.554140
1.557937 0.226474 4.518792
1.505528 0.160458 4.480122
1.452303 0.098797 4.438584
1.398489 0.041487 4.394613
1.344303 -0.011519 4.348620
1.289954 -0.060303 4.300990
1.235633 -0.104982 4.252079
1.181523 -0.145697 4.202210
1.127789 -0.182611 4.151679
1.074583 -0.215904 4.100749
1.022044 -0.245767 4.049652
0.970296 -0.272400 3.998594
0.919447 -0.296007 3.947752
0.869595 -0.316795 3.897275
0.820822 -0.334968 3.847293
0.773199 -0.350730 3.797909
0.726785 -0.364276 3.749211
0.681627 -0.375797 3.701267
0.637765 -0.385477 3.654128
0.595225 -0.393491 3.607834
0.554027 -0.400005 3.562412
0.514183 -0.405176 3.517878
0.475695 -0.409152 3.474240
0.438563 -0.412071 3.431498
0.402776 -0.414062 3.389646
0.368322 -0.415245 3.348674
0.335182 -0.415732 3.308566
0.303333 -0.415625 3.269306
0.243402 -0.414002 3.193241
-0.351817 -0.498038 2.106177
-0.378587 -0.527774 2.057266
-0.406454 -0.561531 2.012355
-0.435825 -0.599476 1.971712
-0.467086 -0.641787 1.935669
-0.500602 -0.688647 1.904636
-0.536719 -0.740232 1.879109
-0.575768 -0.796696 1.859678
-0.618057 -0.858150 1.847038
-0.648193 -0.901915 1.842781
-0.679972 -0.947906 1.842170
-0.713465 -0.996086 1.845498
-0.748728 -1.046386 1.853084
-0.785809 -1.098695 1.865268
-0.824738 -1.152860 1.882409
-0.865529 -1.208671 1.904884
-0.908171 -1.265851 1.933080
-0.952629 -1.324054 1.967389
-0.998833 -1.382847 2.008195
-1.046680 -1.441708 2.055861
-1.096021 -1.500012 2.110718
-1.146661 -1.557033 2.173037
-1.172392 -1.584805 2.207060
-1.198351 -1.611934 2.243014
-1.224495 -1.638299 2.280907
-1.250780 -1.663773 2.320739
-1.277159 -1.688223 2.362500
-1.303577 -1.711511 2.406169
-1.329979 -1.733495 2.451717
-1.356302 -1.754027 2.499100
-1.382481 -1.772958 2.548261
-1.408447 -1.790136 2.599132
-1.434125 -1.805411 2.651628
-1.459437 -1.818631 2.705650
-1.484302 -1.829647 2.761083
-1.508635 -1.838315 2.817796
-1.532349 -1.844497 2.875643
-1.555352 -1.848060 2.934459
-1.577551 -1.848885 2.994068
-1.598854 -1.846861 3.054275
-1.619163 -1.841893 3.114872
-1.638385 -1.833900 3.175639
-1.656423 -1.822820 3.236342
-1.673185 -1.808609 3.296738
-1.688578 -1.791245 3.356577
-1.702516 -1.770728 3.415602
-1.714912 -1.747080 3.473553
-1.725688 -1.720349 3.530170
-1.734771 -1.690606 3.585194
-1.742092 -1.657948 3.638373
-1.747594 -1.622496 3.689462
-1.751223 -1.584393 3.738226
-1.752939 -1.543806 3.784447
-1.752709 -1.500922 3.827920
-1.750509 -1.455945 3.868462
-1.746329 -1.409098 3.905910
-1.740167 -1.360618 3.940124
-1.732033 -1.310749 3.970988
-1.721947 -1.259748 3.998413
-1.709941 -1.207873 4.022335
-1.696057 -1.155385 4.042717
-1.680346 -1.102545 4.059548
-1.662871 -1.049606 4.072842
-1.643701 -0.996818 4.082637
-1.622915 -0.944419 4.088995
-1.600600 -0.892633 4.091999
-1.576848 -0.841672 4.091749
-1.551756 -0.791733 4.088365
-1.525427 -0.742993 4.081979
-1.497968 -0.695612 4.072737
-1.469487 -0.649731 4.060794
-1.440095 -0.605472 4.046314
-1.409902 -0.562938 4.029463
-1.379020 -0.522213 4.010412
-1.347559 -0.483361 3.989334
-1.315627 -0.446431 3.966399
-1.283328 -0.411454 3.941776
-1.250768 -0.378445 3.915628
-1.218043 -0.347407 3.888116
-1.185249 -0.318328 3.859391
-1.152476 -0.291183 3.829600
-1.119811 -0.265941 3.798880
-1.087332 -0.242558 3.767361
-1.055116 -0.220983 3.735164
-0.991746 -0.183030 3.669181
-0.930193 -0.151570 3.601728
-0.870867 -0.126042 3.533473
-0.814093 -0.105863 3.464959
-0.760121 -0.090448 3.396621
-0.709130 -0.079231 3.328798
-0.661237 -0.071678 3.261746
-0.616505 -0.067292 3.195655
-0.574950 -0.065621 3.130662
-0.283568 -0.316531 1.956783
-0.294438 -0.345025 1.904041
-0.307936 -0.375977 1.854168
-0.324104 -0.409707 1.807313
-0.343024 -0.446559 1.763670
-0.364813 -0.486897 1.723481
-0.389625 -0.531103 1.687052
-0.417645 -0.579572 1.654759
-0.449091 -0.632709 1.627066
-0.484207 -0.690913 1.604538
-0.509789 -0.732720 1.592719
-0.537205 -0.777056 1.583731
-0.566541 -0.824013 1.577838
-0.597885 -0.873670 1.575336
-0.631323 -0.926084 1.576557
-0.666940 -0.981285 1.581867
-0.704813 -1.039269 1.591668
-0.745012 -1.099985 1.606404
-0.787597 -1.163328 1.626553
-0.832607 -1.229128 1.652629
-0.880063 -1.297132 1.685175
-0.929957 -1.366993 1.724759
-0.982244 -1.438253 1.771959
-1.009261 -1.474229 1.798595
-1.036840 -1.510325 1.827350
-1.064963 -1.546444 1.858292
-1.093607 -1.582482 1.891485
-1.122745 -1.618323 1.926990
-1.152347 -1.653840 1.964864
-1.182376 -1.688897 2.005156
-1.212792 -1.723347 2.047908
-1.243549 -1.757031 2.093153
-1.274595 -1.789781 2.140914
-1.305873 -1.821418 2.191203
-1.337319 -1.851752 2.244016
-1.368864 -1.880587 2.299337
-1.400432 -1.907717 2.357131
-1.431940 -1.932929 2.417347
-1.463299 -1.956006 2.479911
-1.494415 -1.976726 2.544731
-1.525185 -1.994867 2.611689
-1.555503 -2.010206 2.680648
-1.585254 -2.022527 2.751440
-1.614321 -2.031616 2.823878
-1.642580 -2.037271 2.897745
-1.669905 -2.039303 2.972801
-1.696163 -2.037539 3.048780
-1.721224 -2.031824 3.125392
-1.744953 -2.022028 3.202327
-1.767217 -2.008047 3.279253
-1.787882 -1.989806 3.355820
-1.806818 -1.967264 3.431668
-1.823900 -1.940413 3.506423
-1.839008 -1.909285 3.579706
-1.852026 -1.873947 3.651139
-1.862850 -1.834508 3.720343
-1.871386 -1.791117 3.786952
-1.877548 -1.743959 3.850611
-1.881265 -1.693258 3.910986
-1.882480 -1.639273 3.967766
-1.881149 -1.582296 4.020667
-1.877245 -1.522644 4.069439
-1.870755 -1.460662 4.113868
-1.861685 -1.396712 4.153778
-1.850056 -1.331170 4.189034
-1.835905 -1.264422 4.219543
-1.819285 -1.196856 4.245256
-1.800265 -1.128857 4.266162
-1.778929 -1.060805 4.282295
-1.755373 -0.993065 4.293726
-1.729706 -0.925985 4.300561
-1.702048 -0.859894 4.302940
-1.672530 -0.795094 4.301033
-1.641287 -0.731863 4.295033
-1.608464 -0.670448 4.285157
-1.574211 -0.611065 4.271636
-1.538678 -0.553900 4.254716
-1.502019 -0.499108 4.234649
-1.464388 -0.446812 4.211693
-1.425938 -0.397107 4.186107
-1.386819 -0.350058 4.158148
-1.347178 -0.305704 4.128068
-1.307157 -0.264060 4.096109
-1.266892 -0.225118 4.062506
-1.226515 -0.188849 4.027482
-1.186148 -0.155207 3.991247
-1.145909 -0.124130 3.953997
-1.105906 -0.095545 3.915915
-1.066240 -0.069366 3.877168
-1.027005 -0.045498 3.837910
-0.988284 -0.023839 3.798280
-0.950155 -0.004285 3.758404
-0.912686 0.013276 3.718393
-0.875940 0.028954 3.678346
-0.839970 0.042863 3.638350
-0.804822 0.055114 3.598483
-0.770536 0.065817 3.558809
-0.737147 0.075081 3.519384
-0.704680 0.083012 3.480256
-0.673158 0.089711 3.441465
-0.613006 0.099804 3.365017
-0.556763 0.106095 3.290231
-0.504435 0.109245 3.217217
-0.036268 -0.000480 1.893142
-0.032499 -0.004518 1.833528
-0.029663 -0.008289 1.775802
-0.027622 -0.011867 1.719903
-0.026268 -0.015322 1.665771
-0.025512 -0.018725 1.613351
-0.025282 -0.022140 1.562590
-0.025706 -0.026829 1.497398
-0.026886 -0.031810 1.434948
-0.028774 -0.037240 1.375129
-0.031354 -0.043278 1.317840
-0.034643 -0.050097 1.262985
-0.038684 -0.057885 1.210475
-0.043549 -0.066852 1.160230
-0.050941 -0.080090 1.100504
-0.060035 -0.096102 1.044096
-0.071168 -0.115555 0.990933
-0.084771 -0.139267 0.940989
-0.101388 -0.168237 0.894309
-0.121692 -0.203694 0.851038
-0.141147 -0.237734 0.819065
-0.164013 -0.277811 0.789699
-0.190902 -0.325012 0.763305
-0.214139 -0.365840 0.745768
-0.240391 -0.411989 0.730496
-0.270052 -0.464132 0.717882
-0.303563 -0.523008 0.708432
-0.328283 -0.566394 0.704203
-0.355089 -0.613381 0.701899
-0.384150 -0.664233 0.701798
-0.415646 -0.719216 0.704224
-0.449767 -0.778603 0.709555
-0.486711 -0.842662 0.718233
-0.526685 -0.911648 0.730772
-0.569902 -0.985799 0.747766
-0.616576 -1.065313 0.769901
-0.641278 -1.107132 0.783137
-0.666924 -1.150342 0.797961
-0.693540 -1.194951 0.814487
-0.721152 -1.240960 0.832839
-0.749783 -1.288363 0.853145
-0.779455 -1.337144 0.875544
-0.810190 -1.387279 0.900179
-0.842005 -1.438734 0.927203
-0.874918 -1.491462 0.956774
-0.908940 -1.545401 0.989059
-0.944081 -1.600476 1.024229
-0.980347 -1.656594 1.062462
-1.017737 -1.713642 1.103941
-1.056247 -1.771489 1.148850
-1.095865 -1.829979 1.197378
-1.136572 -1.888933 1.249711
-1.178343 -1.948145 1.306036
-1.221142 -2.007381 1.366533
-1.264924 -2.066378 1.431374
-1.309632 -2.124839 1.500722
-1.355200 -2.182437 1.574722
-1.401547 -2.238811 1.653501
-1.448578 -2.293566 1.737161
-1.496183 -2.346274 1.825776
-1.544239 -2.396476 1.919380
-1.592604 -2.443680 2.017970
-1.641118 -2.487368 2.121493
-1.689607 -2.526999 2.229842
-1.737874 -2.562014 2.342849
-1.785710 -2.591840 2.460282
-1.832883 -2.615904 2.581836
-1.879149 -2.633636 2.707131
-1.924244 -2.644483 2.835710
-1.967893 -2.647919 2.967033
-2.009808 -2.643459 3.100482
-2.049692 -2.630672 3.235361
-2.087241 -2.609193 3.370900
-2.122149 -2.578739 3.506265
-2.154110 -2.539120 3.640567
-2.182826 -2.490249 3.772871
-2.208008 -2.432157 3.902216
-2.229383 -2.364993 4.027629
-2.246697 -2.289034 4.148147
-2.259722 -2.204684 4.262830
-2.268260 -2.112468 4.370790
-2.272148 -2.013033 4.471204
-2.271260 -1.907131 4.563337
-2.265511 -1.795608 4.646556
-2.254859 -1.679385 4.720346
-2.239308 -1.559445 4.784320
-2.218904 -1.436803 4.838224
-2.193740 -1.312492 4.881945
-2.163950 -1.187536 4.915503
-2.129711 -1.062934 4.939051
-2.091233 -0.939636 4.952866
-2.048762 -0.818527 4.957333
-2.002573 -0.700415 4.952936
-1.952961 -0.586020 4.940238
-1.900243 -0.475963 4.919865
-1.844749 -0.370763 4.892492
-1.786815 -0.270840 4.858820
-1.726782 -0.176508 4.819565
-1.664989 -0.087988 4.775441
-1.601770 -0.005407 4.727148
-1.537450 0.071188 4.675361
-1.472340 0.141828 4.620719
-1.406738 0.206606 4.563822
-1.340924 0.265675 4.505223
-1.275158 0.319231 4.445426
-1.209681 0.367506 4.384883
-1.144714 0.410764 4.323999
-1.080456 0.449288 4.263124
-1.017086 0.483374 4.202563
-0.954762 0.513325 4.142575
-0.893622 0.539447 4.083376
-0.833785 0.562044 4.025145
-0.775351 0.581413 3.968025
-0.718405 0.597843 3.912125
-0.663013 0.611611 3.857531
-0.609230 0.622980 3.804300
-0.557093 0.632202 3.752470
-0.506630 0.639512 3.702062
-0.457855 0.645131 3.653080
-0.410775 0.649263 3.605516
-0.365384 0.652099 3.559352
-0.321672 0.653816 3.514562
-0.279619 0.654574 3.471113
-0.239200 0.654523 3.428967
-0.200383 0.653797 3.388084
-0.163135 0.652520 3.348420
-0.127414 0.650805 3.309930
-0.093179 0.648753 3.272568
-0.028984 0.643998 3.201054
0.029836 0.638885 3.133524
0.083686 0.633923 3.069654
0.132980 0.629519 3.009143
0.178133 0.625993 2.951729
0.219552 0.623594 2.897182
0.257633 0.622515 2.845308
0.292755 0.622902 2.795942
0.325281 0.624865 2.748952
0.355553 0.628482 2.704233
0.383892 0.633809 2.661705
0.423432 0.645083 2.601899
0.460228 0.660353 2.546789
0.495110 0.679639 2.496353
0.528816 0.702926 2.450654
0.561995 0.730172 2.409823
0.595216 0.761317 2.374060
0.628975 0.796276 2.343627
0.663700 0.834936 2.318845
0.699752 0.877149 2.300092
0.737430 0.922715 2.287799
0.776967 0.971368 2.282444
0.818533 1.022757 2.284545
0.862223 1.076421 2.294643
0.908055 1.131774 2.313286
0.939769 1.169253 2.330725
0.972361 1.206893 2.352342
1.005764 1.244395 2.378266
1.039890 1.281421 2.408601
1.074623 1.317595 2.443421
1.109823 1.352501 2.482761
1.145324 1.385687 2.526611
1.180929 1.416669 2.574899
1.216412 1.444935 2.627491
1.251519 1.469954 2.684175
1.285970 1.491188 2.744657
1.319456 1.508105 2.808551
1.351648 1.520191 2.875379
1.382197 1.526974 2.944566
1.410744 1.528037 3.015445
1.436920 1.523041 3.087262
1.460363 1.511741 3.159189
1.480720 1.494008 3.230341
1.497658 1.469841 3.299793
1.510879 1.439373 3.366610
1.520124 1.402885 3.429869
1.525184 1.360795 3.488693
1.525912 1.313654 3.542277
1.522223 1.262132 3.589914
1.514105 1.206996 3.631016
1.501616 1.149083 3.665137
1.484886 1.089273 3.691977
1.464113 1.028460 3.711391
1.439561 0.967518 3.723382
1.411545 0.907280 3.728093
1.380428 0.848510 3.725792
1.346610 0.791886 3.716853
1.310513 0.737987 3.701735
1.272577 0.687286 3.680956
1.233241 0.640148 3.655076
1.192939 0.596831 3.624673
1.152092 0.557498 3.590326
1.111095 0.522219 3.552600
1.070319 0.490987 3.512034
1.030101 0.463733 3.469131
0.990744 0.440331 3.424355
0.952515 0.420618 3.378127
0.915643 0.404400 3.330822
0.880323 0.391467 3.282772
0.846717 0.381598 3.234270
0.814952 0.374570 3.185567
0.785128 0.370164 3.136883
0.757317 0.368170 3.088404
0.731570 0.368390 3.040292
0.707913 0.370641 2.992685
0.686358 0.374758 2.945702
0.666902 0.380593 2.899444
0.641614 0.392283 2.831611
0.620919 0.407181 2.765872
0.604693 0.425007 2.702451
0.592798 0.445558 2.641555
0.585087 0.468704 2.583377
0.581420 0.494373 2.528116
0.581664 0.522548 2.475975
0.585703 0.553250 2.427178
0.593440 0.586536 2.381966
0.604796 0.622480 2.340615
0.619714 0.661174 2.303431
0.638152 0.702704 2.270760
0.660087 0.747150 2.242996
0.685506 0.794563 2.220577
0.714399 0.844954 2.203997
0.746760 0.898275 2.193801
0.782567 0.954397 2.190584
0.821782 1.013087 2.194987
0.864329 1.073982 2.207686
0.894486 1.115553 2.221103
0.926019 1.157675 2.238717
0.958859 1.200107 2.260726
0.992922 1.242563 2.287313
1.028101 1.284711 2.318642
1.064266 1.326169 2.354849
1.101261 1.366503 2.396033
1.138902 1.405233 2.442244
1.176976 1.441831 2.493474
1.215234 1.475724 2.549642
1.253399 1.506311 2.610586
1.291156 1.532964 2.676048
1.328163 1.555047 2.745665
1.364045 1.571936 2.818962
1.398403 1.583035 2.895345
1.430820 1.587801 2.974105
1.460865 1.585769 3.054417
1.488102 1.576578 3.135355
1.512105 1.559996 3.215908
1.532466 1.535937 3.295002
1.548806 1.504480 3.371530
1.560793 1.465882 3.444389
1.568149 1.420574 3.512510
1.570664 1.369157 3.574899
1.568204 1.312389 3.630674
1.560718 1.251155 3.679094
1.548241 1.186441 3.719582
1.530898 1.119295 3.751745
1.508895 1.050789 3.775379
1.482518 0.981981 3.790467
1.452123 0.913879 3.797168
1.418123 0.847408 3.795797
1.380976 0.783388 3.786803
1.341172 0.722515 3.770740
1.299221 0.665353 3.748236
1.255633 0.612330 3.719967
1.210916 0.563740 3.686629
1.165554 0.519759 3.648914
1.120008 0.480448 3.607493
1.074704 0.445778 3.563001
1.030027 0.415638 3.516024
0.986322 0.389858 3.467096
0.943890 0.368219 3.416695
0.902987 0.350473 3.365241
0.863827 0.336352 3.313101
0.826584 0.325579 3.260589
0.791393 0.317878 3.207974
0.758355 0.312981 3.155482
0.727541 0.310635 3.103304
0.698995 0.310600 3.051599
0.672735 0.312660 3.000499
0.648762 0.316618 2.950114
0.627060 0.322301 2.900538
0.607599 0.329556 2.851847
0.590339 0.338254 2.804110
0.575235 0.348284 2.757384
0.556503 0.365639 2.689305
0.542313 0.385572 2.623778
0.532478 0.407942 2.560954
0.526814 0.432678 2.500984
0.525157 0.459773 2.444028
0.527361 0.489269 2.390263
0.533307 0.521252 2.339889
0.542902 0.555837 2.293132
0.556080 0.593162 2.250257
0.572801 0.633379 2.211567
0.593049 0.676638 2.177413
0.616831 0.723084 2.148200
0.644168 0.772833 2.124392
0.675093 0.825966 2.106518
0.709642 0.882502 2.095174
0.747842 0.942378 2.091026
0.789705 1.005424 2.094803
0.819640 1.049069 2.102113
0.851175 1.093854 2.113540
0.884283 1.139606 2.129335
0.918917 1.186108 2.149748
0.955014 1.233092 2.175027
0.992491 1.280236 2.205406
1.031240 1.327161 2.241098
1.071124 1.373424 2.282290
1.111974 1.418520 2.329123
1.153590 1.461880 2.381683
1.195731 1.502875 2.439988
1.238117 1.540818 2.503969
1.280429 1.574979 2.573453
1.322305 1.604596 2.648153
1.363341 1.628891 2.727650
1.403100 1.647098 2.811380
1.441108 1.658486 2.898632
1.476869 1.662391 2.988546
1.509869 1.658250 3.080116
1.539591 1.645635 3.172207
1.565525 1.624282 3.263580
1.587187 1.594123 3.352920
1.604134 1.555303 3.438879
1.615978 1.508193 3.520121
1.622407 1.453388 3.595371
1.623191 1.391697 3.663465
1.618200 1.324117 3.723396
1.607410 1.251796 3.774349
1.590904 1.175988 3.815735
1.568871 1.098005 3.847203
1.541603 1.019160 3.868646
1.509485 0.940723 3.880187
1.472978 0.863872 3.882160
1.432609 0.789656 3.875079
1.388946 0.718971 3.859605
1.342590 0.652546 3.836498
1.294149 0.590932 3.806588
1.244226 0.534509 3.770732
1.193404 0.483498 3.729783
1.142234 0.437978 3.684567
1.091227 0.397902 3.635859
1.040843 0.363124 3.584373
0.991493 0.333420 3.530750
0.943533 0.308505 3.475558
0.897264 0.288057 3.419289
0.852935 0.271733 3.362365
0.810746 0.259180 3.305140
0.770848 0.250049 3.247911
0.733352 0.244002 3.190922
0.698331 0.240721 3.134371
0.665826 0.239910 3.078418
0.635849 0.241301 3.023191
0.608389 0.244651 2.968791
0.583415 0.249746 2.915301
0.560881 0.256403 2.862783
0.540731 0.264461 2.811291
0.455685 0.376598 2.419795
0.454784 0.403510 2.360086
0.457622 0.432635 2.303482
0.464073 0.464113 2.250140
0.474044 0.498119 2.200249
0.487479 0.534854 2.154035
0.504354 0.574536 2.111767
0.524678 0.617392 2.073765
0.548488 0.663650 2.040407
0.575845 0.713523 2.012137
0.606831 0.767200 1.989474
0.641538 0.824829 1.973018
0.680065 0.886488 1.963459
0.707918 0.929833 1.961299
0.737533 0.974935 1.962805
0.768926 1.021733 1.968248
0.802107 1.070129 1.977917
0.837073 1.119986 1.992115
0.873809 1.171118 2.011154
0.912279 1.223286 2.035354
0.952430 1.276187 2.065033
0.994181 1.329452 2.100500
1.037421 1.382636 2.142043
1.082006 1.435215 2.189919
1.127753 1.486578 2.244337
1.174434 1.536033 2.305438
1.221776 1.582804 2.373278
1.269453 1.626038 2.447808
1.293301 1.646045 2.487530
1.317087 1.664820 2.528846
1.340755 1.682241 2.571708
1.364245 1.698186 2.616059
1.387496 1.712531 2.661831
1.410443 1.725153 2.708944
1.433016 1.735931 2.757304
1.455145 1.744745 2.806807
1.476757 1.751483 2.857335
1.497775 1.756036 2.908759
1.518122 1.758302 2.960935
1.537720 1.758187 3.013709
1.556489 1.755611 3.066915
1.574349 1.750501 3.120377
1.591220 1.742798 3.173908
1.607024 1.732460 3.227314
1.621682 1.719457 3.280392
1.635120 1.703779 3.332936
1.647265 1.685431 3.384733
1.658048 1.664438 3.435570
1.667405 1.640843 3.485235
1.675275 1.614708 3.533517
1.681605 1.586116 3.580209
1.686346 1.555166 3.625112
1.689457 1.521976 3.668035
1.690905 1.486683 3.708798
1.690663 1.449439 3.747236
1.688714 1.410408 3.783195
1.685047 1.369770 3.816540
1.679663 1.327715 3.847154
1.672570 1.284442 3.874937
1.663784 1.240155 3.899812
1.653330 1.195065 3.921719
1.641243 1.149382 3.940619
1.627565 1.103318 3.956496
1.612346 1.057081 3.969350
1.595644 1.010874 3.979204
1.558049 0.919332 3.990086
1.515363 0.830152 3.989654
1.468245 0.744611 3.978648
1.417406 0.663769 3.957980
1.363584 0.588453 3.928678
1.307526 0.519253 3.891830
1.249959 0.456536 3.848539
1.191582 0.400466 3.799878
1.133043 0.351026 3.746863
1.074934 0.308055 3.690422
1.017780 0.271278 3.631390
0.962039 0.240332 3.570498
0.908099 0.214799 3.508373
0.856278 0.194227 3.445545
0.806831 0.178152 3.382451
0.759951 0.166113 3.319444
0.715776 0.157664 3.256811
0.674398 0.152384 3.194772
0.635861 0.149884 3.133499
0.600178 0.149810 3.073121
0.567328 0.151843 3.013735
0.537267 0.155704 2.955409
0.362515 0.344971 2.201897
0.368147 0.373408 2.144745
0.376977 0.404076 2.090659
0.388950 0.437228 2.039790
0.404050 0.473138 1.992325
0.422302 0.512104 1.948499
0.443766 0.554433 1.908601
0.468535 0.600445 1.872979
0.496736 0.650456 1.842056
0.528519 0.704773 1.816339
0.564058 0.763678 1.796430
0.589929 0.805616 1.786729
0.617608 0.849754 1.780163
0.647154 0.896127 1.776996
0.678620 0.944749 1.777519
0.712057 0.995606 1.782049
0.747508 1.048646 1.790930
0.785008 1.103778 1.804533
0.824577 1.160858 1.823249
0.866220 1.219681 1.847493
0.909919 1.279972 1.877690
0.955630 1.341376 1.914274
1.003278 1.403445 1.957672
1.052748 1.465629 2.008295
1.103883 1.527268 2.066515
1.130010 1.557643 2.098575
1.156471 1.587581 2.132647
1.183229 1.616965 2.168756
1.210245 1.645671 2.206922
1.237476 1.673567 2.247154
1.264873 1.700515 2.289457
1.292384 1.726372 2.333820
1.319953 1.750985 2.380224
1.347516 1.774198 2.428638
1.375009 1.795851 2.479017
1.402360 1.815780 2.531300
1.429493 1.833819 2.585413
1.456328 1.849801 2.641264
1.482780 1.863560 2.698747
1.508760 1.874932 2.757734
1.534176 1.883758 2.818083
1.558933 1.889887 2.879633
1.582930 1.893174 2.942203
1.606068 1.893488 3.005597
1.628243 1.890708 3.069601
1.649351 1.884732 3.133984
1.669289 1.875472 3.198503
1.687952 1.862865 3.262900
1.705240 1.846865 3.326906
1.721053 1.827452 3.390245
1.735295 1.804632 3.452633
1.747875 1.778437 3.513786
1.758707 1.748925 3.573416
1.767714 1.716183 3.631241
1.774823 1.680326 3.686987
1.779972 1.641494 3.740386
1.783107 1.599856 3.791188
1.784186 1.555602 3.839157
1.783176 1.508948 3.884077
1.780056 1.460127 3.925755
1.774818 1.409392 3.964022
1.767464 1.357009 3.998738
1.758009 1.303254 4.029789
1.746480 1.248411 4.057090
1.732916 1.192768 4.080587
1.717368 1.136614 4.100256
1.699896 1.080233 4.116099
1.680573 1.023902 4.128149
1.659479 0.967890 4.136464
1.636703 0.912451 4.141128
1.612344 0.857826 4.142245
1.586504 0.804237 4.139942
1.559294 0.751887 4.134362
1.530827 0.700959 4.125661
1.501219 0.651616 4.114009
1.470591 0.603998 4.099585
1.439062 0.558223 4.082573
1.406754 0.514388 4.063163
1.373785 0.472571 4.041544
1.340274 0.432826 4.017907
1.306337 0.395192 3.992438
1.272085 0.359688 3.965320
1.237627 0.326317 3.936729
1.203066 0.295068 3.906835
1.168502 0.265915 3.875800
1.134029 0.238822 3.843776
1.099734 0.213742 3.810908
1.065699 0.190619 3.777329
1.032002 0.169390 3.743163
0.998712 0.149985 3.708525
0.965895 0.132331 3.673518
0.933608 0.116351 3.638239
0.870831 0.089091 3.567198
0.810737 0.067555 3.495988
0.753594 0.051092 3.425072
0.699595 0.039076 3.354805
0.648864 0.030912 3.285453
0.601465 0.026054 3.217206
0.557410 0.024004 3.150195
0.516670 0.024315 3.084505
0.220225 0.219610 2.000633
0.225220 0.241005 1.942393
0.232530 0.264021 1.886591
0.242123 0.288924 1.833273
0.254003 0.315998 1.782511
0.268214 0.345554 1.734401
0.284836 0.377925 1.689077
0.303985 0.413471 1.646711
0.325812 0.452572 1.607526
0.350503 0.495636 1.571803
0.378276 0.543090 1.539895
0.409381 0.595379 1.512240
0.444100 0.652958 1.489378
0.469404 0.694505 1.477120
0.496547 0.738733 1.467513
0.525630 0.785764 1.460818
0.556756 0.835708 1.457331
0.590029 0.888660 1.457383
0.625553 0.944692 1.461347
0.663429 1.003844 1.469639
0.703751 1.066117 1.482719
0.746606 1.131463 1.501090
0.792065 1.199770 1.525304
0.840180 1.270848 1.555954
0.890982 1.344412 1.593670
0.917390 1.382008 1.615384
0.944465 1.420066 1.639113
0.972200 1.458518 1.664942
1.000585 1.497282 1.692956
1.029606 1.536269 1.723239
1.059248 1.575379 1.755873
1.089487 1.614498 1.790937
1.120299 1.653505 1.828508
1.151653 1.692262 1.868656
1.183513 1.730621 1.911447
1.215838 1.768420 1.956936
1.248580 1.805486 2.005173
1.281686 1.841631 2.056193
1.315095 1.876655 2.110020
1.348742 1.910345 2.166665
1.382550 1.942480 2.226119
1.416439 1.972823 2.288357
1.450320 2.001134 2.353331
1.484095 2.027160 2.420973
1.517661 2.050645 2.491187
1.550904 2.071331 2.563854
1.583707 2.088959 2.638825
1.615942 2.103270 2.715921
1.647478 2.114014 2.794937
1.678175 2.120951 2.875631
1.707890 2.123854 2.957737
1.736475 2.122513 3.040953
1.763780 2.116742 3.124952
1.789650 2.106382 3.209377
1.813934 2.091303 3.293849
1.836478 2.071412 3.377965
1.857133 2.046654 3.461307
1.875754 2.017016 3.543440
1.892201 1.982530 3.623926
1.906342 1.943273 3.702322
1.918057 1.899372 3.778189
1.927236 1.850999 3.851100
1.933780 1.798376 3.920643
1.937609 1.741766 3.986431
1.938656 1.681478 4.048106
1.936872 1.617858 4.105342
1.932227 1.551283 4.157857
1.924710 1.482163 4.205411
1.914327 1.410925 4.247811
1.901106 1.338014 4.284916
1.885094 1.263885 4.316634
1.866355 1.188991 4.342926
1.844972 1.113782 4.363802
1.821044 1.038698 4.379320
1.794687 0.964158 4.389586
1.766029 0.890561 4.394746
1.735212 0.818276 4.394984
1.702386 0.747644 4.390518
1.667713 0.678968 4.381592
1.631359 0.612518 4.368474
1.593495 0.548524 4.351448
1.554295 0.487179 4.330810
1.513935 0.428638 4.306865
1.472589 0.373021 4.279916
1.430430 0.320412 4.250267
1.387626 0.270862 4.218216
1.344340 0.224392 4.184052
1.300730 0.180994 4.148051
1.256947 0.140637 4.110478
1.213132 0.103268 4.071578
1.169420 0.068815 4.031584
1.125936 0.037188 3.990709
1.082796 0.008287 3.949149
1.040107 -0.018002 3.907082
0.997966 -0.041797 3.864669
0.956460 -0.063226 3.822053
0.915669 -0.082418 3.779362
0.875662 -0.099506 3.736707
0.836500 -0.114622 3.694186
0.798235 -0.127899 3.651883
0.760913 -0.139465 3.609869
0.724569 -0.149448 3.568205
0.689236 -0.157972 3.526940
0.654935 -0.165154 3.486116
0.621684 -0.171110 3.445764
0.589494 -0.175948 3.405912
0.558372 -0.179772 3.366576
0.499334 -0.184762 3.289505
0.444532 -0.186797 3.214606
0.393872 -0.186506 3.141877
-0.076573 -0.145312 1.890019
-0.087279 -0.153269 1.831634
-0.097917 -0.162884 1.775311
-0.108714 -0.174235 1.721020
-0.119883 -0.187428 1.668741
-0.131630 -0.202591 1.618467
-0.144155 -0.219881 1.570204
-0.157658 -0.239485 1.523975
-0.172344 -0.261622 1.479823
-0.188423 -0.286545 1.437815
-0.206118 -0.314544 1.398045
-0.225667 -0.345947 1.360644
-0.247326 -0.381122 1.325785
-0.271373 -0.420481 1.293695
-0.298109 -0.464475 1.264664
-0.327865 -0.513600 1.239065
-0.361000 -0.568387 1.217365
-0.397903 -0.629399 1.200153
-0.424805 -0.673819 1.191526
-0.453700 -0.721438 1.185474
-0.484723 -0.772426 1.182294
-0.518017 -0.826946 1.182327
-0.553725 -0.885147 1.185962
-0.591992 -0.947155 1.193640
-0.632962 -1.013068 1.205861
-0.676774 -1.082942 1.223185
-0.723560 -1.156775 1.246239
-0.773438 -1.234495 1.275718
-0.799568 -1.274764 1.293101
-0.826505 -1.315934 1.312381
-0.854259 -1.357966 1.333661
-0.882835 -1.400812 1.357051
-0.912235 -1.444415 1.382661
-0.942461 -1.488705 1.410605
-0.973508 -1.533604 1.441000
-1.005370 -1.579019 1.473963
-1.038037 -1.624844 1.509609
-1.071491 -1.670958 1.548057
-1.105712 -1.717224 1.589420
-1.140675 -1.763492 1.633809
-1.176345 -1.809589 1.681331
-1.212683 -1.855330 1.732083
-1.249642 -1.900507 1.786156
-1.287169 -1.944895 1.843627
-1.325198 -1.988250 1.904562
-1.363659 -2.030307 1.969007
-1.402470 -2.070787 2.036990
-1.441539 -2.109389 2.108518
-1.480765 -2.145797 2.183569
-1.520035 -2.179681 2.262095
-1.559226 -2.210700 2.344013
-1.598204 -2.238501 2.429208
-1.636826 -2.262728 2.517524
-1.674936 -2.283021 2.608765
-1.712368 -2.299025 2.702694
-1.748950 -2.310395 2.799028
-1.784497 -2.316796 2.897438
-1.818820 -2.317919 2.997551
-1.851723 -2.313479 3.098949
-1.883005 -2.303228 3.201172
-1.912463 -2.286958 3.303720
-1.939895 -2.264508 3.406059
-1.965100 -2.235774 3.507623
-1.987879 -2.200710 3.607827
-2.008045 -2.159334 3.706068
-2.025416 -2.111736 3.801737
-2.039827 -2.058071 3.894229
-2.051124 -1.998568 3.982952
-2.059175 -1.933527 4.067336
-2.063864 -1.863313 4.146848
-2.065101 -1.788356 4.220993
-2.062819 -1.709141 4.289335
-2.056975 -1.626203 4.351492
-2.047554 -1.540118 4.407153
-2.034570 -1.451491 4.456077
-2.018061 -1.360948 4.498100
-1.998094 -1.269124 4.533132
-1.974761 -1.176651 4.561162
-1.948179 -1.084148 4.582250
-1.918487 -0.992211 4.596528
-1.885847 -0.901407 4.604192
-1.850436 -0.812259 4.605495
-1.812449 -0.725248 4.600743
-1.772093 -0.640801 4.590281
-1.729584 -0.559294 4.574490
-1.685148 -0.481043 4.553774
-1.639011 -0.406310 4.528556
-1.591405 -0.335299 4.499264
-1.542557 -0.268161 4.466332
-1.492693 -0.204995 4.430184
-1.442033 -0.145853 4.391235
-1.390790 -0.090742 4.349885
-1.339167 -0.039630 4.306511
-1.287357 0.007548 4.261470
-1.235544 0.050889 4.215093
-1.183896 0.090514 4.167684
-1.132573 0.126564 4.119519
-1.081717 0.159196 4.070849
-1.031462 0.188581 4.021895
-0.981925 0.214897 3.972855
-0.933212 0.238327 3.923900
-0.885417 0.259059 3.875179
-0.838621 0.277279 3.826817
-0.792893 0.293173 3.778922
-0.748292 0.306920 3.731582
-0.704867 0.318698 3.684867
-0.662656 0.328677 3.638835
-0.621689 0.337020 3.593529
-0.581986 0.343883 3.548982
-0.543563 0.349413 3.505215
-0.506424 0.353750 3.462241
-0.470572 0.357024 3.420068
-0.435999 0.359359 3.378694
-0.402696 0.360869 3.338116
-0.370648 0.361660 3.298322
-0.310235 0.361476 3.221038
-0.254567 0.359508 3.146713
0.252961 0.389227 2.145164
0.276176 0.409588 2.087433
0.299635 0.433406 2.032978
0.323769 0.460836 1.981913
0.348983 0.492056 1.934398
0.375658 0.527269 1.890648
0.404163 0.566698 1.850935
0.434854 0.610587 1.815603
0.468079 0.659191 1.785075
0.504180 0.712763 1.759864
0.543493 0.771543 1.740589
0.571648 0.813726 1.731396
0.601469 0.858361 1.725416
0.633046 0.905480 1.722928
0.666465 0.955087 1.724238
0.701801 1.007163 1.729682
0.739123 1.061651 1.739627
0.778488 1.118448 1.754467
0.819935 1.177401 1.774624
0.863485 1.238291 1.800543
0.932739 1.332592 1.851236
0.981467 1.396845 1.893592
1.032144 1.461599 1.943336
1.084636 1.526202 2.000898
1.559727 1.926381 2.828232
1.585389 1.931987 2.893300
1.610227 1.934525 2.959409
1.634134 1.933852 3.026341
1.656997 1.929844 3.093860
1.678707 1.922390 3.161713
1.699150 1.911403 3.229631
1.718215 1.896818 3.297330
1.735795 1.878594 3.364518
1.751782 1.856717 3.430890
1.766076 1.831201 3.496137
1.778579 1.802093 3.559950
1.789203 1.769466 3.622018
1.797863 1.733426 3.682037
1.804488 1.694110 3.739712
1.809013 1.651683 3.794760
1.811385 1.606339 3.846914
1.811561 1.558299 3.895928
1.809512 1.507806 3.941580
1.805221 1.455127 3.983672
1.798684 1.400543 4.022037
1.789909 1.344351 4.056537
1.778919 1.286857 4.087065
1.765750 1.228375 4.113550
1.750449 1.169219 4.135951
1.733077 1.109701 4.154261
1.713705 1.050127 4.168504
1.692417 0.990794 4.178734
1.669304 0.931985 4.185032
1.644469 0.873967 4.187508
1.618019 0.816991 4.186292
1.590071 0.761283 4.181536
1.560744 0.707051 4.173407
1.530165 0.654476 4.162089
1.498459 0.603718 4.147775
1.465756 0.554912 4.130665
1.432185 0.508167 4.110966
1.397876 0.463572 4.088885
1.362955 0.421192 4.064631
1.327548 0.381070 4.038408
1.291776 0.343229 4.010416
1.255755 0.307676 3.980849
1.219598 0.274398 3.949893
0.903766 0.069335 3.634600
0.839204 0.043615 3.560928
0.777598 0.023615 3.487441
0.719192 0.008632 3.414567
0.664155 -0.002002 3.342625
0.612582 -0.008910 3.271844
0.564509 -0.012662 3.202380
0.519923 -0.013771 3.134334
0.478768 -0.012690 3.067759
0.171684 0.166676 1.953925
0.175042 0.184134 1.895215
0.180365 0.202822 1.838723
0.187605 0.222973 1.784455
0.196752 0.244838 1.732434
0.207831 0.268690 1.682701
0.220900 0.294823 1.635321
0.236050 0.323555 1.590386
0.253407 0.355231 1.548020
0.273127 0.390223 1.508389
0.295399 0.428933 1.471707
0.320446 0.471794 1.438250
0.348522 0.519265 1.408363
0.379916 0.571835 1.382481
0.414947 0.630007 1.361145
0.440493 0.672155 1.349770
0.467920 0.717173 1.340945
0.497345 0.765207 1.334936
0.528886 0.816396 1.332049
0.562663 0.870862 1.332630
0.598800 0.928710 1.337069
0.637416 0.990014 1.345807
0.678628 1.054814 1.359335
0.722545 1.123096 1.378196
0.769264 1.194786 1.402990
0.818862 1.269730 1.434371
0.871396 1.347674 1.473041
0.898772 1.387660 1.495342
0.926888 1.428246 1.519747
0.955740 1.469363 1.546356
0.985321 1.510931 1.575266
1.015622 1.552861 1.606576
1.046627 1.595049 1.640385
1.078319 1.637380 1.676788
1.110674 1.679726 1.715880
1.143663 1.721943 1.757749
1.177252 1.763875 1.802478
1.211401 1.805349 1.850143
1.246064 1.846176 1.900812
1.281186 1.886154 1.954540
1.316707 1.925063 2.011370
1.352557 1.962669 2.071329
1.388659 1.998725 2.134426
1.424928 2.032966 2.200650
1.461269 2.065120 2.269967
1.497580 2.094901 2.342319
1.533747 2.122014 2.417617
1.569650 2.146162 2.495744
1.605160 2.167040 2.576552
1.640136 2.184349 2.659857
1.674434 2.197790 2.745439
1.707898 2.207076 2.833044
1.740369 2.211933 2.922378
1.771680 2.212106 3.013112
1.801660 2.207365 3.104881
1.830137 2.197508 3.197287
1.856934 2.182370 3.289899
1.881877 2.161825 3.382259
1.904794 2.135793 3.473887
1.925516 2.104242 3.564285
1.943881 2.067194 3.652943
1.959736 2.024727 3.739347
1.972938 1.976973 3.822986
1.983357 1.924126 3.903359
1.990879 1.866433 3.979984
1.995406 1.804198 4.052408
1.996858 1.737776 4.120210
1.995178 1.667568 4.183012
1.990327 1.594016 4.240482
1.982290 1.517597 4.292343
1.971074 1.438813 4.338376
1.956708 1.358185 4.378420
1.939247 1.276245 4.412378
1.918763 1.193524 4.440213
1.895353 1.110548 4.461950
1.869131 1.027825 4.477671
1.840229 0.945842 4.487514
1.808798 0.865057 4.491665
1.774999 0.785894 4.490354
1.739007 0.708736 4.483850
1.701007 0.633925 4.472452
1.661189 0.561758 4.456484
1.619750 0.492485 4.436288
1.576888 0.426313 4.412218
1.532803 0.363402 4.384633
1.487691 0.303868 4.353892
1.441748 0.247789 4.320347
1.395162 0.195201 4.284344
1.348115 0.146108 4.246213
1.300783 0.100483 4.206270
1.253331 0.058268 4.164810
1.205916 0.019384 4.122110
1.158684 -0.016268 4.078425
1.111771 -0.048805 4.033990
1.065302 -0.078358 3.989015
1.019389 -0.105068 3.943692
0.974137 -0.129080 3.898188
0.929637 -0.150550 3.852655
0.885970 -0.169632 3.807221
0.843208 -0.186481 3.762000
0.801412 -0.201255 3.717088
0.760635 -0.214104 3.672566
0.720919 -0.225178 3.628500
0.682299 -0.234621 3.584947
0.644803 -0.242573 3.541949
0.608451 -0.249166 3.499541
0.573256 -0.254529 3.457748
0.539225 -0.258780 3.416588
0.506360 -0.262033 3.376072
0.474658 -0.264397 3.336207
0.414707 -0.266845 3.258428
0.359263 -0.266849 3.183217
-0.188128 -0.290772 1.931905
-0.205816 -0.309794 1.876563
-0.224162 -0.331721 1.823876
-0.243481 -0.356743 1.773920
-0.264080 -0.385081 1.726805
-0.286261 -0.416992 1.682682
-0.310326 -0.452766 1.641749
-0.336586 -0.492727 1.604262
-0.365358 -0.537228 1.570542
-0.396973 -0.586652 1.540994
-0.431775 -0.641396 1.516119
-0.470120 -0.701868 1.496531
-0.497833 -0.745561 1.486773
-0.527397 -0.792086 1.479955
-0.558923 -0.841542 1.476369
-0.592522 -0.894012 1.476346
-0.628305 -0.949557 1.480254
-0.666377 -1.008207 1.488507
-0.706834 -1.069953 1.501558
-0.749765 -1.134736 1.519907
-0.795243 -1.202435 1.544098
-0.843320 -1.272849 1.574714
-0.894025 -1.345688 1.612375
-0.920362 -1.382894 1.634049
-0.947351 -1.420545 1.657728
-0.974985 -1.458570 1.683496
-1.003253 -1.496888 1.711434
-1.032142 -1.535409 1.741625
-1.061634 -1.574031 1.774148
-1.091708 -1.612644 1.809079
-1.122338 -1.651124 1.846493
-1.153492 -1.689335 1.886458
-1.185136 -1.727129 1.929035
-1.217226 -1.764346 1.974278
-1.249717 -1.800814 2.022232
-1.282555 -1.836347 2.072931
-1.315678 -1.870746 2.126395
-1.349022 -1.903804 2.182632
-1.382510 -1.935300 2.241630
-1.416064 -1.965003 2.303362
-1.449592 -1.992674 2.367777
-1.483001 -2.018068 2.434804
-1.516186 -2.040934 2.504348
-1.549037 -2.061017 2.576286
-1.581436 -2.078065 2.650470
-1.613257 -2.091828 2.726721
-1.644372 -2.102060 2.804833
-1.674642 -2.108528 2.884569
-1.703927 -2.111012 2.965661
-1.732081 -2.109310 3.047814
-1.758957 -2.103242 3.130703
-1.784403 -2.092656 3.213978
-1.808271 -2.077428 3.297265
-1.830412 -2.057471 3.380169
-1.850677 -2.032734 3.462279
-1.868927 -2.003207 3.543171
-1.885024 -1.968926 3.622414
-1.898842 -1.929971 3.699576
-1.910261 -1.886466 3.774229
-1.919175 -1.838584 3.845956
-1.925490 -1.786544 3.914356
-1.929127 -1.730606 3.979051
-1.930021 -1.671072 4.039691
-1.928126 -1.608283 4.095963
-1.923413 -1.542608 4.147591
-1.915872 -1.474447 4.194340
-1.905511 -1.404220 4.236026
-1.892358 -1.332361 4.272510
-1.876459 -1.259313 4.303703
-1.857878 -1.185519 4.329568
-1.836696 -1.111420 4.350114
-1.813012 -1.037443 4.365399
-1.786938 -0.963999 4.375525
-1.758601 -0.891477 4.380635
-1.728140 -0.820238 4.380907
-1.695703 -0.750614 4.376554
-1.661448 -0.682903 4.367813
-1.625537 -0.617369 4.354945
-1.588139 -0.554237 4.338227
-1.549425 -0.493698 4.317948
-1.509567 -0.435904 4.294403
-1.468735 -0.380974 4.267890
-1.427099 -0.328991 4.238705
-1.384824 -0.280006 4.207139
-1.342072 -0.234043 4.173474
-1.298995 -0.191095 4.137982
-1.255744 -0.151133 4.100920
-1.212456 -0.114107 4.062530
-1.169265 -0.079948 4.023041
-1.126294 -0.048570 3.982662
-1.083657 -0.019876 3.941586
-1.041460 0.006244 3.899987
-0.999798 0.029906 3.858026
-0.958758 0.051232 3.815844
-0.918418 0.070350 3.773566
-0.878847 0.087387 3.731305
-0.840106 0.102474 3.689157
-0.802247 0.115738 3.647205
-0.765315 0.127309 3.605522
-0.729346 0.137308 3.564167
-0.694370 0.145858 3.523192
-0.660412 0.153074 3.482638
-0.627489 0.159070 3.442537
-0.595613 0.163951 3.402916
-0.535023 0.170772 3.325187
-0.478642 0.174288 3.249548
-0.426409 0.175160 3.176030
0.056166 0.121283 1.907842
0.065913 0.126962 1.848463
0.075390 0.134073 1.791107
0.084816 0.142671 1.735729
0.094394 0.152825 1.682297
0.104314 0.164630 1.630782
0.114760 0.178203 1.581169
0.125911 0.193688 1.533453
0.137947 0.211257 1.487642
0.155687 0.238275 1.429572
0.175784 0.269926 1.375051
0.192699 0.297108 1.336601
0.211444 0.327609 1.300375
0.232267 0.361799 1.266531
1.456985 2.147552 2.089507
1.497348 2.185102 2.167622
1.537760 2.219992 2.249373
1.578090 2.251856 2.334674
1.618196 2.280319 2.423401
1.657927 2.305003 2.515387
1.697117 2.325523 2.610422
1.735593 2.341502 2.708251
1.773169 2.352571 2.808567
1.809652 2.358378 2.911018
1.844841 2.358595 3.015202
1.878527 2.352922 3.120669
1.910498 2.341099 3.226923
1.940541 2.322913 3.333426
1.968440 2.298201 3.439603
1.993983 2.266861 3.544850
2.016964 2.228858 3.648538
2.037183 2.184225 3.750022
2.054452 2.133073 3.848656
2.068599 2.075585 3.943795
2.079465 2.012023 4.034815
2.086914 1.942726 4.121118
0.217557 -0.395125 3.139376
-0.592039 -0.827690 1.814032
-1.021265 -0.178154 3.719219
-0.956836 -0.142819 3.650581
-0.894534 -0.113914 3.580908
-0.834737 -0.090823 3.510820
-0.777736 -0.072920 3.440812
-0.249598 -0.273684 1.943613
-0.258550 -0.299118 1.889164
-0.274265 -0.336427 1.820685
-0.573458 0.146909 3.355303
-0.516155 0.151992 3.279402
-0.462946 0.154127 3.205510
0.029264 0.083391 1.883236
0.036960 0.086341 1.824188
0.044239 0.090363 1.767072
0.051289 0.095474 1.711834
0.058279 0.101708 1.658425
0.065364 0.109113 1.606801
0.072690 0.117759 1.556926
0.083074 0.131368 1.493090
0.094455 0.147603 1.432251
0.107162 0.166801 1.374380
0.121535 0.189381 1.319483
0.137945 0.215850 1.267609
0.156802 0.246818 1.218864
0.178569 0.283007 1.173427
0.203774 0.325266 1.131579
0.225295 0.361534 1.102790
0.249377 0.402242 1.076485
0.276341 0.447914 1.052969
0.306543 0.499121 1.032636
0.340374 0.556485 1.015985
0.378268 0.620669 1.003649
0.406019 0.667589 0.998206
0.435933 0.718057 0.995313
0.468166 0.772283 0.995298
0.502881 0.830467 0.998539
0.540244 0.892799 1.005471
0.580426 0.959447 1.016591
0.623598 1.030548 1.032467
0.669926 1.106192 1.053742
0.719570 1.186408 1.081138
0.745682 1.228217 1.097382
0.772678 1.271142 1.115465
0.800571 1.315158 1.135503
0.829375 1.360234 1.157614
0.859101 1.406329 1.181924
0.889758 1.453389 1.208560
0.921351 1.501352 1.237657
0.953882 1.550142 1.269351
0.987350 1.599668 1.303781
1.021750 1.649823 1.341090
1.057069 1.700487 1.381420
1.093292 1.751517 1.424914
1.130396 1.802756 1.471711
1.168352 1.854022 1.521947
1.207123 1.905113 1.575755
1.246665 1.955807 1.633255
1.286924 2.005855 1.694559
1.327837 2.054986 1.759764
1.369330 2.102904 1.828951
1.411319 2.149290 1.902179
1.453707 2.193801 1.979482
1.496387 2.236072 2.060867
1.539237 2.275717 2.146306
1.582124 2.312332 2.235736
1.624901 2.345499 2.329051
1.667406 2.374789 2.426102
1.709467 2.399767 2.526687
1.750896 2.419996 2.630557
1.791496 2.435047 2.737404
1.831055 2.444505 2.846863
1.869355 2.447975 2.958515
1.906167 2.445094 3.071882
1.941256 2.435537 3.186429
1.974382 2.419027 3.301571
2.005305 2.395347 3.416676
2.033784 2.364342 3.531071
2.059584 2.325935 3.644052
2.082476 2.280126 3.754891
2.102243 2.227003 3.862850
2.118683 2.166742 3.967192
2.131609 2.099608 4.067195
2.140859 2.025959 4.162165
2.146292 1.946236 4.251448
2.147798 1.860961 4.334446
2.145292 1.770731 4.410628
2.138725 1.676201 4.479540
2.128078 1.578081 4.540812
2.113366 1.477115 4.594168
2.094638 1.374073 4.639429
2.071975 1.269730 4.676512
2.045491 1.164858 4.705431
2.015328 1.060207 4.726293
1.981658 0.956496 4.739294
1.944676 0.854396 4.744707
1.904598 0.754528 4.742877
1.861659 0.657448 4.734207
1.816107 0.563647 4.719148
1.768204 0.473543 4.698190
1.718215 0.387483 4.671847
1.666410 0.305741 4.640646
1.613060 0.228519 4.605122
1.558433 0.155956 4.565801
1.502789 0.088126 4.523199
1.446383 0.025045 4.477811
1.389457 -0.033320 4.430106
1.332242 -0.087046 4.380527
1.274956 -0.136251 4.329480
1.217802 -0.181085 4.277339
1.160967 -0.221721 4.224443
1.104624 -0.258355 4.171095
1.048928 -0.291197 4.117564
0.994020 -0.320469 4.064083
0.940025 -0.346397 4.010857
0.887051 -0.369210 3.958057
0.835194 -0.389138 3.905829
0.784535 -0.406405 3.854292
0.735142 -0.421233 3.803545
0.687069 -0.433834 3.753663
0.640361 -0.444413 3.704705
0.595050 -0.453166 3.656712
0.551160 -0.460277 3.609713
0.508704 -0.465922 3.563726
0.467690 -0.470265 3.518755
0.428115 -0.473459 3.474801
0.389971 -0.475649 3.431852
0.353244 -0.476966 3.389896
0.317916 -0.477534 3.348913
0.283962 -0.477465 3.308880
0.251355 -0.476864 3.269773
0.190055 -0.474441 3.194226
0.133734 -0.470934 3.122047
-0.401334 -0.558204 2.200030
-0.430349 -0.588512 2.152916
-0.460287 -0.622933 2.110197
-0.491585 -0.661574 2.072164
-0.524643 -0.704543 2.039179
-0.559831 -0.751936 2.011678
-0.597487 -0.803828 1.990181
-0.637919 -0.860250 1.975299
-0.681398 -0.921171 1.967732
-0.712195 -0.964227 1.967143
-0.744507 -1.009161 1.970418
-0.778379 -1.055877 1.977836
-0.813844 -1.104237 1.989688
-0.850916 -1.154065 2.006281
-0.889592 -1.205132 2.027928
-0.929844 -1.257152 2.054945
-0.971621 -1.309774 2.087643
-1.014841 -1.362579 2.126319
-1.059386 -1.415068 2.171241
-1.105102 -1.466661 2.222637
-1.151791 -1.516696 2.280680
-1.199208 -1.564425 2.345460
-1.247056 -1.609025 2.416976
-1.294988 -1.649600 2.495102
-1.318861 -1.668084 2.536566
-1.342599 -1.685202 2.579571
-1.366144 -1.700833 2.624057
-1.389432 -1.714851 2.669954
-1.412399 -1.727135 2.717180
-1.434977 -1.737562 2.765640
-1.457095 -1.746015 2.815227
-1.478679 -1.752380 2.865822
-1.499653 -1.756550 2.917292
-1.519941 -1.758423 2.969495
-1.539464 -1.757909 3.022272
-1.558143 -1.754927 3.075458
-1.575898 -1.749406 3.128874
-1.592650 -1.741290 3.182332
-1.608320 -1.730539 3.235637
-1.622832 -1.717124 3.288585
-1.636110 -1.701038 3.340969
-1.648084 -1.682289 3.392578
-1.658685 -1.660905 3.443197
-1.667849 -1.636930 3.492615
-1.675517 -1.610430 3.540622
-1.681637 -1.581490 3.587011
-1.686161 -1.550212 3.631585
-1.689050 -1.516717 3.674155
-1.690271 -1.481142 3.714543
-1.689798 -1.443641 3.752584
-1.687617 -1.404383 3.788130
-1.683718 -1.363547 3.821046
-1.678102 -1.321324 3.851219
-1.670779 -1.277914 3.878552
-1.661767 -1.233523 3.902969
-1.651092 -1.188360 3.924415
-1.638790 -1.142636 3.942854
-1.624905 -1.096562 3.958271
-1.609486 -1.050346 3.970671
-1.592594 -1.004189 3.980079
-1.554651 -0.912827 3.990100
-1.511665 -0.823926 3.988865
-1.464297 -0.738744 3.977127
-1.413262 -0.658324 3.955806
-1.359299 -0.583476 3.925934
-1.303153 -0.514772 3.888602
-1.245550 -0.452565 3.844910
-1.187185 -0.397001 3.795927
-1.128700 -0.348056 3.742660
-1.070684 -0.305559 3.686032
-1.013657 -0.269227 3.626870
-0.958071 -0.238694 3.565896
-0.904308 -0.213540 3.503730
-0.852683 -0.193311 3.440893
-0.803446 -0.177543 3.377817
-0.756784 -0.165776 3.314850
-0.712835 -0.157567 3.252273
-0.671683 -0.152498 3.190303
-0.633374 -0.150182 3.129108
-0.597916 -0.150267 3.068816
-0.381615 -0.416934 2.071155
-0.394800 -0.451132 2.021588
-0.411119 -0.488203 1.975513
-0.430609 -0.528447 1.933183
-0.453346 -0.572178 1.894911
-0.479434 -0.619714 1.861073
-0.509010 -0.671370 1.832123
-0.542235 -0.727443 1.808603
-0.620354 -0.853854 1.780539
-0.650058 -0.900411 1.777683
-0.681687 -0.949215 1.778544
-0.715290 -1.000248 1.783442
-0.750910 -1.053456 1.792721
-0.788579 -1.108743 1.806754
-0.828318 -1.165959 1.825936
-0.870129 -1.224895 1.850680
-0.913991 -1.285268 1.881413
-0.959859 -1.346716 1.918568
-1.007653 -1.408781 1.962572
-1.057256 -1.470906 2.013830
-1.108504 -1.532418 2.072712
-1.134680 -1.562703 2.105110
-1.161183 -1.592530 2.139524
-1.187976 -1.621781 2.175977
-1.215019 -1.650331 2.214488
-1.242268 -1.678047 2.255065
-1.269674 -1.704792 2.297709
-1.297185 -1.730417 2.342410
-1.324741 -1.754773 2.389146
-1.352282 -1.777701 2.437882
-1.379738 -1.799041 2.488571
-1.407040 -1.818629 2.541151
-1.434109 -1.836298 2.595544
-1.460865 -1.851882 2.651656
-1.487223 -1.865215 2.709376
-1.513094 -1.876135 2.768575
-1.538384 -1.884484 2.829107
-1.562996 -1.890111 2.890807
-1.586833 -1.892875 2.953493
-1.609792 -1.892645 3.016965
-1.631770 -1.889306 3.081006
-1.652664 -1.882756 3.145384
-1.672370 -1.872913 3.209852
-1.690784 -1.859715 3.274151
-1.707806 -1.843123 3.338011
-1.723336 -1.823121 3.401155
-1.737280 -1.799719 3.463298
-1.749548 -1.772953 3.524156
-1.760056 -1.742887 3.583443
-1.768726 -1.709612 3.640878
-1.775488 -1.673249 3.696186
-1.780281 -1.633941 3.749106
-1.783054 -1.591861 3.799388
-1.783766 -1.547205 3.846799
-1.782387 -1.500191 3.891130
-1.778897 -1.451055 3.932190
-1.773289 -1.400052 3.969816
-1.765570 -1.347451 4.003872
-1.755755 -1.293528 4.034250
-1.743874 -1.238568 4.060870
-1.729968 -1.182860 4.083683
-1.714089 -1.126691 4.102670
-1.696300 -1.070344 4.117838
-1.676674 -1.014094 4.129226
-1.655294 -0.958208 4.136894
-1.632251 -0.902937 4.140932
-1.607642 -0.848519 4.141447
-1.581574 -0.795171 4.138568
-1.554155 -0.743095 4.132440
-1.525500 -0.692470 4.123223
-1.495727 -0.643452 4.111088
-1.464954 -0.596180 4.096215
-1.433303 -0.550768 4.078789
-1.400894 -0.507308 4.058998
-1.367845 -0.465874 4.037034
-1.334274 -0.426519 4.013085
-1.300297 -0.389277 3.987336
-1.266025 -0.354165 3.959971
-1.231565 -0.321182 3.931163
-1.197019 -0.290316 3.901081
-1.162487 -0.261538 3.869885
-1.128061 -0.234811 3.837727
-0.721763 -0.044082 3.383581
-0.669700 -0.034394 3.313851
-0.620946 -0.028232 3.245154
-0.575535 -0.025076 3.177642
0.170984 0.259737 1.475354
0.186964 0.284537 1.433418
0.204555 0.312399 1.393707
0.223992 0.343649 1.356348
0.245531 0.378657 1.321514
0.269449 0.417832 1.289428
0.296046 0.461627 1.260377
0.325652 0.510537 1.234730
0.358625 0.565093 1.212951
0.395353 0.625861 1.195621
0.422131 0.670111 1.186891
0.450897 0.717557 1.180714
0.481785 0.768368 1.177386
0.514939 0.822711 1.177244
0.550502 0.880735 1.180675
0.588620 0.942572 1.188116
0.629437 1.008322 1.200065
0.673095 1.078045 1.217081
0.719726 1.151746 1.239786
0.769449 1.229358 1.268874
0.795504 1.269586 1.286045
0.822367 1.310724 1.305101
0.850048 1.352734 1.326147
0.878553 1.395570 1.349291
0.907886 1.439176 1.374644
0.938046 1.483485 1.402321
0.969032 1.528418 1.432438
1.000838 1.573886 1.465112
1.033453 1.619783 1.500461
1.066861 1.665991 1.538603
1.101043 1.712375 1.579653
1.135973 1.758785 1.623723
1.171620 1.805053 1.670920
1.207943 1.850993 1.721346
1.244899 1.896401 1.775091
1.282432 1.941052 1.832237
1.320481 1.984704 1.892850
1.358975 2.027096 1.956981
1.397833 2.067946 2.024662
1.632841 2.262923 2.503839
1.671130 2.283852 2.594975
1.708765 2.300525 2.688846
1.745570 2.312591 2.785174
1.781365 2.319713 2.883636
1.815959 2.321576 2.983863
1.849156 2.317890 3.085441
1.880754 2.308399 3.187913
1.910551 2.292888 3.290782
1.938341 2.271189 3.393514
1.963924 2.243189 3.495547
1.987099 2.208834 3.596292
2.007676 2.168133 3.695146
2.025473 2.121166 3.791496
2.040319 2.068081 3.884734
2.052059 2.009100 3.974262
2.060558 1.944513 4.059504
2.065696 1.874680 4.139917
2.067380 1.800025 4.215000
2.065538 1.721031 4.284305
2.060126 1.638228 4.347443
2.051125 1.552191 4.404090
2.038543 1.463528 4.453997
2.022418 1.372863 4.496988
2.002812 1.280836 4.532964
1.979815 1.188083 4.561905
1.953541 1.095229 4.583864
1.924129 1.002877 4.598964
1.891737 0.911598 4.607397
1.856542 0.821928 4.609411
1.818737 0.734352 4.605307
1.778531 0.649307 4.595430
1.736139 0.567177 4.580157
1.691785 0.488286 4.559895
1.645700 0.412904 4.535066
1.598113 0.341242 4.506102
1.549255 0.273458 4.473438
1.499352 0.209656 4.437501
1.448627 0.149892 4.398712
1.397293 0.094180 4.357473
1.345557 0.042489 4.314168
1.293613 -0.005242 4.269156
1.241646 -0.049108 4.222772
1.189828 -0.089227 4.175327
1.138319 -0.125742 4.127099
1.087265 -0.158807 4.078344
1.036801 -0.188594 4.029287
0.987045 -0.215281 3.980129
0.938107 -0.239053 3.931045
0.890080 -0.260097 3.882185
0.843047 -0.278601 3.833679
0.797081 -0.294752 3.785636
0.752239 -0.308732 3.738144
0.708573 -0.320719 3.691279
0.666121 -0.330884 3.645097
0.624915 -0.339393 3.599644
0.584976 -0.346402 3.554952
0.546319 -0.352061 3.511044
0.508951 -0.356510 3.467935
0.472872 -0.359883 3.425631
0.438079 -0.362302 3.384133
0.404561 -0.363885 3.343435
0.372302 -0.364738 3.303528
0.311486 -0.364648 3.226035
0.255439 -0.362745 3.151523
-0.302799 -0.437383 2.037147
-0.327103 -0.464982 1.986204
-0.352490 -0.496388 1.938840
-0.379344 -0.531803 1.895271
-0.408035 -0.571448 1.855775
-0.438919 -0.615565 1.820699
-0.472346 -0.664403 1.790472
-0.508657 -0.718212 1.765614
-0.548186 -0.777224 1.746748
-0.576488 -0.819554 1.737862
-0.606457 -0.864329 1.732219
-0.638183 -0.911572 1.730099
-0.689246 -0.987065 1.734208
-0.725710 -1.040428 1.742308
-0.764184 -1.096125 1.755139
-0.804714 -1.154022 1.773107
-0.847327 -1.213927 1.796647
-0.892029 -1.275575 1.826209
-0.938799 -1.338621 1.862256
-0.987582 -1.402625 1.905253
-1.038285 -1.467041 1.955651
-1.090767 -1.531208 2.013873
-1.613217 -1.929477 2.975090
-1.636762 -1.928051 3.041749
-1.659244 -1.923290 3.108934
-1.680554 -1.915090 3.176388
-1.700579 -1.903370 3.243842
-1.719211 -1.888070 3.311014
-1.736342 -1.869157 3.377609
-1.751868 -1.846622 3.443327
-1.765690 -1.820488 3.507860
-1.777713 -1.790805 3.570902
-1.787851 -1.757655 3.632146
-1.796022 -1.721147 3.691294
-1.802158 -1.681425 3.748055
-1.806195 -1.638658 3.802152
-1.808085 -1.593044 3.853326
-1.807787 -1.544806 3.901337
-1.805276 -1.494190 3.945972
-1.800538 -1.441463 3.987039
-1.793569 -1.386906 4.024380
-1.784384 -1.330817 4.057864
-1.773005 -1.273499 4.087393
-1.759472 -1.215263 4.112902
-1.743834 -1.156419 4.134356
-1.726153 -1.097276 4.151755
-1.706504 -1.038135 4.165129
-1.684969 -0.979287 4.174535
-1.661643 -0.921009 4.180061
-1.636627 -0.863563 4.181818
-1.610030 -0.807192 4.179938
-1.581968 -0.752117 4.174576
-1.552562 -0.698539 4.165900
-1.521935 -0.646633 4.154092
-1.104680 -0.187503 3.840406
-1.069248 -0.163420 3.805631
-1.034168 -0.141338 3.770270
-0.999514 -0.121179 3.734446
-0.965354 -0.102864 3.698268
-0.931749 -0.086308 3.661837
-0.898755 -0.071424 3.625244
-0.866421 -0.058124 3.588568
-0.803902 -0.035920 3.515250
-0.744471 -0.018994 3.442361
-0.688327 -0.006667 3.370261
-0.635593 0.001695 3.299215
-0.586331 0.006682 3.229409
-0.540547 0.008823 3.160965
-0.180714 -0.188013 1.912619
-0.185920 -0.207021 1.855749
-0.193099 -0.227504 1.801131
-0.202235 -0.249712 1.748790
-0.213350 -0.273921 1.698771
-0.226498 -0.300427 1.651141
-0.241768 -0.329549 1.605996
-0.259283 -0.361634 1.563466
-0.279197 -0.397055 1.523721
-0.301699 -0.436216 1.486983
-0.327009 -0.479546 1.453533
-0.355382 -0.527506 1.423728
-0.387102 -0.580578 1.398011
-0.422489 -0.639262 1.376937
-0.448287 -0.681753 1.365796
-0.475978 -0.727110 1.357256
-0.505674 -0.775476 1.351591
-0.537495 -0.826983 1.349109
-0.571558 -0.881748 1.350161
-0.607984 -0.939867 1.355143
-0.646889 -1.001404 1.364498
-0.688387 -1.066387 1.378722
-0.732580 -1.134789 1.398361
-0.779561 -1.206520 1.424016
-0.829401 -1.281406 1.456341
-0.855409 -1.319951 1.475222
-0.882148 -1.359173 1.496035
-0.909617 -1.399019 1.518875
-0.937815 -1.439426 1.543838
-0.966737 -1.480321 1.571019
-0.996374 -1.521624 1.600515
-1.026715 -1.563238 1.632423
-1.057745 -1.605058 1.666838
-1.089441 -1.646966 1.703854
-1.121781 -1.688829 1.743560
-1.154732 -1.730501 1.786041
-1.188258 -1.771821 1.831376
-1.222319 -1.812614 1.879635
-1.256863 -1.852690 1.930880
-1.291837 -1.891841 1.985161
-1.327175 -1.929848 2.042511
-1.362808 -1.966474 2.102952
-1.398656 -2.001472 2.166484
-1.434631 -2.034578 2.233087
-1.470637 -2.065519 2.302719
-1.506570 -2.094012 2.375309
-1.542314 -2.119767 2.450763
-1.577748 -2.142489 2.528951
-1.612741 -2.161881 2.609716
-1.647154 -2.177650 2.692864
-1.680839 -2.189507 2.778167
-1.713643 -2.197174 2.865360
-1.745406 -2.200390 2.954144
-1.775962 -2.198913 3.044181
-1.805144 -2.192526 3.135104
-1.832779 -2.181045 3.226508
-1.858696 -2.164321 3.317962
-1.882723 -2.142246 3.409011
-1.904693 -2.114756 3.499175
-1.924441 -2.081838 3.587962
-1.941811 -2.043532 3.674870
-1.956656 -1.999931 3.759395
-1.968840 -1.951186 3.841039
-1.978240 -1.897503 3.919318
-1.984748 -1.839141 3.993765
-1.988276 -1.776416 4.063947
-1.988750 -1.709688 4.129462
-1.986121 -1.639364 4.189953
-1.980357 -1.565887 4.245112
-1.971450 -1.489733 4.294682
-1.959415 -1.411401 4.338466
-1.944287 -1.331403 4.376323
-1.926125 -1.250262 4.408175
-1.905008 -1.168497 4.434002
-1.881035 -1.086618 4.453846
-1.854324 -1.005119 4.467800
-1.825012 -0.924469 4.476012
-1.793247 -0.845109 4.478677
-1.759194 -0.767443 4.476030
-1.723027 -0.691836 4.468341
-1.684928 -0.618613 4.455910
-1.645088 -0.548054 4.439059
-1.603701 -0.480392 4.418126
-1.560960 -0.415820 4.393459
-1.517063 -0.354483 4.365409
-1.472203 -0.296488 4.334326
-1.426568 -0.241899 4.300556
-1.380345 -0.190747 4.264431
-1.333710 -0.143028 4.226274
-1.286834 -0.098708 4.186387
-1.239878 -0.057728 4.145059
-1.192993 -0.020005 4.102554
-1.146320 0.014562 4.059119
-1.099992 0.046091 4.014979
-1.054128 0.074710 3.970337
-1.008838 0.100558 3.925374
-0.964220 0.123782 3.880255
-0.920364 0.144532 3.835121
-0.877346 0.162959 3.790097
-0.835236 0.179217 3.745291
-0.794092 0.193457 3.700795
-0.753964 0.205827 3.656686
-0.714891 0.216474 3.613028
-0.676909 0.225538 3.569873
-0.640040 0.233153 3.527264
-0.604306 0.239450 3.485233
-0.569716 0.244552 3.443803
-0.536278 0.248576 3.402992
-0.503993 0.251631 3.362810
-0.472855 0.253822 3.323263
-0.413989 0.255994 3.246074
-0.359568 0.255793 3.171391
0.152054 0.252767 2.000185
0.168580 0.267074 1.941068
0.185263 0.283950 1.884471
-0.253060 -0.386307 1.378924
-0.277107 -0.425285 1.345497
-0.303789 -0.468826 1.315194
-0.355013 -0.552844 1.272665
-0.390389 -0.610970 1.252747
-0.416149 -0.653274 1.242192
-0.443796 -0.698614 1.234086
-0.473459 -0.747153 1.228700
-0.505273 -0.799050 1.226345
-0.539376 -0.854451 1.227374
-0.575906 -0.913487 1.232190
-0.615003 -0.976261 1.241249
-0.656802 -1.042844 1.255063
-0.701434 -1.113257 1.274206
-0.749016 -1.187460 1.299312
0.231608 0.358985 2.097567
0.253271 0.378686 2.039824
0.275257 0.401687 1.985172
0.297970 0.428148 1.933711
0.321787 0.458261 1.885582
0.347072 0.492242 1.840977
0.374177 0.530336 1.800142
0.403447 0.572811 1.763389
0.435225 0.619953 1.731106
0.469852 0.672058 1.703770
0.507670 0.729419 1.681958
0.534822 0.770716 1.670824
0.563643 0.814541 1.662691
0.594230 0.860954 1.657826
0.626678 0.909993 1.656525
0.661075 0.961677 1.659118
0.697506 1.015993 1.665967
0.736045 1.072888 1.677467
0.776751 1.132265 1.694046
0.819673 1.193966 1.716163
0.864834 1.257767 1.744302
0.912234 1.323357 1.778971
0.961843 1.390334 1.820684
1.013589 1.458183 1.869959
1.040231 1.492241 1.897588
1.067360 1.526267 1.927291
1.094954 1.560162 1.959124
1.122985 1.593816 1.993138
1.151425 1.627108 2.029380
1.180236 1.659911 2.067889
1.209381 1.692087 2.108699
1.238813 1.723487 2.151834
1.268484 1.753957 2.197309
1.298338 1.783331 2.245127
1.328315 1.811434 2.295279
1.358349 1.838087 2.347741
1.388369 1.863103 2.402477
1.418296 1.886287 2.459431
1.448048 1.907445 2.518530
1.477535 1.926375 2.579682
1.506664 1.942880 2.642775
1.535335 1.956760 2.707676
1.563443 1.967822 2.774229
1.590879 1.975877 2.842258
1.617531 1.980747 2.911561
1.643281 1.982265 2.981918
1.668011 1.980279 3.053083
1.691600 1.974656 3.124795
1.713927 1.965281 3.196768
1.734869 1.952065 3.268704
1.754308 1.934945 3.340287
1.772124 1.913887 3.411191
1.788206 1.888887 3.481080
1.802443 1.859974 3.549614
1.814733 1.827210 3.616453
1.824982 1.790694 3.681257
1.833103 1.750556 3.743698
1.839020 1.706962 3.803456
1.842670 1.660111 3.860229
1.843999 1.610230 3.913737
1.842967 1.557579 3.963722
1.839549 1.502438 4.009955
1.833733 1.445112 4.052239
1.825523 1.385921 4.090408
1.814935 1.325201 4.124335
1.802002 1.263293 4.153925
1.786770 1.200545 4.179125
1.769299 1.137302 4.199914
1.749663 1.073905 4.216311
1.727947 1.010684 4.228366
1.704247 0.947955 4.236164
1.678671 0.886019 4.239819
1.651335 0.825155 4.239470
1.622361 0.765620 4.235281
1.591878 0.707645 4.227436
1.560021 0.651437 4.216134
1.526928 0.597175 4.201589
1.492738 0.545010 4.184023
1.457591 0.495067 4.163662
1.421627 0.447444 4.140737
1.384984 0.402215 4.115477
1.347798 0.359427 4.088110
1.310201 0.319109 4.058857
1.272319 0.281264 4.027932
1.234276 0.245879 3.995540
1.196188 0.212925 3.961876
1.158165 0.182357 3.927125
1.120309 0.154116 3.891459
1.082719 0.128134 3.855036
1.045484 0.104332 3.818005
1.008685 0.082626 3.780500
0.972398 0.062925 3.742644
0.936692 0.045134 3.704547
0.901626 0.029156 3.666308
0.867255 0.014890 3.628016
0.833627 0.002237 3.589748
0.800783 -0.008902 3.551573
0.768758 -0.018624 3.513551
0.707277 -0.034204 3.438159
0.649357 -0.045238 3.363898
0.595094 -0.052407 3.290992
0.544520 -0.056335 3.219590
0.497612 -0.057577 3.149778
0.454302 -0.056626 3.081597
0.111536 0.093007 1.927152
0.111761 0.104699 1.867485
-0.382891 -0.534159 1.951803
-0.535589 -0.020064 3.120042
-0.224179 -0.248589 1.904350
-0.232634 -0.272256 1.849903
-0.247402 -0.306990 1.781198
-0.869696 -1.316812 1.567251
0.088677 0.160464 1.886311
0.100068 0.169741 1.828354
0.111492 0.180816 1.772497
0.123185 0.193785 1.718719
0.135372 0.208770 1.667010
0.148266 0.225918 1.617376
0.162080 0.245409 1.569839
0.177028 0.267454 1.524442
0.294399 0.454533 1.312723
0.323157 0.501694 1.285105
1.436110 2.090365 2.126810
1.474672 2.125878 2.200395
1.513265 2.158915 2.277354
1.551769 2.189145 2.357604
1.590054 2.216230 2.441032
0.358500 -0.340069 3.260614
-0.277378 -0.405166 2.003421
-0.300283 -0.431344 1.951560
-0.324235 -0.461178 1.903056
-0.349603 -0.494877 1.858098
-0.376745 -0.532679 1.816929
-0.406009 -0.574844 1.779859
-0.437739 -0.621650 1.747272
-0.472278 -0.673384 1.719638
-0.509966 -0.730329 1.697532
-0.537009 -0.771318 1.686199
-0.565700 -0.814809 1.677861
-0.596136 -0.860858 1.672782
-0.628411 -0.909501 1.671255
-0.662613 -0.960754 1.673604
-0.698824 -1.014601 1.680186
-0.737116 -1.070989 1.691390
-0.777548 -1.129819 1.707637
-0.820167 -1.190933 1.729377
-0.864994 -1.254106 1.757087
-0.912030 -1.319033 1.791263
-0.961242 -1.385313 1.832410
-1.012560 -1.452438 1.881033
-1.038974 -1.486127 1.908302
-1.065869 -1.519782 1.937618
-1.093221 -1.553304 1.969038
-1.121004 -1.586584 2.002611
-1.149187 -1.619505 2.038382
-1.177736 -1.651942 2.076390
-1.206612 -1.683759 2.116667
-1.235770 -1.714811 2.159236
-1.265162 -1.744944 2.204112
-1.294733 -1.773997 2.251298
-1.324425 -1.801800 2.300784
-1.354172 -1.828175 2.352547
-1.383903 -1.852939 2.406551
-1.413543 -1.875903 2.462740
-1.443010 -1.896874 2.521044
-1.472216 -1.915658 2.581372
-1.501069 -1.932058 2.643614
-1.529470 -1.945881 2.707641
-1.557318 -1.956936 2.773299
-1.584506 -1.965040 2.840416
-1.610922 -1.970016 2.908797
-1.706551 -1.955608 3.190301
-1.727357 -1.942823 3.261339
-1.746685 -1.926202 3.332049
-1.764420 -1.905710 3.402113
-1.780450 -1.881341 3.471200
-1.794667 -1.853120 3.538980
-1.806970 -1.821109 3.605116
-1.817267 -1.785398 3.669278
-1.825471 -1.746115 3.731142
-1.831509 -1.703418 3.790393
-1.835314 -1.657500 3.846736
-1.836835 -1.608581 3.899893
-1.836033 -1.556912 3.949608
-1.832879 -1.502765 3.995655
-1.827362 -1.446437 4.037836
-1.819484 -1.388240 4.075987
-1.809259 -1.328500 4.109978
-1.796719 -1.267552 4.139712
-1.781907 -1.205735 4.165131
-1.764881 -1.143388 4.186213
-1.745711 -1.080845 4.202968
-1.724481 -1.018430 4.215443
-1.701283 -0.956457 4.223716
-1.676222 -0.895220 4.227893
-1.649410 -0.834997 4.228108
-1.620968 -0.776042 4.224518
-1.591021 -0.718586 4.217299
-1.559701 -0.662835 4.206644
-1.527142 -0.608969 4.192760
-1.493482 -0.557140 4.175861
-1.458858 -0.507475 4.156171
-1.423408 -0.460075 4.133914
-1.387268 -0.415016 4.109314
-1.350571 -0.372350 4.082594
-1.313448 -0.332107 4.053972
-1.276026 -0.294296 4.023660
-1.238424 -0.258908 3.991859
-1.200758 -0.225916 3.958763
-1.163139 -0.195280 3.924555
-1.125668 -0.166945 3.889404
-1.088443 -0.140846 3.853471
-1.051552 -0.116909 3.816902
-1.015078 -0.095052 3.779832
-0.979096 -0.075188 3.742383
-0.943674 -0.057224 3.704667
-0.908874 -0.041067 3.666784
-0.874751 -0.026617 3.628822
-0.841353 -0.013780 3.590860
-0.808721 -0.002456 3.552969
-0.776892 0.007450 3.515208
-0.715756 0.023383 3.440278
-0.658124 0.034745 3.366407
-0.604099 0.042210 3.293828
-0.553721 0.046395 3.222698
-0.506972 0.047852 3.153112
-0.125510 -0.118401 1.892273
1.392379 1.843596 2.452250
1.421226 1.864784 2.507975
1.449850 1.883938 2.565688
1.478164 1.900873 2.625288
1.506076 1.915404 2.686660
1.533490 1.927347 2.749666
0.322788 0.483297 1.382379
0.352225 0.532825 1.354784
0.385112 0.587741 1.331320
0.477250 0.739812 1.296220
0.508055 0.790116 1.292348
0.541077 0.843732 1.291779
0.576444 0.900783 1.294889
0.614282 0.961367 1.302108
0.654717 1.025549 1.313912
0.697868 1.093351 1.330839
0.743844 1.164735 1.353479
0.792739 1.239592 1.382482
0.844628 1.317720 1.418556
0.307473 -0.291204 3.139730
-0.219691 -0.331869 1.957512
-0.239316 -0.353558 1.903177
-0.273980 -0.396919 1.819095
-0.452375 0.127749 3.160944
-0.007421 0.032282 1.859580
-0.002463 0.031309 1.801001
0.001846 0.030905 1.744281
0.005651 0.031037 1.689358
0.009076 0.031678 1.636176
0.012230 0.032811 1.584679
0.016174 0.035074 1.518548
0.019994 0.038202 1.455201
0.023857 0.042227 1.394527
0.027915 0.047212 1.336421
0.032308 0.053250 1.280786
0.037177 0.060468 1.227532
0.042666 0.069029 1.176578
0.048926 0.079135 1.127851
0.058098 0.094324 1.069986
0.069122 0.112921 1.015424
0.082448 0.135682 0.964130
0.098624 0.163545 0.916131
0.118315 0.197676 0.871550
0.137141 0.230451 0.838515
0.159238 0.269038 0.808051
0.185195 0.314477 0.780490
0.215709 0.367983 0.756318
0.242069 0.414246 0.740820
0.271841 0.466506 0.728007
0.305465 0.525500 0.718387
0.330262 0.568963 0.714064
0.357146 0.616025 0.711682
0.386285 0.666946 0.711521
0.417860 0.721994 0.713904
0.452058 0.781438 0.719211
0.489079 0.845541 0.727887
0.529126 0.914559 0.740446
0.572413 0.988723 0.757482
0.619152 1.068229 0.779683
0.643883 1.110033 0.792961
0.669557 1.153221 0.807833
0.696199 1.197800 0.824413
0.723834 1.243770 0.842824
0.752485 1.291123 0.863196
0.782174 1.339844 0.885665
0.812922 1.389907 0.910376
0.844747 1.441277 0.937479
0.877664 1.493905 0.967135
0.911686 1.547729 0.999507
0.946822 1.602673 1.034768
0.983075 1.658642 1.073093
1.020447 1.715523 1.114664
1.058931 1.773183 1.159665
1.098515 1.831464 1.208282
1.139180 1.890188 1.260701
1.180900 1.949146 1.317106
1.223637 2.008104 1.377674
1.267347 2.066797 1.442577
1.311972 2.124930 1.511972
1.357444 2.182174 1.586004
1.403682 2.238168 1.664795
1.450592 2.292517 1.748446
1.498062 2.344795 1.837023
1.545967 2.394543 1.930561
1.594166 2.441270 2.029051
1.642500 2.484463 2.132435
1.690792 2.523581 2.240603
1.738847 2.558070 2.353385
1.786455 2.587362 2.470542
1.833386 2.610888 2.591769
1.879393 2.628083 2.716683
1.924217 2.638401 2.844822
1.967582 2.641324 2.975648
2.009201 2.636373 3.108541
2.048779 2.623126 3.242806
2.086015 2.601225 3.377676
2.120603 2.570397 3.512319
2.152243 2.530457 3.645849
2.180636 2.481329 3.777340
2.205498 2.423048 3.905837
2.226559 2.355770 4.030375
2.243567 2.279777 4.149998
2.256299 2.195475 4.263779
2.264560 2.103393 4.370840
2.268190 2.004176 4.470369
2.267065 1.898574 4.561641
2.261103 1.787430 4.644034
2.250266 1.671663 4.717043
2.234559 1.552244 4.780290
2.214030 1.430185 4.833529
2.188773 1.306507 4.876653
2.158924 1.182226 4.909686
2.124659 1.058329 4.932786
2.086188 0.935757 4.946228
2.043758 0.815384 4.950400
1.997640 0.698010 4.945783
1.948130 0.584344 4.932936
1.895542 0.474999 4.912482
1.840204 0.370488 4.885090
1.782451 0.271223 4.851455
1.722621 0.177515 4.812286
1.661050 0.089580 4.768292
1.598070 0.007544 4.720164
1.534002 -0.068549 4.668572
1.469157 -0.138731 4.614148
1.403829 -0.203096 4.557486
1.338295 -0.261793 4.499134
1.272814 -0.315018 4.439590
1.207625 -0.363003 4.379303
1.142948 -0.406007 4.318671
1.078978 -0.444311 4.258044
1.015895 -0.478209 4.197723
0.953853 -0.508002 4.137964
0.892991 -0.533993 4.078983
0.833427 -0.556483 4.020956
0.775260 -0.575766 3.964025
0.718572 -0.592128 3.908301
0.663433 -0.605845 3.853865
0.609893 -0.617178 3.800778
0.557992 -0.626376 3.749077
0.507756 -0.633673 3.698782
0.459200 -0.639287 3.649899
0.412330 -0.643423 3.602419
0.367141 -0.646268 3.556325
0.323622 -0.647999 3.511592
0.281754 -0.648776 3.468188
0.241511 -0.648746 3.426075
0.202864 -0.648044 3.385213
0.165776 -0.646793 3.345560
0.130209 -0.645104 3.307071
0.096121 -0.643079 3.269702
0.032198 -0.638376 3.198146
-0.026376 -0.633315 3.130546
-0.080002 -0.628401 3.066577
-0.129095 -0.624039 3.005947
-0.443121 -0.649491 2.559562
-0.478440 -0.667444 2.507178
-0.512361 -0.689410 2.459482
-0.545560 -0.715362 2.416581
-0.578634 -0.745251 2.378653
-0.612104 -0.779008 2.345941
-0.646420 -0.816538 2.318747
-0.681969 -0.857714 2.297432
-0.719073 -0.902365 2.282414
-0.757994 -0.950259 2.274160
-0.798926 -1.001087 2.273182
-0.841997 -1.054439 2.280026
-0.887260 -1.109784 2.295252
-0.918640 -1.147460 2.310335
-0.950950 -1.185481 2.329548
-0.984134 -1.223570 2.353033
-1.018120 -1.261411 2.380916
-1.052807 -1.298645 2.413296
-1.088070 -1.334878 2.450237
-1.123758 -1.369673 2.491763
-1.159691 -1.402557 2.537843
-1.195658 -1.433026 2.588387
-1.231420 -1.460551 2.643232
-1.266709 -1.484586 2.702136
-1.301230 -1.504581 2.764768
-1.334659 -1.519999 2.830703
-1.366655 -1.530326 2.899419
-1.396857 -1.535097 2.970296
-1.424894 -1.533913 3.042622
-1.450392 -1.526460 3.115598
-1.472985 -1.512530 3.188355
-1.492318 -1.492036 3.259972
-1.508064 -1.465028 3.329499
-1.519932 -1.431699 3.395982
-1.527677 -1.392389 3.458494
-1.531108 -1.347580 3.516164
-1.530099 -1.297885 3.568206
-1.524591 -1.244030 3.613943
-1.514599 -1.186831 3.652834
-1.500212 -1.127166 3.684481
-1.481590 -1.065943 3.708644
-1.458963 -1.004072 3.725237
-1.432621 -0.942432 3.734327
-1.402907 -0.881846 3.736117
-1.370207 -0.823061 3.730929
-1.334940 -0.766727 3.719186
-1.297545 -0.713389 3.701388
-1.258469 -0.663483 3.678086
-1.218160 -0.617331 3.649862
-1.177055 -0.575153 3.617311
-1.135571 -0.537069 3.581018
-1.094101 -0.503115 3.541551
-1.053007 -0.473250 3.499443
-1.012617 -0.447374 3.455191
-0.973222 -0.425340 3.409246
-0.935077 -0.406963 3.362016
-0.898399 -0.392034 3.313862
-0.863370 -0.380331 3.265102
-0.830137 -0.371626 3.216012
-0.798816 -0.365691 3.166831
-0.769495 -0.362305 3.117765
-0.742236 -0.361258 3.068989
-0.717078 -0.362355 3.020653
-0.694040 -0.365416 2.972887
-0.673125 -0.370279 2.925800
-0.654322 -0.376802 2.879488
-0.575804 -0.523911 2.457360
-0.580724 -0.555243 2.408968
-0.589325 -0.589174 2.364216
-0.601533 -0.625791 2.323381
-0.617296 -0.665190 2.286778
-0.636578 -0.707467 2.254762
-0.659361 -0.752703 2.227735
-0.685637 -0.800952 2.206149
-0.715403 -0.852224 2.190512
-0.748654 -0.906465 2.181385
-0.785372 -0.963537 2.179380
-0.825520 -1.023191 2.185157
-0.854153 -1.064212 2.193673
-0.884242 -1.106059 2.206166
-0.915741 -1.148542 2.222846
-0.948585 -1.191428 2.243917
-0.982696 -1.234442 2.269572
-1.017974 -1.277261 2.299988
-1.054294 -1.319509 2.335314
-1.091509 -1.360762 2.375667
-1.129439 -1.400542 2.421116
-1.167878 -1.438324 2.471674
-1.206585 -1.473536 2.527284
-1.245285 -1.505570 2.587808
-1.283670 -1.533790 2.653014
-1.321399 -1.557546 2.722565
-1.358100 -1.576193 2.796012
-1.393372 -1.589108 2.872782
-1.426794 -1.595717 2.952185
-1.457929 -1.595520 3.033410
-1.486332 -1.588113 3.115537
-1.511565 -1.573219 3.197553
-1.533204 -1.550707 3.278374
-1.550854 -1.520614 3.356874
-1.564159 -1.483153 3.431917
-1.572822 -1.438721 3.502396
-1.576607 -1.387892 3.567274
-1.575357 -1.331403 3.625615
-1.568999 -1.270134 3.676624
-1.557548 -1.205073 3.719668
-1.541106 -1.137284 3.754302
-1.519866 -1.067864 3.780274
-1.494103 -0.997904 3.797526
-1.464163 -0.928449 3.806184
-1.430456 -0.860470 3.806540
-1.393441 -0.794830 3.799029
-1.353614 -0.732270 3.784200
-1.311490 -0.673393 3.762686
-1.267592 -0.618664 3.735172
-1.222439 -0.568411 3.702370
-1.176532 -0.522832 3.664992
-1.130345 -0.482012 3.623731
-1.084320 -0.445931 3.579242
-1.038858 -0.414491 3.532137
-0.994320 -0.387522 3.482970
-0.951018 -0.364809 3.432237
-0.909222 -0.346097 3.380379
-0.869157 -0.331113 3.327776
-0.831007 -0.319574 3.274757
-0.794915 -0.311194 3.221601
-0.760989 -0.305697 3.168543
-0.729306 -0.302818 3.115782
-0.699913 -0.302310 3.063480
-0.672832 -0.303946 3.011775
-0.648065 -0.307521 2.960780
-0.526339 -0.518511 2.324484
-0.536385 -0.553377 2.277746
-0.550000 -0.591003 2.234903
-0.567150 -0.631549 2.196258
-0.587823 -0.675176 2.162167
-0.612033 -0.722034 2.133038
-0.639807 -0.772250 2.109342
-0.671184 -0.825911 2.091615
-0.706206 -0.883042 2.080465
-0.744908 -0.943587 2.076568
-0.772764 -0.985769 2.078366
-0.802262 -1.029314 2.083956
-0.833390 -1.074105 2.093585
-0.866127 -1.119988 2.107506
-0.900437 -1.166766 2.125979
-0.936268 -1.214194 2.149261
-0.973546 -1.261973 2.177599
-1.012176 -1.309747 2.211229
-1.052036 -1.357097 2.250359
-1.092972 -1.403538 2.295159
-1.134797 -1.448522 2.345754
-1.177287 -1.491433 2.402201
-1.220180 -1.531596 2.464479
-1.263168 -1.568284 2.532469
-1.305904 -1.600726 2.605941
-1.347997 -1.628129 2.684534
-1.389016 -1.649697 2.767748
-1.428495 -1.664654 2.854929
-1.465936 -1.672281 2.945269
-1.500819 -1.671944 3.037808
-1.532614 -1.663130 3.131442
-1.560795 -1.645484 3.224946
-1.584850 -1.618837 3.317000
-1.604304 -1.583234 3.406231
-1.618729 -1.538949 3.491254
-1.627768 -1.486490 3.570724
-1.631145 -1.426593 3.643388
-1.628680 -1.360202 3.708135
-1.620297 -1.288435 3.764038
-1.606033 -1.212541 3.810388
-1.586035 -1.133852 3.846722
-1.560557 -1.053724 3.872826
-1.529955 -0.973490 3.888730
-1.494668 -0.894404 3.894696
-1.455211 -0.817603 3.891184
-1.412151 -0.744075 3.878820
-1.366093 -0.674638 3.858351
-1.317656 -0.609927 3.830610
-1.267462 -0.550402 3.796471
-1.216119 -0.496347 3.756820
-1.164205 -0.447893 3.712519
-1.112257 -0.405037 3.664386
-1.060768 -0.367661 3.613178
-1.010178 -0.335557 3.559580
-0.960870 -0.308452 3.504203
-0.913174 -0.286024 3.447577
-0.867362 -0.267923 3.390157
-0.823655 -0.253787 3.332328
-0.782224 -0.243252 3.274413
-0.743198 -0.235965 3.216675
-0.706661 -0.231590 3.159329
-0.672666 -0.229814 3.102549
-0.641233 -0.230349 3.046473
-0.463202 -0.487325 2.189291
-0.476440 -0.523709 2.142418
-0.493093 -0.563027 2.099430
-0.513173 -0.605515 2.060639
-0.536718 -0.651411 2.026412
-0.563795 -0.700945 1.997185
-0.594491 -0.754322 1.973468
-0.306582 -0.434892 1.543230
-0.331109 -0.477292 1.508147
-0.358654 -0.524137 1.476704
-0.389482 -0.575892 1.449325
-0.423892 -0.633035 1.426535
-0.703397 -1.080081 1.424481
-0.747621 -1.147927 1.444792
-0.794573 -1.218920 1.471178
-1.336785 -1.923280 2.094155
-1.371704 -1.958070 2.154295
-1.406782 -1.991156 2.217404
-1.441930 -2.022284 2.283450
-1.477051 -2.051189 2.352379
-1.512040 -2.077598 2.424111
-1.546783 -2.101233 2.498537
-1.581160 -2.121814 2.575521
-1.615040 -2.139059 2.654896
-1.648287 -2.152692 2.736459
-0.453884 0.227243 3.270447
-0.398883 0.228096 3.195367
0.120672 0.210021 1.966255
0.135032 0.221736 1.906899
0.233807 0.355517 1.408305
0.255800 0.390889 1.372446
0.359153 0.559862 1.268010
0.395025 0.618818 1.248736
0.421148 0.661719 1.238663
0.449183 0.707690 1.231087
0.479263 0.756895 1.226289
0.528511 0.837105 1.225008
0.564297 0.895052 1.228646
0.602611 0.956714 1.236382
0.643588 1.022172 1.248712
0.687361 1.091464 1.266190
0.734054 1.164571 1.289435
1.148068 1.760485 1.677599
1.183285 1.805340 1.724925
1.219131 1.849771 1.775415
1.255556 1.893574 1.829149
1.292507 1.936525 1.886198
1.329917 1.978385 1.946616
1.367714 2.018895 2.010442
1.405816 2.057779 2.077693
1.635001 2.239696 2.550964
1.672109 2.258365 2.640449
1.708507 2.272804 2.732454
1.744026 2.282684 2.826696
1.778487 2.287694 2.922847
1.811707 2.287544 3.020541
0.298703 -0.334084 3.176180
-1.655603 -1.979797 3.019675
-1.679696 -1.975901 3.091007
-0.116678 -0.122788 1.800553
-0.751834 -1.206121 1.238427
0.417057 0.616149 1.462432
0.773034 1.180111 1.482244
0.820896 1.251618 1.511361
0.871511 1.325845 1.547441
1.838133 2.109207 3.334413
1.860475 2.086698 3.420633
1.880814 2.059128 3.505875
1.899001 2.026501 3.589681
1.914892 1.988869 3.671590
1.928356 1.946334 3.751139
1.939269 1.899049 3.827873
1.947523 1.847216 3.901352
1.953023 1.791088 3.971155
1.955689 1.730961 4.036889
1.955462 1.667178 4.098194
1.952297 1.600117 4.154751
1.946173 1.530190 4.206285
1.937086 1.457837 4.252569
1.925053 1.383517 4.293427
1.910112 1.307700 4.328738
1.892320 1.230864 4.358435
1.871755 1.153485 4.382504
1.848510 1.076028 4.400985
1.822699 0.998943 4.413966
1.794448 0.922660 4.421583
1.763897 0.847580 4.424014
-0.109172 -0.188638 1.904748
-0.122030 -0.199896 1.846850
-0.135028 -0.213206 1.791155
-0.148427 -0.228684 1.737657
-0.162470 -0.246476 1.686367
-0.177396 -0.266758 1.637312
-0.193443 -0.289736 1.590544
-0.210849 -0.315655 1.546141
-0.229859 -0.344791 1.504212
-0.250731 -0.377463 1.464907
-0.273736 -0.414024 1.428420
-0.299164 -0.454870 1.395003
-0.327323 -0.500433 1.364980
-0.358549 -0.551180 1.338755
-0.393199 -0.607609 1.316840
-0.431658 -0.670236 1.299867
-0.459615 -0.715690 1.291676
-0.489571 -0.764282 1.286300
-0.521657 -0.816155 1.284051
-0.556005 -0.871441 1.285286
-0.592747 -0.930249 1.290406
-0.632013 -0.992663 1.299867
-0.673929 -1.058728 1.314175
-0.718616 -1.128438 1.333897
-0.766177 -1.201724 1.359657
-0.816703 -1.278434 1.392136
-0.843098 -1.317998 1.411124
-0.870256 -1.358313 1.432072
-0.898179 -1.399329 1.455079
-0.926867 -1.440984 1.480247
-0.956318 -1.483208 1.507680
-0.986525 -1.525920 1.537481
-1.017480 -1.569025 1.569754
-1.049167 -1.612418 1.604605
-1.081568 -1.655979 1.642135
-1.114660 -1.699574 1.682444
-1.148415 -1.743055 1.725626
-1.182797 -1.786258 1.771772
-1.217765 -1.829001 1.820962
-1.253271 -1.871089 1.873269
-1.289259 -1.912307 1.928753
-1.325668 -1.952427 1.987462
-1.362424 -1.991201 2.049426
-1.399449 -2.028368 2.114655
-1.436652 -2.063651 2.183141
-1.473937 -2.096761 2.254848
-1.511194 -2.127396 2.329717
-1.548307 -2.155247 2.407655
-1.585149 -2.179995 2.488541
-1.621584 -2.201323 2.572216
-1.657466 -2.218909 2.658487
-1.692642 -2.232442 2.747121
-1.726950 -2.241616 2.837849
-1.760221 -2.246143 2.930358
-1.792281 -2.245753 3.024300
-1.822950 -2.240206 3.119285
-1.852047 -2.229291 3.214891
-1.879386 -2.212836 3.310660
-1.904785 -2.190713 3.406105
-1.928063 -2.162843 3.500716
-1.949043 -2.129198 3.593965
-1.967557 -2.089811 3.685313
-1.983443 -2.044771 3.774214
-1.996555 -1.994231 3.860131
-2.006758 -1.938403 3.942537
-2.013934 -1.877563 4.020929
-2.017984 -1.812041 4.094831
-2.018828 -1.742226 4.163809
-2.016408 -1.668551 4.227473
-2.010689 -1.591494 4.285486
-2.001661 -1.511568 4.337570
-1.989335 -1.429311 4.383509
-1.973749 -1.345278 4.423152
-1.954963 -1.260033 4.456415
-1.933061 -1.174139 4.483279
-1.908149 -1.088147 4.503790
-1.880352 -1.002591 4.518055
-1.849815 -0.917977 4.526239
-1.816698 -0.834779 4.528557
-1.781177 -0.753430 4.525268
-1.743437 -0.674321 4.516670
-1.703675 -0.597798 4.503093
-1.662092 -0.524156 4.484888
-1.618897 -0.453641 4.462426
-1.574297 -0.386452 4.436085
-1.528500 -0.322738 4.406246
-1.481714 -0.262605 4.373289
-1.434138 -0.206114 4.337585
-1.385969 -0.153288 4.299494
-1.337395 -0.104115 4.259359
-1.288594 -0.058549 4.217505
-1.239737 -0.016518 4.174237
-1.190983 0.022075 4.129835
-0.446314 0.295870 3.329984
-0.385798 0.297612 3.252005
-0.329888 0.297068 3.176736
0.194241 0.310256 2.056208
0.213649 0.327524 1.997500
0.233299 0.347779 1.941609
0.253561 0.371178 1.888598
0.274787 0.397905 1.838566
0.297312 0.428179 1.791648
0.321468 0.462247 1.748030
0.347579 0.500389 1.707949
0.375974 0.542913 1.671706
0.406984 0.590151 1.639679
0.440949 0.642451 1.612334
0.478215 0.700166 1.590242
0.505066 0.741822 1.578768
0.533646 0.786132 1.570175
0.564060 0.833181 1.564729
0.596412 0.883037 1.562736
0.630802 0.935750 1.564531
0.667328 0.991339 1.570489
0.706079 1.049791 1.581024
0.747133 1.111046 1.596587
0.790557 1.174987 1.617667
0.836397 1.241429 1.644790
0.884676 1.310104 1.678510
0.935390 1.380647 1.719408
0.961648 1.416473 1.742732
0.988495 1.452576 1.768071
1.015918 1.488874 1.795498
1.043902 1.525279 1.825084
1.072428 1.561690 1.856898
1.101471 1.597999 1.891006
1.131005 1.634084 1.927468
1.160997 1.669815 1.966340
1.191410 1.705051 2.007672
1.222202 1.739639 2.051504
1.253325 1.773415 2.097868
1.284727 1.806206 2.146785
1.316346 1.837825 2.198263
1.348118 1.868079 2.252297
1.379971 1.896765 2.308866
1.411827 1.923670 2.367930
1.443599 1.948578 2.429432
1.475197 1.971265 2.493292
1.506522 1.991505 2.559412
1.537470 2.009072 2.627665
1.567931 2.023739 2.697905
1.597787 2.035286 2.769956
1.626917 2.043500 2.843618
1.655195 2.048177 2.918666
1.682491 2.049128 2.994848
1.708672 2.046181 3.071885
1.733603 2.039186 3.149478
1.757147 2.028017 3.227303
1.779169 2.012576 3.305018
1.799534 1.992797 3.382263
1.818113 1.968646 3.458666
1.834776 1.940128 3.533845
1.849406 1.907285 3.607413
1.861887 1.870199 3.678985
1.872116 1.828994 3.748179
1.880000 1.783832 3.814624
1.885456 1.734915 3.877966
1.888417 1.682484 3.937871
1.888829 1.626811 3.994030
1.886651 1.568205 4.046166
1.881861 1.506997 4.094035
1.874453 1.443547 4.137433
1.864437 1.378228 4.176194
1.851839 1.311427 4.210196
1.836703 1.243539 4.239359
1.819088 1.174960 4.263647
1.799071 1.106080 4.283066
1.776739 1.037281 4.297665
1.752196 0.968931 4.307528
1.725557 0.901377 4.312778
1.696946 0.834944 4.313569
1.666500 0.769932 4.310083
1.634359 0.706612 4.302529
1.600672 0.645224 4.291132
1.565591 0.585976 4.276135
1.529272 0.529047 4.257791
1.491871 0.474579 4.236361
1.453543 0.422689 4.212109
1.414444 0.373460 4.185298
1.374723 0.326947 4.156188
1.334529 0.283180 4.125032
1.294005 0.242163 4.092076
1.253285 0.203880 4.057553
1.212501 0.168294 4.021684
1.171775 0.135350 3.984680
1.131222 0.104980 3.946732
1.090949 0.077103 3.908022
1.051056 0.051628 3.868713
1.011634 0.028454 3.828955
0.972764 0.007476 3.788885
0.934522 -0.011416 3.748622
0.896975 -0.028336 3.708276
0.860181 -0.043397 3.667940
0.824192 -0.056714 3.627700
0.789053 -0.068401 3.587627
0.754800 -0.078571 3.547783
0.721465 -0.087331 3.508221
0.689073 -0.094788 3.468985
0.657642 -0.101045 3.430112
0.597720 -0.110345 3.353567
0.541754 -0.115963 3.278758
0.489734 -0.118557 3.205779
0.441599 -0.118708 3.134667
0.022670 -0.016092 1.885509
0.018195 -0.013487 1.826100
0.001962 -0.003788 1.398616
0.001065 -0.003402 1.340196
0.000351 -0.003192 1.284217
-0.000235 -0.003131 1.230576
-0.000736 -0.003199 1.179176
-0.001291 -0.003448 1.117935
-0.001817 -0.003870 1.059874
-0.002354 -0.004469 1.004830
-0.002938 -0.005259 0.952645
-0.003749 -0.006495 0.893589
-0.004737 -0.008113 0.838197
-0.005968 -0.010207 0.786242
-0.007822 -0.013429 0.729691
-0.010281 -0.017762 0.677222
-0.014115 -0.024580 0.621891
-0.019476 -0.034178 0.571143
-0.028137 -0.049770 0.519131
-0.040875 -0.072819 0.472180
-0.057204 -0.102491 0.434591
-0.076987 -0.138555 0.405035
-0.099502 -0.179697 0.382488
-0.123374 -0.223386 0.366060
-0.153128 -0.277897 0.352352
