3 1861
0.255600 0.403074 1.198605
0.281847 0.446865 1.171473
0.311147 0.495858 1.147571
0.343867 0.550618 1.127360
0.380408 0.611748 1.111422
0.407105 0.656352 1.103522
0.435831 0.704256 1.098099
0.466730 0.755650 1.095451
0.499950 0.810717 1.095921
0.535646 0.869630 1.099903
0.573973 0.932542 1.107845
0.615087 0.999578 1.120259
0.659143 1.070825 1.137721
0.706287 1.146315 1.160880
0.756656 1.226009 1.190459
0.783087 1.267396 1.207901
0.810366 1.309777 1.227254
0.838505 1.353117 1.248627
0.867512 1.397372 1.272136
0.897392 1.442489 1.297901
0.928149 1.488403 1.326043
0.959783 1.535037 1.356688
0.335182 -0.415732 3.308566
0.303333 -0.415625 3.269306
0.243402 -0.414002 3.193241
0.188286 -0.411041 3.120301
0.137707 -0.407303 3.050292
0.091364 -0.403250 2.983025
0.048941 -0.399261 2.918315
0.010117 -0.395647 2.855994
-0.025429 -0.392657 2.795906
-0.058015 -0.390491 2.737917
-0.087946 -0.389310 2.681906
-0.115522 -0.389240 2.627772
-0.141024 -0.390381 2.575427
-0.164723 -0.392811 2.524802
-0.186875 -0.396593 2.475839
-0.207720 -0.401777 2.428492
-0.227484 -0.408406 2.382730
-0.255563 -0.421134 2.317011
-0.282345 -0.437300 2.254781
-0.308430 -0.457009 2.196056
-0.334364 -0.480372 2.140905
-0.360645 -0.507513 2.089443
-0.387734 -0.538571 2.041839
-0.416058 -0.573705 1.998318
-0.446017 -0.613085 1.959168
-0.477990 -0.656892 1.924745
-0.512335 -0.705309 1.895488
-0.549394 -0.758505 1.871922
-0.589490 -0.816623 1.854672
-0.618057 -0.858150 1.847038
-0.648193 -0.901915 1.842781
-0.679972 -0.947906 1.842170
-0.713465 -0.996086 1.845498
-0.748728 -1.046386 1.853084
-0.785809 -1.098695 1.865268
-0.824738 -1.152860 1.882409
-0.865529 -1.208671 1.904884
-0.908171 -1.265851 1.933080
-0.952629 -1.324054 1.967389
-0.998833 -1.382847 2.008195
-1.046680 -1.441708 2.055861
-1.096021 -1.500012 2.110718
-1.146661 -1.557033 2.173037
-1.172392 -1.584805 2.207060
-1.198351 -1.611934 2.243014
-1.224495 -1.638299 2.280907
-1.250780 -1.663773 2.320739
-1.277159 -1.688223 2.362500
-1.303577 -1.711511 2.406169
-1.329979 -1.733495 2.451717
-1.356302 -1.754027 2.499100
-1.382481 -1.772958 2.548261
-1.408447 -1.790136 2.599132
-1.434125 -1.805411 2.651628
-1.459437 -1.818631 2.705650
-1.484302 -1.829647 2.761083
-1.508635 -1.838315 2.817796
-1.532349 -1.844497 2.875643
-1.555352 -1.848060 2.934459
-1.577551 -1.848885 2.994068
-1.598854 -1.846861 3.054275
-1.619163 -1.841893 3.114872
-1.638385 -1.833900 3.175639
-1.622915 -0.944419 4.088995
-1.600600 -0.892633 4.091999
-1.576848 -0.841672 4.091749
-1.551756 -0.791733 4.088365
-1.525427 -0.742993 4.081979
-1.497968 -0.695612 4.072737
-1.469487 -0.649731 4.060794
-1.440095 -0.605472 4.046314
-1.409902 -0.562938 4.029463
-1.379020 -0.522213 4.010412
-1.347559 -0.483361 3.989334
-1.315627 -0.446431 3.966399
-1.283328 -0.411454 3.941776
-1.250768 -0.378445 3.915628
-1.218043 -0.347407 3.888116
-1.185249 -0.318328 3.859391
-1.152476 -0.291183 3.829600
-1.119811 -0.265941 3.798880
-1.087332 -0.242558 3.767361
-1.055116 -0.220983 3.735164
-0.991746 -0.183030 3.669181
-0.930193 -0.151570 3.601728
-0.870867 -0.126042 3.533473
-0.814093 -0.105863 3.464959
-0.760121 -0.090448 3.396621
-0.709130 -0.079231 3.328798
-0.661237 -0.071678 3.261746
-0.616505 -0.067292 3.195655
-0.574950 -0.065621 3.130662
-0.536548 -0.066261 3.066859
-0.501245 -0.068852 3.004304
-0.468960 -0.073082 2.943031
-0.439594 -0.078684 2.883055
-0.413033 -0.085430 2.824378
-0.389152 -0.093130 2.766991
-0.367824 -0.101628 2.710881
-0.348917 -0.110802 2.656031
-0.332299 -0.120554 2.602422
-0.317842 -0.130812 2.550035
-0.305422 -0.141526 2.498853
-0.294922 -0.152665 2.448859
-0.286230 -0.164214 2.400037
-0.276360 -0.182310 2.328977
-0.270018 -0.201385 2.260497
-0.266939 -0.221543 2.194579
-0.266904 -0.242935 2.131223
-0.269741 -0.265746 2.070444
-0.275323 -0.290195 2.012278
-0.283568 -0.316531 1.956783
-0.294438 -0.345025 1.904041
-0.307936 -0.375977 1.854168
-0.324104 -0.409707 1.807313
-0.343024 -0.446559 1.763670
-0.364813 -0.486897 1.723481
-0.389625 -0.531103 1.687052
-0.417645 -0.579572 1.654759
-0.449091 -0.632709 1.627066
-0.484207 -0.690913 1.604538
-0.509789 -0.732720 1.592719
-0.537205 -0.777056 1.583731
-0.566541 -0.824013 1.577838
-0.597885 -0.873670 1.575336
-0.631323 -0.926084 1.576557
-0.666940 -0.981285 1.581867
-0.704813 -1.039269 1.591668
-0.745012 -1.099985 1.606404
-0.787597 -1.163328 1.626553
-0.832607 -1.229128 1.652629
-0.880063 -1.297132 1.685175
-0.929957 -1.366993 1.724759
-0.982244 -1.438253 1.771959
-1.009261 -1.474229 1.798595
-1.036840 -1.510325 1.827350
-1.064963 -1.546444 1.858292
-1.093607 -1.582482 1.891485
-1.122745 -1.618323 1.926990
-1.152347 -1.653840 1.964864
-1.182376 -1.688897 2.005156
-1.212792 -1.723347 2.047908
-1.243549 -1.757031 2.093153
-1.274595 -1.789781 2.140914
-1.305873 -1.821418 2.191203
-1.337319 -1.851752 2.244016
-1.368864 -1.880587 2.299337
-1.400432 -1.907717 2.357131
-1.431940 -1.932929 2.417347
-1.463299 -1.956006 2.479911
-1.494415 -1.976726 2.544731
-1.525185 -1.994867 2.611689
-1.555503 -2.010206 2.680648
-1.585254 -2.022527 2.751440
-1.614321 -2.031616 2.823878
-1.642580 -2.037271 2.897745
-1.669905 -2.039303 2.972801
-1.696163 -2.037539 3.048780
-1.721224 -2.031824 3.125392
-1.744953 -2.022028 3.202327
-1.767217 -2.008047 3.279253
-1.729706 -0.925985 4.300561
-1.702048 -0.859894 4.302940
-1.672530 -0.795094 4.301033
-1.641287 -0.731863 4.295033
-1.608464 -0.670448 4.285157
-1.574211 -0.611065 4.271636
-1.538678 -0.553900 4.254716
-1.502019 -0.499108 4.234649
-1.464388 -0.446812 4.211693
-1.425938 -0.397107 4.186107
-1.386819 -0.350058 4.158148
-1.347178 -0.305704 4.128068
-1.307157 -0.264060 4.096109
-1.266892 -0.225118 4.062506
-1.226515 -0.188849 4.027482
-1.186148 -0.155207 3.991247
-1.145909 -0.124130 3.953997
-1.105906 -0.095545 3.915915
-1.066240 -0.069366 3.877168
-1.027005 -0.045498 3.837910
-0.988284 -0.023839 3.798280
-0.950155 -0.004285 3.758404
-0.912686 0.013276 3.718393
-0.875940 0.028954 3.678346
-0.839970 0.042863 3.638350
-0.804822 0.055114 3.598483
-0.770536 0.065817 3.558809
-0.737147 0.075081 3.519384
-0.704680 0.083012 3.480256
-0.673158 0.089711 3.441465
-0.613006 0.099804 3.365017
-0.556763 0.106095 3.290231
-0.504435 0.109245 3.217217
-0.455970 0.109844 3.146028
-0.411273 0.108405 3.076672
-0.370214 0.105375 3.009127
-0.332635 0.101135 2.943350
-0.298361 0.096006 2.879285
-0.267205 0.090258 2.816870
-0.238970 0.084112 2.756038
-0.213460 0.077749 2.696725
-0.190476 0.071314 2.638866
-0.169826 0.064920 2.582402
-0.151323 0.058654 2.527276
-0.134786 0.052583 2.473436
-0.120047 0.046752 2.420834
-0.106943 0.041193 2.369426
-0.095324 0.035925 2.319171
-0.085050 0.030956 2.270031
-0.071879 0.024061 2.198340
-0.061049 0.017812 2.128977
-0.052214 0.012160 2.061850
-0.045076 0.007046 1.996872
-0.039377 0.002397 1.933965
-0.034899 -0.001860 1.873057
-0.031457 -0.005801 1.814079
-0.028900 -0.009500 1.756969
-0.027100 -0.013029 1.701666
-0.025954 -0.016459 1.648111
-0.025380 -0.019858 1.596249
-0.025313 -0.023293 1.546029
-0.025933 -0.028041 1.481533
-0.027293 -0.033119 1.419751
-0.029354 -0.038686 1.360574
-0.032109 -0.044902 1.303902
-0.035580 -0.051945 1.249641
-0.039820 -0.060007 1.197704
-0.044905 -0.069306 1.148014
-0.052614 -0.083051 1.088960
-0.062086 -0.099694 1.033206
-0.073675 -0.119928 0.980686
-0.087834 -0.144604 0.931389
-0.105129 -0.174765 0.885375
-0.126266 -0.211691 0.842815
0.448215 0.654817 2.564640
0.483648 0.672765 2.512643
0.517670 0.694721 2.465354
0.550957 0.720653 2.422881
0.584105 0.750507 2.385403
0.617635 0.784205 2.353160
0.651994 0.821646 2.326455
0.687568 0.862695 2.305647
0.724674 0.907169 2.291150
0.763570 0.954827 2.283427
0.804445 1.005349 2.282983
0.582202 0.485539 2.546200
0.581155 0.512878 2.492995
0.583941 0.542733 2.443058
0.590455 0.575149 2.396622
0.600613 0.610198 2.353952
0.614348 0.647965 2.315342
0.631617 0.688540 2.281126
0.652388 0.732007 2.251679
0.676646 0.778427 2.227427
0.704382 0.827828 2.208843
0.735589 0.880182 2.196455
0.770250 0.935391 2.190842
0.808336 0.993258 2.192631
0.849783 1.053468 2.202489
0.879232 1.094685 2.213882
0.910084 1.136559 2.229372
0.575235 0.348284 2.757384
0.556503 0.365639 2.689305
0.542313 0.385572 2.623778
0.532478 0.407942 2.560954
0.526814 0.432678 2.500984
0.525157 0.459773 2.444028
0.527361 0.489269 2.390263
0.533307 0.521252 2.339889
0.542902 0.555837 2.293132
0.556080 0.593162 2.250257
0.572801 0.633379 2.211567
0.593049 0.676638 2.177413
0.616831 0.723084 2.148200
0.644168 0.772833 2.124392
0.675093 0.825966 2.106518
0.709642 0.882502 2.095174
0.747842 0.942378 2.091026
0.789705 1.005424 2.094803
0.819640 1.049069 2.102113
0.851175 1.093854 2.113540
0.884283 1.139606 2.129335
0.918917 1.186108 2.149748
0.955014 1.233092 2.175027
0.650522 0.240346 3.050707
0.621806 0.242745 2.995882
0.595593 0.246993 2.941928
0.571846 0.252890 2.888917
0.550512 0.260266 2.836906
0.531530 0.268974 2.785943
0.514830 0.278894 2.736065
0.500340 0.289930 2.687306
0.487985 0.302004 2.639695
0.473290 0.321948 2.570488
0.462985 0.343992 2.504013
0.456843 0.368100 2.440365
0.454661 0.394299 2.379651
0.456269 0.422673 2.321996
0.461527 0.453348 2.267547
0.470333 0.486491 2.216483
0.482618 0.522293 2.169016
0.498347 0.560967 2.125400
0.517519 0.602740 2.085937
0.540161 0.647839 2.050985
0.566327 0.696484 2.020965
0.596093 0.748875 1.996370
0.629549 0.805174 1.977773
0.666792 0.865485 1.965832
0.693773 0.907938 1.961937
0.722504 0.952168 1.961577
0.753006 0.998127 1.965016
0.785293 1.045739 1.972536
0.819368 1.094885 1.984430
0.855222 1.145406 2.001009
0.892830 1.197090 2.022589
0.932149 1.249666 2.049489
0.973112 1.302800 2.082025
1.015623 1.356085 2.120495
1.059556 1.409037 2.165175
0.759951 0.166113 3.319444
0.715776 0.157664 3.256811
0.674398 0.152384 3.194772
0.635861 0.149884 3.133499
0.600178 0.149810 3.073121
0.567328 0.151843 3.013735
0.537267 0.155704 2.955409
0.509930 0.161147 2.898192
0.485238 0.167963 2.842116
0.463100 0.175977 2.787203
0.443420 0.185043 2.733467
0.426095 0.195042 2.680916
0.411022 0.205884 2.629554
0.398100 0.217500 2.579385
0.387229 0.229842 2.530411
0.378314 0.242880 2.482636
0.368415 0.263718 2.413233
0.362441 0.286114 2.346563
0.360157 0.310147 2.282668
0.361365 0.335949 2.221607
0.365911 0.363692 2.163462
0.373683 0.393590 2.108339
0.384612 0.425885 2.056378
0.398669 0.460844 2.007755
0.415865 0.498757 1.962687
0.436249 0.539930 1.921444
0.459904 0.584679 1.884353
0.486946 0.633322 1.851812
0.517516 0.686171 1.824298
0.551783 0.743518 1.802379
0.589929 0.805616 1.786729
0.617608 0.849754 1.780163
0.647154 0.896127 1.776996
0.678620 0.944749 1.777519
0.712057 0.995606 1.782049
0.747508 1.048646 1.790930
0.785008 1.103778 1.804533
0.824577 1.160858 1.823249
0.866220 1.219681 1.847493
0.909919 1.279972 1.877690
0.955630 1.341376 1.914274
1.003278 1.403445 1.957672
1.052748 1.465629 2.008295
1.103883 1.527268 2.066515
1.130010 1.557643 2.098575
1.156471 1.587581 2.132647
1.183229 1.616965 2.168756
1.210245 1.645671 2.206922
0.870831 0.089091 3.567198
0.810737 0.067555 3.495988
0.753594 0.051092 3.425072
0.699595 0.039076 3.354805
0.648864 0.030912 3.285453
0.601465 0.026054 3.217206
0.557410 0.024004 3.150195
0.516670 0.024315 3.084505
0.479181 0.026595 3.020184
0.444850 0.030503 2.957253
0.413565 0.035743 2.895715
0.385198 0.042068 2.835559
0.359610 0.049271 2.776765
0.336658 0.057180 2.719307
0.316195 0.065658 2.663157
0.298074 0.074599 2.608285
0.282153 0.083921 2.554663
0.268293 0.093565 2.502261
0.256363 0.103492 2.451054
0.246237 0.113681 2.401018
0.237801 0.124126 2.352131
0.228081 0.140287 2.280913
0.221599 0.157104 2.212184
0.218082 0.174690 2.145902
0.217305 0.193194 2.082040
0.219086 0.212797 2.020584
0.223294 0.233705 1.961537
0.229839 0.256153 1.904918
0.238673 0.280396 1.850766
0.249787 0.306713 1.799142
0.263214 0.335406 1.750135
0.279021 0.366800 1.703866
0.297313 0.401246 1.660491
0.318228 0.439118 1.620218
0.341942 0.480815 1.583306
0.368661 0.526757 1.550082
0.398626 0.577384 1.520955
0.432107 0.633149 1.496428
0.469404 0.694505 1.477120
0.496547 0.738733 1.467513
0.525630 0.785764 1.460818
0.556756 0.835708 1.457331
0.590029 0.888660 1.457383
0.625553 0.944692 1.461347
0.663429 1.003844 1.469639
0.703751 1.066117 1.482719
0.746606 1.131463 1.501090
0.792065 1.199770 1.525304
0.840180 1.270848 1.555954
0.890982 1.344412 1.593670
0.917390 1.382008 1.615384
0.944465 1.420066 1.639113
0.972200 1.458518 1.664942
1.000585 1.497282 1.692956
1.029606 1.536269 1.723239
1.059248 1.575379 1.755873
1.089487 1.614498 1.790937
1.120299 1.653505 1.828508
1.151653 1.692262 1.868656
1.183513 1.730621 1.911447
1.215838 1.768420 1.956936
1.248580 1.805486 2.005173
1.281686 1.841631 2.056193
1.315095 1.876655 2.110020
1.348742 1.910345 2.166665
1.382550 1.942480 2.226119
0.956460 -0.063226 3.822053
0.915669 -0.082418 3.779362
0.875662 -0.099506 3.736707
0.836500 -0.114622 3.694186
0.798235 -0.127899 3.651883
0.760913 -0.139465 3.609869
0.724569 -0.149448 3.568205
0.689236 -0.157972 3.526940
0.654935 -0.165154 3.486116
0.621684 -0.171110 3.445764
0.589494 -0.175948 3.405912
0.558372 -0.179772 3.366576
0.499334 -0.184762 3.289505
0.444532 -0.186797 3.214606
0.393872 -0.186506 3.141877
0.347215 -0.184431 3.071278
0.304391 -0.181040 3.002742
0.265203 -0.176726 2.936189
0.229437 -0.171818 2.871529
0.196870 -0.166592 2.808673
0.167273 -0.161271 2.747531
0.140419 -0.156037 2.688018
0.116082 -0.151036 2.630056
0.094042 -0.146383 2.573570
0.074089 -0.142167 2.518494
0.056019 -0.138457 2.464768
0.039641 -0.135303 2.412336
0.024775 -0.132744 2.361150
0.011249 -0.130805 2.311165
-0.001093 -0.129504 2.262342
-0.017711 -0.128776 2.191209
-0.032453 -0.129537 2.122503
-0.045726 -0.131800 2.056135
-0.057893 -0.135581 1.992025
-0.069275 -0.140898 1.930108
-0.080164 -0.147785 1.870326
-0.090821 -0.156286 1.812632
-0.101487 -0.166470 1.756989
-0.112385 -0.178423 1.703371
-0.123724 -0.192256 1.651760
-0.135708 -0.208109 1.602155
-0.148537 -0.226148 1.554567
-0.162412 -0.246571 1.509024
-0.177538 -0.269607 1.465578
-0.194130 -0.295521 1.424304
-0.212416 -0.324616 1.385307
-0.232639 -0.357233 1.348732
-0.255062 -0.393755 1.314768
-0.279970 -0.434607 1.283661
-0.307675 -0.480255 1.255729
-0.338516 -0.531206 1.231372
-0.372862 -0.588004 1.211096
-0.411114 -0.651220 1.195535
-0.438995 -0.697218 1.188160
-0.468937 -0.746500 1.183505
-0.501078 -0.799235 1.181886
-0.535560 -0.855578 1.183668
-0.572530 -0.915668 1.189266
-0.612130 -0.979619 1.199149
-0.654504 -1.047509 1.213847
-0.699788 -1.119366 1.233954
-0.748106 -1.195157 1.260130
-0.799568 -1.274764 1.293101
-0.826505 -1.315934 1.312381
-0.854259 -1.357966 1.333661
-0.882835 -1.400812 1.357051
-0.912235 -1.444415 1.382661
-0.942461 -1.488705 1.410605
-0.973508 -1.533604 1.441000
-1.005370 -1.579019 1.473963
-1.038037 -1.624844 1.509609
-1.071491 -1.670958 1.548057
-0.581986 0.343883 3.548982
-0.543563 0.349413 3.505215
-0.506424 0.353750 3.462241
-0.470572 0.357024 3.420068
-0.435999 0.359359 3.378694
-0.402696 0.360869 3.338116
-0.370648 0.361660 3.298322
-0.310235 0.361476 3.221038
-0.254567 0.359508 3.146713
-0.203410 0.356350 3.075193
-0.156500 0.352499 3.006316
-0.113551 0.348369 2.939919
-0.074268 0.344299 2.875845
-0.038351 0.340566 2.813948
-0.005501 0.337394 2.754095
0.024575 0.334962 2.696168
0.052163 0.333414 2.640063
0.077537 0.332863 2.585689
0.100960 0.333400 2.532969
0.122680 0.335095 2.481837
0.142935 0.338006 2.432241
0.161944 0.342178 2.384136
0.179918 0.347650 2.337490
0.205363 0.358368 2.270204
0.229526 0.372192 2.206098
0.252961 0.389227 2.145164
0.276176 0.409588 2.087433
0.299635 0.433406 2.032978
0.323769 0.460836 1.981913
0.348983 0.492056 1.934398
0.375658 0.527269 1.890648
0.404163 0.566698 1.850935
0.434854 0.610587 1.815603
0.468079 0.659191 1.785075
0.504180 0.712763 1.759864
0.543493 0.771543 1.740589
0.571648 0.813726 1.731396
0.601469 0.858361 1.725416
0.633046 0.905480 1.722928
0.666465 0.955087 1.724238
0.701801 1.007163 1.729682
0.739123 1.061651 1.739627
0.778488 1.118448 1.754467
0.819935 1.177401 1.774624
0.863485 1.238291 1.800543
0.932739 1.332592 1.851236
0.981467 1.396845 1.893592
1.032144 1.461599 1.943336
1.084636 1.526202 2.000898
1.250833 1.710683 2.223911
0.903766 0.069335 3.634600
0.839204 0.043615 3.560928
0.777598 0.023615 3.487441
0.719192 0.008632 3.414567
0.664155 -0.002002 3.342625
0.612582 -0.008910 3.271844
0.564509 -0.012662 3.202380
0.519923 -0.013771 3.134334
0.478768 -0.012690 3.067759
0.440956 -0.009816 3.002680
0.406371 -0.005494 2.939096
0.374880 -0.000014 2.876989
0.346337 0.006378 2.816333
0.320585 0.013477 2.757092
0.297464 0.021118 2.699228
0.276815 0.029169 2.642703
0.258477 0.037524 2.587478
0.242297 0.046108 2.533514
0.228127 0.054864 2.480777
0.215825 0.063754 2.429234
0.205258 0.072759 2.378854
0.196303 0.081872 2.329609
0.185646 0.095759 2.257816
0.178015 0.109962 2.188446
0.173117 0.124580 2.121436
0.170704 0.139745 2.056735
0.170577 0.155616 1.994302
0.172580 0.172372 1.934108
0.176601 0.190215 1.876138
0.182567 0.209364 1.820386
0.190442 0.230058 1.766864
0.200228 0.252554 1.715600
0.211962 0.277133 1.666643
0.225713 0.304095 1.620066
0.241584 0.333769 1.575971
0.259709 0.366507 1.534496
0.280257 0.402692 1.495822
0.303427 0.442737 1.460181
0.329454 0.487082 1.427871
0.358603 0.536197 1.399266
0.391172 0.590577 1.374834
0.427491 0.650731 1.355154
0.453964 0.694296 1.345023
0.482376 0.740804 1.337570
0.512843 0.790399 1.333081
0.545487 0.843212 1.331882
0.580429 0.899358 1.334341
0.617791 0.958926 1.340872
0.657691 1.021977 1.351940
0.700242 1.088523 1.368062
0.745549 1.158523 1.389811
0.793699 1.231865 1.417814
0.844760 1.308347 1.452749
0.871396 1.347674 1.473041
0.898772 1.387660 1.495342
0.926888 1.428246 1.519747
0.955740 1.469363 1.546356
0.985321 1.510931 1.575266
1.015622 1.552861 1.606576
1.046627 1.595049 1.640385
1.078319 1.637380 1.676788
1.110674 1.679726 1.715880
1.143663 1.721943 1.757749
1.177252 1.763875 1.802478
1.211401 1.805349 1.850143
1.246064 1.846176 1.900812
1.281186 1.886154 1.954540
1.316707 1.925063 2.011370
0.801412 -0.201255 3.717088
0.760635 -0.214104 3.672566
0.720919 -0.225178 3.628500
0.682299 -0.234621 3.584947
0.644803 -0.242573 3.541949
0.608451 -0.249166 3.499541
0.573256 -0.254529 3.457748
0.539225 -0.258780 3.416588
0.506360 -0.262033 3.376072
0.474658 -0.264397 3.336207
0.414707 -0.266845 3.258428
0.359263 -0.266849 3.183217
0.308168 -0.265029 3.110500
0.261223 -0.261918 3.040175
0.218202 -0.257963 2.972125
0.178862 -0.253538 2.906231
0.142946 -0.248952 2.842373
0.110193 -0.244459 2.780435
0.080343 -0.240265 2.720312
0.053138 -0.236535 2.661905
0.028328 -0.233402 2.605126
0.005671 -0.230969 2.549895
-0.015063 -0.229318 2.496143
-0.034095 -0.228513 2.443809
-0.051633 -0.228604 2.392839
-0.067871 -0.229628 2.343188
-0.082995 -0.231616 2.294815
-0.103962 -0.236463 2.224582
-0.123339 -0.243613 2.157062
-0.141609 -0.253135 2.092191
-0.159209 -0.265108 2.029927
-0.176541 -0.279625 1.970250
-0.193971 -0.296800 1.913166
-0.211842 -0.316771 1.858703
-0.230478 -0.339708 1.806916
-0.250191 -0.365809 1.757893
-0.271283 -0.395308 1.711756
-0.294058 -0.428472 1.668672
-0.318820 -0.465604 1.628856
-0.345881 -0.507038 1.592585
-0.375564 -0.553137 1.560207
-0.408203 -0.604289 1.532155
-0.444145 -0.660897 1.508968
-0.470120 -0.701868 1.496531
-0.497833 -0.745561 1.486773
-0.527397 -0.792086 1.479955
-0.558923 -0.841542 1.476369
-0.592522 -0.894012 1.476346
-0.628305 -0.949557 1.480254
-0.666377 -1.008207 1.488507
-0.706834 -1.069953 1.501558
-0.749765 -1.134736 1.519907
-0.795243 -1.202435 1.544098
-0.843320 -1.272849 1.574714
-0.894025 -1.345688 1.612375
-0.920362 -1.382894 1.634049
-0.947351 -1.420545 1.657728
-0.974985 -1.458570 1.683496
-1.003253 -1.496888 1.711434
-1.032142 -1.535409 1.741625
-1.061634 -1.574031 1.774148
-1.091708 -1.612644 1.809079
-1.122338 -1.651124 1.846493
-1.153492 -1.689335 1.886458
-1.185136 -1.727129 1.929035
-1.217226 -1.764346 1.974278
-1.249717 -1.800814 2.022232
-1.282555 -1.836347 2.072931
-1.315678 -1.870746 2.126395
-1.349022 -1.903804 2.182632
-1.382510 -1.935300 2.241630
-1.416064 -1.965003 2.303362
-1.449592 -1.992674 2.367777
-1.483001 -2.018068 2.434804
-1.516186 -2.040934 2.504348
-1.549037 -2.061017 2.576286
-1.581436 -2.078065 2.650470
-1.613257 -2.091828 2.726721
-1.644372 -2.102060 2.804833
-1.674642 -2.108528 2.884569
-1.703927 -2.111012 2.965661
-1.732081 -2.109310 3.047814
-1.625537 -0.617369 4.354945
-1.588139 -0.554237 4.338227
-1.549425 -0.493698 4.317948
-1.509567 -0.435904 4.294403
-1.468735 -0.380974 4.267890
-1.427099 -0.328991 4.238705
-1.384824 -0.280006 4.207139
-1.342072 -0.234043 4.173474
-1.298995 -0.191095 4.137982
-1.255744 -0.151133 4.100920
-1.212456 -0.114107 4.062530
-1.169265 -0.079948 4.023041
-1.126294 -0.048570 3.982662
-1.083657 -0.019876 3.941586
-1.041460 0.006244 3.899987
-0.999798 0.029906 3.858026
-0.958758 0.051232 3.815844
-0.918418 0.070350 3.773566
-0.878847 0.087387 3.731305
-0.840106 0.102474 3.689157
-0.802247 0.115738 3.647205
-0.765315 0.127309 3.605522
-0.729346 0.137308 3.564167
-0.694370 0.145858 3.523192
-0.660412 0.153074 3.482638
-0.627489 0.159070 3.442537
-0.595613 0.163951 3.402916
-0.535023 0.170772 3.325187
-0.478642 0.174288 3.249548
-0.426409 0.175160 3.176030
-0.378211 0.173967 3.104615
-0.333897 0.171206 3.035255
-0.293288 0.167303 2.967882
-0.256183 0.162615 2.902415
-0.222368 0.157440 2.838768
-0.191622 0.152025 2.776854
-0.163720 0.146570 2.716590
-0.138441 0.141238 2.657897
-0.115565 0.136157 2.600699
-0.094881 0.131427 2.544929
-0.076186 0.127127 2.490524
-0.059287 0.123313 2.437428
-0.044000 0.120029 2.385590
-0.030153 0.117304 2.334963
-0.017585 0.115160 2.285506
-0.000806 0.113058 2.213432
0.013892 0.112312 2.143794
0.026922 0.112931 2.076494
0.038649 0.114918 2.011447
0.049398 0.118276 1.948578
0.059459 0.123019 1.887821
0.069091 0.129171 1.829122
0.078528 0.136771 1.772429
0.087982 0.145878 1.717704
0.097653 0.156571 1.664913
0.107729 0.168951 1.614033
0.118390 0.183145 1.565052
0.129816 0.199304 1.517970
0.142186 0.217610 1.472799
0.160472 0.245729 1.415603
0.181233 0.278639 1.361995
0.198732 0.306889 1.324272
0.218141 0.338576 1.288820
0.239716 0.374086 1.255813
1.008998 1.599276 1.430193
0.400315 -0.397172 3.370482
-0.564185 -0.786815 1.823432
-1.667985 -1.851559 3.228169
-1.661026 -1.000806 4.111640
-1.021265 -0.178154 3.719219
-0.956836 -0.142819 3.650581
-0.894534 -0.113914 3.580908
-0.834737 -0.090823 3.510820
-0.777736 -0.072920 3.440812
-0.237800 -0.201000 2.143377
-0.238314 -0.221163 2.080543
-0.241470 -0.242633 2.020188
-0.247155 -0.265634 1.962335
-0.255297 -0.290415 1.907025
-0.265866 -0.317251 1.854325
-1.752868 -2.078323 3.147729
-1.680939 -0.749736 4.351094
-1.647265 -0.683906 4.342302
-0.573458 0.146909 3.355303
-0.516155 0.151992 3.279402
-0.462946 0.154127 3.205510
0.017989 0.081119 1.965074
0.026571 0.082645 1.903358
0.034451 0.085239 1.843653
0.041847 0.088903 1.785899
0.048954 0.093648 1.730041
0.055946 0.099502 1.676027
0.062983 0.106511 1.623813
0.070213 0.114734 1.573359
0.077777 0.124253 1.524630
0.088620 0.139138 1.462298
0.100622 0.156807 1.402945
0.114117 0.177639 1.346558
0.129460 0.202094 1.293163
0.147040 0.230729 1.242836
0.167290 0.264210 1.195717
0.190706 0.303319 1.152032
0.217852 0.348976 1.112124
0.241046 0.388148 1.084960
0.267012 0.432104 1.060476
0.296092 0.481400 1.039032
0.328668 0.536640 1.021091
0.365158 0.598475 1.007236
0.391883 0.643699 1.000627
0.420696 0.692367 0.996422
0.451750 0.744688 0.994924
0.485203 0.800868 0.996486
0.521221 0.861103 1.001514
0.559972 0.925574 1.010474
0.601628 0.994434 1.023896
0.646357 1.067799 1.042386
0.694324 1.145730 1.066626
0.719570 1.186408 1.081138
0.161291 -0.472786 3.157730
0.107344 -0.468951 3.087149
0.057900 -0.464825 3.019595
0.012618 -0.460821 2.954853
-0.028846 -0.457272 2.892726
-0.066841 -0.454447 2.833036
-0.101706 -0.452560 2.775629
-0.133772 -0.451781 2.720368
-0.163358 -0.452244 2.667140
-0.190771 -0.454054 2.615850
-0.216298 -0.457291 2.566422
-0.240215 -0.462020 2.518795
-0.262779 -0.468291 2.472925
-0.294613 -0.480676 2.407350
-0.324696 -0.496733 2.345614
-0.353710 -0.516556 2.287729
-0.382269 -0.540233 2.233765
-0.410931 -0.567856 2.183852
-0.440204 -0.599523 2.138175
-0.470548 -0.635339 2.096982
-0.502390 -0.675411 2.060588
-0.536119 -0.719845 2.029378
-0.572093 -0.768731 2.003817
-0.610642 -0.822131 1.984453
-0.652061 -0.880061 1.971926
-0.681398 -0.921171 1.967732
-0.712195 -0.964227 1.967143
-0.744507 -1.009161 1.970418
-0.778379 -1.055877 1.977836
-0.813844 -1.104237 1.989688
-0.850916 -1.154065 2.006281
-0.889592 -1.205132 2.027928
-0.929844 -1.257152 2.054945
-0.971621 -1.309774 2.087643
-1.014841 -1.362579 2.126319
-1.059386 -1.415068 2.171241
-1.105102 -1.466661 2.222637
-1.151791 -1.516696 2.280680
-1.199208 -1.564425 2.345460
-1.247056 -1.609025 2.416976
-1.294988 -1.649600 2.495102
-1.318861 -1.668084 2.536566
-1.342599 -1.685202 2.579571
-1.366144 -1.700833 2.624057
-1.389432 -1.714851 2.669954
-1.412399 -1.727135 2.717180
-1.434977 -1.737562 2.765640
-1.457095 -1.746015 2.815227
-1.478679 -1.752380 2.865822
-1.499653 -1.756550 2.917292
-1.519941 -1.758423 2.969495
-1.464297 -0.738744 3.977127
-1.413262 -0.658324 3.955806
-1.359299 -0.583476 3.925934
-1.303153 -0.514772 3.888602
-1.245550 -0.452565 3.844910
-1.187185 -0.397001 3.795927
-1.128700 -0.348056 3.742660
-1.070684 -0.305559 3.686032
-1.013657 -0.269227 3.626870
-0.958071 -0.238694 3.565896
-0.904308 -0.213540 3.503730
-0.852683 -0.193311 3.440893
-0.803446 -0.177543 3.377817
-0.756784 -0.165776 3.314850
-0.712835 -0.157567 3.252273
-0.671683 -0.152498 3.190303
-0.633374 -0.150182 3.129108
-0.597916 -0.150267 3.068816
-0.565287 -0.152439 3.009520
-0.535440 -0.156419 2.951286
-0.508312 -0.161966 2.894164
-0.483821 -0.168874 2.838184
-0.461876 -0.176969 2.783368
-0.442380 -0.186106 2.729730
-0.425232 -0.196172 2.677276
-0.410328 -0.207075 2.626011
-0.397567 -0.218749 2.575940
-0.386850 -0.231147 2.527064
-0.378082 -0.244241 2.479387
-0.368391 -0.265165 2.410131
-0.362614 -0.287652 2.343612
-0.360516 -0.311784 2.279871
-0.361902 -0.337693 2.218968
-0.366622 -0.365557 2.160987
-0.374564 -0.395589 2.106037
-0.385662 -0.428032 2.054259
-0.399890 -0.463155 2.005830
-0.417260 -0.501250 1.960973
-0.437823 -0.542621 1.919958
-0.461663 -0.587585 1.883119
-0.488898 -0.636460 1.850855
-0.519671 -0.689556 1.823650
-0.592519 -0.809533 1.786817
-0.620354 -0.853854 1.780539
-0.650058 -0.900411 1.777683
-0.681687 -0.949215 1.778544
-0.715290 -1.000248 1.783442
-0.750910 -1.053456 1.792721
-0.788579 -1.108743 1.806754
-0.828318 -1.165959 1.825936
-0.870129 -1.224895 1.850680
-0.913991 -1.285268 1.881413
-0.959859 -1.346716 1.918568
-1.007653 -1.408781 1.962572
-1.057256 -1.470906 2.013830
-1.108504 -1.532418 2.072712
-1.134680 -1.562703 2.105110
-1.161183 -1.592530 2.139524
-1.187976 -1.621781 2.175977
-1.215019 -1.650331 2.214488
-1.242268 -1.678047 2.255065
-1.269674 -1.704792 2.297709
-1.297185 -1.730417 2.342410
-1.324741 -1.754773 2.389146
-1.352282 -1.777701 2.437882
-1.379738 -1.799041 2.488571
-1.407040 -1.818629 2.541151
-1.434109 -1.836298 2.595544
-1.460865 -1.851882 2.651656
-1.487223 -1.865215 2.709376
-1.513094 -1.876135 2.768575
-1.538384 -1.884484 2.829107
-1.562996 -1.890111 2.890807
-1.586833 -1.892875 2.953493
-1.609792 -1.892645 3.016965
-1.631770 -1.889306 3.081006
-1.652664 -1.882756 3.145384
-1.690784 -1.859715 3.274151
-1.632251 -0.902937 4.140932
-1.607642 -0.848519 4.141447
-1.581574 -0.795171 4.138568
-1.554155 -0.743095 4.132440
-1.525500 -0.692470 4.123223
-1.495727 -0.643452 4.111088
-1.464954 -0.596180 4.096215
-1.433303 -0.550768 4.078789
-1.400894 -0.507308 4.058998
-1.367845 -0.465874 4.037034
-1.334274 -0.426519 4.013085
-1.300297 -0.389277 3.987336
-1.266025 -0.354165 3.959971
-1.231565 -0.321182 3.931163
-1.197019 -0.290316 3.901081
-1.162487 -0.261538 3.869885
-1.128061 -0.234811 3.837727
-0.721763 -0.044082 3.383581
-0.669700 -0.034394 3.313851
-0.620946 -0.028232 3.245154
-0.575535 -0.025076 3.177642
-0.533453 -0.024460 3.111419
-0.494651 -0.025970 3.046547
-0.459046 -0.029242 2.983058
-0.426534 -0.033965 2.920962
-0.396994 -0.039872 2.860252
-0.370290 -0.046738 2.800912
-0.346281 -0.054379 2.742918
-0.324821 -0.062643 2.686244
-0.305763 -0.071413 2.630859
-0.288963 -0.080596 2.576735
-0.274281 -0.090125 2.523844
-0.261582 -0.099953 2.472157
-0.250739 -0.110051 2.421651
-0.241632 -0.120408 2.372303
-0.230987 -0.136433 2.300408
-0.223667 -0.153096 2.231016
0.170984 0.259737 1.475354
0.186964 0.284537 1.433418
0.204555 0.312399 1.393707
0.223992 0.343649 1.356348
0.245531 0.378657 1.321514
0.269449 0.417832 1.289428
0.296046 0.461627 1.260377
0.325652 0.510537 1.234730
0.358625 0.565093 1.212951
0.395353 0.625861 1.195621
0.422131 0.670111 1.186891
0.450897 0.717557 1.180714
0.481785 0.768368 1.177386
0.514939 0.822711 1.177244
0.550502 0.880735 1.180675
0.588620 0.942572 1.188116
0.629437 1.008322 1.200065
0.673095 1.078045 1.217081
0.719726 1.151746 1.239786
0.769449 1.229358 1.268874
0.795504 1.269586 1.286045
0.822367 1.310724 1.305101
0.850048 1.352734 1.326147
0.878553 1.395570 1.349291
0.907886 1.439176 1.374644
0.938046 1.483485 1.402321
0.969032 1.528418 1.432438
1.033453 1.619783 1.500461
1.066861 1.665991 1.538603
1.101043 1.712375 1.579653
1.135973 1.758785 1.623723
0.472872 -0.359883 3.425631
0.438079 -0.362302 3.384133
0.372302 -0.364738 3.303528
0.311486 -0.364648 3.226035
0.255439 -0.362745 3.151523
0.203928 -0.359627 3.079840
0.156687 -0.355800 3.010821
0.113431 -0.351681 2.944300
0.073865 -0.347613 2.880119
0.037687 -0.343878 2.818132
0.004596 -0.340702 2.758204
-0.025702 -0.338266 2.700214
-0.053495 -0.336718 2.644057
-0.079058 -0.336170 2.589642
-0.102656 -0.336716 2.536891
-0.124539 -0.338426 2.485737
-0.144945 -0.341359 2.436127
-0.164098 -0.345561 2.388017
-0.182206 -0.351070 2.341373
-0.207841 -0.361861 2.274106
-0.232182 -0.375777 2.210036
-0.255790 -0.392923 2.149158
-0.279173 -0.413415 2.091504
-0.302799 -0.437383 2.037147
-0.327103 -0.464982 1.986204
-0.352490 -0.496388 1.938840
-0.379344 -0.531803 1.895271
-0.408035 -0.571448 1.855775
-0.438919 -0.615565 1.820699
-0.472346 -0.664403 1.790472
-0.508657 -0.718212 1.765614
-0.548186 -0.777224 1.746748
-0.576488 -0.819554 1.737862
-0.606457 -0.864329 1.732219
-0.638183 -0.911572 1.730099
-0.689246 -0.987065 1.734208
-0.725710 -1.040428 1.742308
-0.764184 -1.096125 1.755139
-0.804714 -1.154022 1.773107
-0.847327 -1.213927 1.796647
-0.892029 -1.275575 1.826209
-0.938799 -1.338621 1.862256
-0.987582 -1.402625 1.905253
-1.038285 -1.467041 1.955651
-1.090767 -1.531208 2.013873
-1.613217 -1.929477 2.975090
-1.636762 -1.928051 3.041749
-1.659244 -1.923290 3.108934
-1.680554 -1.915090 3.176388
-1.700579 -1.903370 3.243842
-1.719211 -1.888070 3.311014
-1.706504 -1.038135 4.165129
-1.684969 -0.979287 4.174535
-1.661643 -0.921009 4.180061
-1.636627 -0.863563 4.181818
-1.610030 -0.807192 4.179938
-1.581968 -0.752117 4.174576
-1.552562 -0.698539 4.165900
-1.521935 -0.646633 4.154092
-1.104680 -0.187503 3.840406
-1.069248 -0.163420 3.805631
-1.034168 -0.141338 3.770270
-0.999514 -0.121179 3.734446
-0.965354 -0.102864 3.698268
-0.931749 -0.086308 3.661837
-0.898755 -0.071424 3.625244
-0.866421 -0.058124 3.588568
-0.803902 -0.035920 3.515250
-0.744471 -0.018994 3.442361
-0.688327 -0.006667 3.370261
-0.635593 0.001695 3.299215
-0.586331 0.006682 3.229409
-0.540547 0.008823 3.160965
-0.498204 0.008593 3.093958
-0.459227 0.006410 3.028424
-0.423512 0.002635 2.964374
-0.390936 -0.002421 2.901798
-0.361358 -0.008495 2.840674
-0.334627 -0.015369 2.780971
-0.310587 -0.022862 2.722655
-0.289078 -0.030831 2.665687
-0.269943 -0.039159 2.610029
-0.253027 -0.047762 2.555645
-0.238179 -0.056573 2.502499
-0.225259 -0.065550 2.450559
-0.214130 -0.074667 2.399793
-0.204667 -0.083911 2.350173
-0.196753 -0.093285 2.301675
-0.187554 -0.107617 2.230979
-0.181281 -0.122348 2.162686
-0.177661 -0.137595 2.096742
-0.176471 -0.153503 2.033102
-0.177533 -0.170244 1.971735
-0.180714 -0.188013 1.912619
-0.185920 -0.207021 1.855749
-0.193099 -0.227504 1.801131
-0.202235 -0.249712 1.748790
-0.213350 -0.273921 1.698771
-0.226498 -0.300427 1.651141
-0.241768 -0.329549 1.605996
-0.259283 -0.361634 1.563466
-0.279197 -0.397055 1.523721
-0.301699 -0.436216 1.486983
-0.327009 -0.479546 1.453533
-0.355382 -0.527506 1.423728
-0.387102 -0.580578 1.398011
-0.422489 -0.639262 1.376937
-0.448287 -0.681753 1.365796
-0.475978 -0.727110 1.357256
-0.505674 -0.775476 1.351591
-0.537495 -0.826983 1.349109
-0.571558 -0.881748 1.350161
-0.607984 -0.939867 1.355143
-0.646889 -1.001404 1.364498
-0.688387 -1.066387 1.378722
-0.732580 -1.134789 1.398361
-0.779561 -1.206520 1.424016
-0.829401 -1.281406 1.456341
-0.855409 -1.319951 1.475222
-0.882148 -1.359173 1.496035
-0.909617 -1.399019 1.518875
-0.937815 -1.439426 1.543838
-0.966737 -1.480321 1.571019
-0.996374 -1.521624 1.600515
-1.026715 -1.563238 1.632423
-1.057745 -1.605058 1.666838
-1.089441 -1.646966 1.703854
-1.121781 -1.688829 1.743560
-1.154732 -1.730501 1.786041
-1.188258 -1.771821 1.831376
-1.222319 -1.812614 1.879635
-1.256863 -1.852690 1.930880
-1.291837 -1.891841 1.985161
-1.327175 -1.929848 2.042511
-1.362808 -1.966474 2.102952
-1.398656 -2.001472 2.166484
-1.434631 -2.034578 2.233087
-1.470637 -2.065519 2.302719
-1.506570 -2.094012 2.375309
-1.542314 -2.119767 2.450763
-1.146320 0.014562 4.059119
-1.099992 0.046091 4.014979
-1.054128 0.074710 3.970337
-1.008838 0.100558 3.925374
-0.964220 0.123782 3.880255
-0.920364 0.144532 3.835121
-0.877346 0.162959 3.790097
-0.835236 0.179217 3.745291
-0.794092 0.193457 3.700795
-0.753964 0.205827 3.656686
-0.714891 0.216474 3.613028
-0.676909 0.225538 3.569873
-0.640040 0.233153 3.527264
-0.604306 0.239450 3.485233
-0.569716 0.244552 3.443803
-0.536278 0.248576 3.402992
-0.503993 0.251631 3.362810
-0.472855 0.253822 3.323263
-0.413989 0.255994 3.246074
-0.359568 0.255793 3.171391
-0.309432 0.253821 3.099143
-0.263384 0.250595 3.029229
-0.221200 0.246548 2.961541
-0.182640 0.242042 2.895960
-0.147451 0.237378 2.832372
-0.115377 0.232799 2.770666
-0.086161 0.228507 2.710739
-0.059552 0.224660 2.652497
-0.035302 0.221386 2.595853
-0.013177 0.218786 2.540731
0.007051 0.216936 2.487064
0.025597 0.215900 2.434791
0.042663 0.215722 2.383859
0.058441 0.216440 2.334225
0.073111 0.218083 2.285847
0.093401 0.222331 2.215567
0.112093 0.228780 2.147949
0.129658 0.237496 2.082926
0.146521 0.248549 2.020450
0.163071 0.262026 1.960495
0.179664 0.278031 1.903056
-0.260802 -0.398820 1.367454
-0.285692 -0.439269 1.335033
-0.313324 -0.484435 1.305848
-0.366390 -0.571536 1.265516
-0.403041 -0.631753 1.247179
-0.429729 -0.675555 1.237817
-0.458367 -0.722474 1.231035
-0.489089 -0.772672 1.227123
-0.522030 -0.826304 1.226412
-0.557329 -0.883507 1.229282
-0.595125 -0.944401 1.236159
-0.635557 -1.009074 1.247527
-0.678756 -1.077573 1.263930
-0.724849 -1.149890 1.285971
-0.773947 -1.225949 1.314318
-1.100148 -1.697181 1.618140
-1.134399 -1.742274 1.661180
-1.169334 -1.787198 1.707252
-1.204913 -1.831772 1.756450
-0.688525 0.296343 3.645372
-0.647983 0.305346 3.600395
0.164058 0.318394 2.288907
0.187491 0.328949 2.222117
0.209837 0.342445 2.158340
0.231608 0.358985 2.097567
0.253271 0.378686 2.039824
0.275257 0.401687 1.985172
0.297970 0.428148 1.933711
0.321787 0.458261 1.885582
0.347072 0.492242 1.840977
0.374177 0.530336 1.800142
0.403447 0.572811 1.763389
0.435225 0.619953 1.731106
0.469852 0.672058 1.703770
0.507670 0.729419 1.681958
0.534822 0.770716 1.670824
0.563643 0.814541 1.662691
0.594230 0.860954 1.657826
0.626678 0.909993 1.656525
0.661075 0.961677 1.659118
0.697506 1.015993 1.665967
0.736045 1.072888 1.677467
0.776751 1.132265 1.694046
0.819673 1.193966 1.716163
0.864834 1.257767 1.744302
0.912234 1.323357 1.778971
0.961843 1.390334 1.820684
1.013589 1.458183 1.869959
1.040231 1.492241 1.897588
1.067360 1.526267 1.927291
1.094954 1.560162 1.959124
1.122985 1.593816 1.993138
1.151425 1.627108 2.029380
1.180236 1.659911 2.067889
1.209381 1.692087 2.108699
1.238813 1.723487 2.151834
1.268484 1.753957 2.197309
1.298338 1.783331 2.245127
0.972398 0.062925 3.742644
0.936692 0.045134 3.704547
0.901626 0.029156 3.666308
0.867255 0.014890 3.628016
0.833627 0.002237 3.589748
0.800783 -0.008902 3.551573
0.768758 -0.018624 3.513551
0.707277 -0.034204 3.438159
0.649357 -0.045238 3.363898
0.595094 -0.052407 3.290992
0.544520 -0.056335 3.219590
0.497612 -0.057577 3.149778
0.454302 -0.056626 3.081597
0.414487 -0.053911 3.015053
0.378038 -0.049801 2.950130
0.344804 -0.044609 2.886796
0.314622 -0.038601 2.825007
0.287319 -0.031994 2.764715
0.262717 -0.024967 2.705870
0.240641 -0.017663 2.648421
0.220914 -0.010194 2.592319
0.203367 -0.002648 2.537517
0.187836 0.004914 2.483969
0.174165 0.012447 2.431637
0.162207 0.019924 2.380481
0.151826 0.027331 2.330466
0.142893 0.034666 2.281560
0.131955 0.045552 2.210217
0.123660 0.056351 2.141214
0.117703 0.067152 2.074471
0.113828 0.078063 2.009920
0.111820 0.089213 1.947497
0.111511 0.100745 1.887148
-0.535551 -0.750454 1.801254
-0.214608 -0.163048 2.168163
-0.212669 -0.180875 2.103292
-0.213325 -0.199691 2.040817
-0.216426 -0.219692 1.980731
-0.221861 -0.241099 1.923043
-0.229567 -0.264157 1.867778
-0.239517 -0.289133 1.814986
-0.869696 -1.316812 1.567251
0.069071 0.148806 1.987669
0.080979 0.155241 1.926132
0.092486 0.163361 1.866757
0.103860 0.173229 1.809503
0.115349 0.184923 1.754341
0.127182 0.198549 1.701253
0.139581 0.214237 1.650234
0.152758 0.232145 1.601296
0.166926 0.252463 1.554467
0.294399 0.454533 1.312723
0.323157 0.501694 1.285105
1.006300 1.571300 1.503150
1.175025 1.797349 1.707282
1.210842 1.842121 1.757193
0.560320 -0.326207 3.505864
0.523562 -0.330834 3.463089
0.420818 -0.338709 3.339336
0.358500 -0.340069 3.260614
-0.172172 -0.326600 2.286818
-0.195791 -0.337758 2.220486
-0.218385 -0.351914 2.157199
-0.240464 -0.369171 2.096956
-0.262499 -0.389653 2.039789
-0.284920 -0.413498 1.985771
-0.308132 -0.440873 1.935011
-0.332516 -0.471970 1.887665
-0.358436 -0.507010 1.843940
-0.386247 -0.546236 1.804100
-0.416294 -0.589917 1.768477
-0.448923 -0.638333 1.737484
-0.484474 -0.691773 1.711624
-0.523287 -0.750515 1.691506
-0.551142 -0.792747 1.681640
-0.580694 -0.837511 1.674896
-0.612038 -0.884854 1.671555
-0.645266 -0.934802 1.671923
-0.680463 -0.987355 1.676342
-0.717706 -1.042482 1.685185
-0.757061 -1.100107 1.698856
-0.798582 -1.160102 1.717791
-0.842304 -1.222279 1.742455
-0.888237 -1.286373 1.773335
-0.936367 -1.352033 1.810933
-0.986643 -1.418806 1.855756
-1.038974 -1.486127 1.908302
-1.065869 -1.519782 1.937618
-1.093221 -1.553304 1.969038
-1.121004 -1.586584 2.002611
-1.149187 -1.619505 2.038382
-1.177736 -1.651942 2.076390
-1.206612 -1.683759 2.116667
-1.235770 -1.714811 2.159236
-1.265162 -1.744944 2.204112
-1.294733 -1.773997 2.251298
-1.324425 -1.801800 2.300784
-1.354172 -1.828175 2.352547
-1.383903 -1.852939 2.406551
-1.413543 -1.875903 2.462740
-1.443010 -1.896874 2.521044
-1.472216 -1.915658 2.581372
-1.501069 -1.932058 2.643614
-1.529470 -1.945881 2.707641
-1.557318 -1.956936 2.773299
-1.584506 -1.965040 2.840416
-1.610922 -1.970016 2.908797
-1.706551 -1.955608 3.190301
-1.727357 -1.942823 3.261339
-1.746685 -1.926202 3.332049
-1.724481 -1.018430 4.215443
-1.701283 -0.956457 4.223716
-1.676222 -0.895220 4.227893
-1.649410 -0.834997 4.228108
-1.620968 -0.776042 4.224518
-1.591021 -0.718586 4.217299
-1.559701 -0.662835 4.206644
-1.527142 -0.608969 4.192760
-1.493482 -0.557140 4.175861
-1.458858 -0.507475 4.156171
-1.423408 -0.460075 4.133914
-1.387268 -0.415016 4.109314
-1.350571 -0.372350 4.082594
-1.313448 -0.332107 4.053972
-1.276026 -0.294296 4.023660
-1.238424 -0.258908 3.991859
-1.200758 -0.225916 3.958763
-1.163139 -0.195280 3.924555
-1.125668 -0.166945 3.889404
-1.088443 -0.140846 3.853471
-1.051552 -0.116909 3.816902
-1.015078 -0.095052 3.779832
-0.979096 -0.075188 3.742383
-0.943674 -0.057224 3.704667
-0.908874 -0.041067 3.666784
-0.874751 -0.026617 3.628822
-0.841353 -0.013780 3.590860
-0.808721 -0.002456 3.552969
-0.776892 0.007450 3.515208
-0.715756 0.023383 3.440278
-0.658124 0.034745 3.366407
-0.604099 0.042210 3.293828
-0.553721 0.046395 3.222698
-0.506972 0.047852 3.153112
-0.463792 0.047072 3.085118
-0.424085 0.044481 3.018729
-0.387726 0.040451 2.953935
-0.354570 0.035293 2.890707
-0.324460 0.029274 2.829007
-0.297225 0.022612 2.768790
-0.272694 0.015487 2.710009
-0.250693 0.008042 2.652615
-0.231050 0.000393 2.596561
-0.213598 -0.007376 2.541802
-0.198176 -0.015200 2.488295
-0.184631 -0.023035 2.436002
-0.172818 -0.030855 2.384883
-0.162602 -0.038644 2.334907
-0.153857 -0.046403 2.286043
-0.143248 -0.058004 2.214767
-0.135345 -0.069617 2.145841
-0.129848 -0.081336 2.079190
-0.126507 -0.093279 2.014748
-0.125115 -0.105583 1.952459
-0.125510 -0.118401 1.892273
0.332237 0.499239 1.372753
0.362788 0.550506 1.346477
0.396899 0.607335 1.324515
0.492383 0.764558 1.293893
0.524281 0.816502 1.291628
0.558460 0.871821 1.292849
0.595046 0.930628 1.297956
0.634167 0.993006 1.307405
0.675946 1.058998 1.321700
0.720496 1.128600 1.341405
0.767921 1.201739 1.367142
0.818306 1.278264 1.399589
-0.120381 -0.266323 2.270871
-0.141814 -0.274086 2.202652
-0.162001 -0.284428 2.137231
-0.181423 -0.297436 2.074570
-0.200518 -0.313210 2.014658
-0.219691 -0.331869 1.957512
-0.239316 -0.353558 1.903177
-0.273980 -0.396919 1.819095
-0.011168 0.033267 1.899697
-0.005686 0.031892 1.839843
-0.000962 0.031113 1.781891
0.003163 0.030891 1.725776
0.006829 0.031195 1.671440
0.010153 0.032002 1.618826
0.013238 0.033297 1.567879
0.017134 0.035774 1.502454
0.020950 0.039122 1.439786
0.024848 0.043380 1.379764
0.028976 0.048618 1.322285
0.033475 0.054938 1.267253
0.038486 0.062475 1.214581
0.044152 0.071401 1.164190
0.052399 0.084843 1.104304
0.062262 0.101316 1.047768
0.074148 0.121478 0.994514
0.088542 0.146155 0.944530
0.106037 0.176371 0.897877
0.127353 0.213396 0.854727
0.147746 0.248957 0.822944
-0.335972 -0.621116 2.722159
-0.365129 -0.625591 2.678329
-0.392517 -0.631794 2.636647
-0.430908 -0.644400 2.578056
-0.466859 -0.661013 2.524122
-0.501166 -0.681643 2.474855
-0.534535 -0.706271 2.430339
-0.567590 -0.734854 2.390730
-0.600874 -0.767331 2.356248
-0.634862 -0.803616 2.327178
-0.669961 -0.843593 2.303859
-0.706515 -0.887108 2.286693
-0.744805 -0.933951 2.276129
-0.785049 -0.983841 2.272666
-0.827398 -1.036404 2.276841
-0.871929 -1.091153 2.289211
-0.902832 -1.128562 2.302287
-0.934682 -1.166444 2.319416
-0.967437 -1.204536 2.340748
-1.001033 -1.242543 2.366418
-0.769495 -0.362305 3.117765
-0.742236 -0.361258 3.068989
-0.717078 -0.362355 3.020653
-0.694040 -0.365416 2.972887
-0.673125 -0.370279 2.925800
-0.654322 -0.376802 2.879488
-0.630028 -0.389428 2.811652
-0.610329 -0.405164 2.745989
-0.595090 -0.423749 2.682713
-0.584164 -0.445001 2.622020
-0.577402 -0.468806 2.564099
-0.574658 -0.495111 2.509145
-0.575804 -0.523911 2.457360
-0.580724 -0.555243 2.408968
-0.589325 -0.589174 2.364216
-0.601533 -0.625791 2.323381
-0.617296 -0.665190 2.286778
-0.636578 -0.707467 2.254762
-0.659361 -0.752703 2.227735
-0.685637 -0.800952 2.206149
-0.715403 -0.852224 2.190512
-0.748654 -0.906465 2.181385
-0.785372 -0.963537 2.179380
-0.825520 -1.023191 2.185157
-0.854153 -1.064212 2.193673
-0.884242 -1.106059 2.206166
-0.915741 -1.148542 2.222846
-0.948585 -1.191428 2.243917
-0.982696 -1.234442 2.269572
-1.017974 -1.277261 2.299988
-1.054294 -1.319509 2.335314
-1.091509 -1.360762 2.375667
-1.129439 -1.400542 2.421116
-0.972496 -0.375649 3.457770
-0.929916 -0.354969 3.406424
-0.888961 -0.338157 3.354149
-0.849833 -0.324931 3.301300
-0.812696 -0.315007 3.248180
-0.777676 -0.308102 3.195046
-0.744864 -0.303946 3.142114
-0.714321 -0.302283 3.089564
-0.686082 -0.302874 3.037546
-0.660160 -0.305503 2.986183
-0.636545 -0.309978 2.935579
-0.615218 -0.316127 2.885820
-0.596142 -0.323802 2.836978
-0.579273 -0.332877 2.789117
-0.564560 -0.343247 2.742289
-0.546411 -0.361049 2.674093
-0.532794 -0.381367 2.608482
-0.523512 -0.404074 2.545601
-0.518381 -0.429114 2.485595
-0.517233 -0.456490 2.428620
-0.519925 -0.486257 2.374851
-0.526339 -0.518511 2.324484
-0.536385 -0.553377 2.277746
-0.550000 -0.591003 2.234903
-0.567150 -0.631549 2.196258
-0.587823 -0.675176 2.162167
-0.612033 -0.722034 2.133038
-0.639807 -0.772250 2.109342
-0.671184 -0.825911 2.091615
-0.706206 -0.883042 2.080465
-0.744908 -0.943587 2.076568
-0.772764 -0.985769 2.078366
-0.802262 -1.029314 2.083956
-0.833390 -1.074105 2.093585
-0.866127 -1.119988 2.107506
-0.900437 -1.166766 2.125979
-0.936268 -1.214194 2.149261
-0.973546 -1.261973 2.177599
-1.012176 -1.309747 2.211229
-1.052036 -1.357097 2.250359
-1.092972 -1.403538 2.295159
-1.134797 -1.448522 2.345754
-1.177287 -1.491433 2.402201
-1.220180 -1.531596 2.464479
-1.263168 -1.568284 2.532469
-1.305904 -1.600726 2.605941
-1.347997 -1.628129 2.684534
-1.241898 -0.522679 3.777280
-1.190199 -0.471417 3.735199
-1.138203 -0.425770 3.688882
-1.086426 -0.385675 3.639121
-1.035335 -0.350966 3.586638
-0.985342 -0.321399 3.532079
-0.936802 -0.296675 3.476016
-0.890017 -0.276455 3.418940
-0.845233 -0.260382 3.361272
-0.802646 -0.248092 3.303364
-0.762404 -0.239224 3.245507
-0.724614 -0.233434 3.187941
-0.689344 -0.230396 3.130859
-0.656629 -0.229809 3.074416
-0.626477 -0.231401 3.018734
-0.598872 -0.234927 2.963911
-0.573778 -0.240172 2.910024
-0.551146 -0.246949 2.857132
-0.530915 -0.255099 2.805283
-0.513015 -0.264489 2.754516
-0.497370 -0.275012 2.704864
-0.483905 -0.286582 2.656352
-0.472539 -0.299134 2.609008
-0.459262 -0.319708 2.540230
-0.450290 -0.342308 2.474212
-0.445399 -0.366926 2.411045
-0.444391 -0.393611 2.350831
-0.447103 -0.422470 2.293697
-0.453404 -0.453647 2.239790
-0.463202 -0.487325 2.189291
-0.476440 -0.523709 2.142418
-0.493093 -0.563027 2.099430
-0.513173 -0.605515 2.060639
-0.536718 -0.651411 2.026412
-0.573620 -0.718301 1.988640
-0.605544 -0.772999 1.966886
-1.510083 -0.802817 4.003696
-0.306582 -0.434892 1.543230
-0.331109 -0.477292 1.508147
-0.358654 -0.524137 1.476704
-0.389482 -0.575892 1.449325
-0.423892 -0.633035 1.426535
-0.703397 -1.080081 1.424481
-0.747621 -1.147927 1.444792
-0.794573 -1.218920 1.471178
-1.336785 -1.923280 2.094155
-1.371704 -1.958070 2.154295
-1.406782 -1.991156 2.217404
-1.441930 -2.022284 2.283450
-1.477051 -2.051189 2.352379
-1.512040 -2.077598 2.424111
-1.546783 -2.101233 2.498537
-1.581160 -2.121814 2.575521
-1.615040 -2.139059 2.654896
-1.648287 -2.152692 2.736459
-1.364814 -0.203452 4.231190
-1.319402 -0.157569 4.193880
-1.273780 -0.114935 4.154911
-1.228101 -0.075495 4.114552
-1.182509 -0.039169 4.073056
-0.453884 0.227243 3.270447
-0.398883 0.228096 3.195367
-0.348131 0.226901 3.122627
-0.301458 0.224194 3.052153
-0.258662 0.220427 2.983853
-0.219522 0.215985 2.917623
0.007669 0.182789 2.398857
0.023169 0.182069 2.348400
0.037449 0.182149 2.299177
0.056941 0.183815 2.227574
0.074571 0.187387 2.158558
0.090799 0.192912 2.092042
0.106041 0.200438 2.027958
0.120672 0.210021 1.966255
0.135032 0.221736 1.906899
0.149434 0.235675 1.849869
1.344338 1.948052 2.071373
0.233807 0.355517 1.408305
0.255800 0.390889 1.372446
0.359153 0.559862 1.268010
0.395025 0.618818 1.248736
0.421148 0.661719 1.238663
0.449183 0.707690 1.231087
0.479263 0.756895 1.226289
0.528511 0.837105 1.225008
0.564297 0.895052 1.228646
0.602611 0.956714 1.236382
0.643588 1.022172 1.248712
0.687361 1.091464 1.266190
0.734054 1.164571 1.289435
1.148068 1.760485 1.677599
0.298703 -0.334084 3.176180
0.246365 -0.331558 3.103492
0.198322 -0.328045 3.033422
0.154310 -0.323990 2.965818
0.114050 -0.319763 2.900532
0.077254 -0.315665 2.837421
0.043633 -0.311943 2.776354
0.012901 -0.308796 2.717210
-0.015221 -0.306382 2.659884
-0.041007 -0.304828 2.604280
-0.064715 -0.304234 2.550317
-0.086594 -0.304680 2.497926
-0.106879 -0.306228 2.447045
-0.125792 -0.308928 2.397627
-0.143542 -0.312820 2.349631
-1.655603 -1.979797 3.019675
-1.679696 -1.975901 3.091007
-0.115065 -0.114259 1.838503
-0.726942 -1.167067 1.223922
-0.777528 -1.246150 1.254665
0.405664 0.597220 1.470212
0.441112 0.655895 1.448573
0.773034 1.180111 1.482244
0.820896 1.251618 1.511361
0.871511 1.325845 1.547441
-0.036451 -0.160541 2.228512
-0.053277 -0.162564 2.159005
-0.068579 -0.166347 2.091944
-0.082760 -0.171925 2.027254
-0.096182 -0.179338 1.964871
-0.109172 -0.188638 1.904748
-0.122030 -0.199896 1.846850
-0.135028 -0.213206 1.791155
-0.148427 -0.228684 1.737657
-0.162470 -0.246476 1.686367
-0.177396 -0.266758 1.637312
-0.193443 -0.289736 1.590544
-0.210849 -0.315655 1.546141
-0.229859 -0.344791 1.504212
-0.250731 -0.377463 1.464907
-0.273736 -0.414024 1.428420
-0.299164 -0.454870 1.395003
-0.327323 -0.500433 1.364980
-0.358549 -0.551180 1.338755
-0.393199 -0.607609 1.316840
-0.431658 -0.670236 1.299867
-0.459615 -0.715690 1.291676
-0.489571 -0.764282 1.286300
-0.521657 -0.816155 1.284051
-0.556005 -0.871441 1.285286
-0.592747 -0.930249 1.290406
-0.632013 -0.992663 1.299867
-0.673929 -1.058728 1.314175
-0.718616 -1.128438 1.333897
-0.766177 -1.201724 1.359657
-0.816703 -1.278434 1.392136
-0.843098 -1.317998 1.411124
-0.870256 -1.358313 1.432072
-0.898179 -1.399329 1.455079
-0.926867 -1.440984 1.480247
-0.956318 -1.483208 1.507680
-0.986525 -1.525920 1.537481
-1.017480 -1.569025 1.569754
-1.049167 -1.612418 1.604605
-1.081568 -1.655979 1.642135
-1.114660 -1.699574 1.682444
-1.148415 -1.743055 1.725626
-1.182797 -1.786258 1.771772
-1.217765 -1.829001 1.820962
-1.253271 -1.871089 1.873269
-1.289259 -1.912307 1.928753
-1.325668 -1.952427 1.987462
-1.362424 -1.991201 2.049426
-1.399449 -2.028368 2.114655
-0.446314 0.295870 3.329984
-0.385798 0.297612 3.252005
-0.329888 0.297068 3.176736
-0.278404 0.294861 3.104078
-0.231126 0.291519 3.033909
-0.187813 0.287486 2.966097
-0.148202 0.283132 2.900508
-0.112023 0.278760 2.837013
-0.079003 0.274618 2.775488
-0.048869 0.270909 2.715822
-0.021354 0.267793 2.657913
0.003802 0.265399 2.601669
0.026849 0.263828 2.547010
0.048025 0.263161 2.493867
0.067557 0.263459 2.442179
0.085659 0.264773 2.391894
0.102532 0.267142 2.342969
0.118365 0.270600 2.295368
0.140550 0.277886 2.226385
0.161343 0.287770 2.160242
0.181243 0.300338 2.096895
0.200707 0.315689 2.036328
0.220153 0.333937 1.978554
0.239967 0.355221 1.923614
0.260512 0.379707 1.871584
0.282134 0.407591 1.822572
0.305167 0.439100 1.776732
0.329938 0.474494 1.734263
0.356774 0.514061 1.695425
0.386004 0.558119 1.660541
0.417961 0.607005 1.630018
0.452987 0.661070 1.604354
0.491431 0.720668 1.584161
0.519133 0.763640 1.574095
0.548617 0.809309 1.567040
0.579987 0.857754 1.563281
0.613346 0.909034 1.563137
0.648793 0.963185 1.566965
0.686420 1.020210 1.575157
0.726313 1.080074 1.588147
0.768545 1.142691 1.606405
0.813173 1.207910 1.630439
0.860231 1.275508 1.660789
0.909731 1.345169 1.698025
0.961648 1.416473 1.742732
0.988495 1.452576 1.768071
1.015918 1.488874 1.795498
1.043902 1.525279 1.825084
1.072428 1.561690 1.856898
1.101471 1.597999 1.891006
1.131005 1.634084 1.927468
1.160997 1.669815 1.966340
1.191410 1.705051 2.007672
1.222202 1.739639 2.051504
1.253325 1.773415 2.097868
1.284727 1.806206 2.146785
1.316346 1.837825 2.198263
1.348118 1.868079 2.252297
1.011634 0.028454 3.828955
0.972764 0.007476 3.788885
0.934522 -0.011416 3.748622
0.896975 -0.028336 3.708276
0.860181 -0.043397 3.667940
0.824192 -0.056714 3.627700
0.789053 -0.068401 3.587627
0.754800 -0.078571 3.547783
0.721465 -0.087331 3.508221
0.689073 -0.094788 3.468985
0.657642 -0.101045 3.430112
0.597720 -0.110345 3.353567
0.541754 -0.115963 3.278758
0.489734 -0.118557 3.205779
0.441599 -0.118708 3.134667
0.397241 -0.116923 3.065421
0.356521 -0.113641 2.998010
0.319273 -0.109235 2.932382
0.285317 -0.104019 2.868478
0.254458 -0.098256 2.806231
0.226496 -0.092160 2.745573
0.201230 -0.085906 2.686435
0.178460 -0.079635 2.628752
0.157990 -0.073457 2.572464
0.139632 -0.067454 2.517513
0.123205 -0.061691 2.463846
0.108537 -0.056210 2.411416
0.095466 -0.051043 2.360176
0.083841 -0.046207 2.310088
0.073522 -0.041710 2.261112
0.060208 -0.035601 2.189662
0.049143 -0.030231 2.120536
0.039979 -0.025561 2.053637
0.032415 -0.021534 1.988882
0.026189 -0.018093 1.926192
0.021078 -0.015173 1.865493
0.001717 -0.003673 1.383776
0.000872 -0.003335 1.325976
0.000194 -0.003164 1.270591
-0.000367 -0.003136 1.217520
-0.000852 -0.003234 1.166665
-0.001398 -0.003518 1.106073
-0.001922 -0.003976 1.048629
-0.002466 -0.004611 0.994169
-0.003064 -0.005442 0.942538
-0.003900 -0.006736 0.884109
-0.004923 -0.008425 0.829305
-0.006203 -0.010611 0.777902
-0.008131 -0.013972 0.721952
-0.010693 -0.018493 0.670042
