3 2629
0.255600 0.403074 1.198605
0.281847 0.446865 1.171473
0.311147 0.495858 1.147571
0.343867 0.550618 1.127360
0.380408 0.611748 1.111422
0.407105 0.656352 1.103522
0.435831 0.704256 1.098099
0.466730 0.755650 1.095451
0.499950 0.810717 1.095921
0.535646 0.869630 1.099903
0.573973 0.932542 1.107845
0.615087 0.999578 1.120259
0.659143 1.070825 1.137721
0.706287 1.146315 1.160880
0.756656 1.226009 1.190459
0.783087 1.267396 1.207901
0.810366 1.309777 1.227254
0.838505 1.353117 1.248627
0.867512 1.397372 1.272136
0.897392 1.442489 1.297901
0.928149 1.488403 1.326043
0.959783 1.535037 1.356688
0.992290 1.582301 1.389963
1.025660 1.630092 1.425996
1.059883 1.678290 1.464917
1.094939 1.726759 1.506853
1.130805 1.775344 1.551928
1.167450 1.823875 1.600263
1.204837 1.872160 1.651973
1.242921 1.919985 1.707163
1.281649 1.967119 1.765929
1.320959 2.013308 1.828351
1.360779 2.058275 1.894494
1.401029 2.101725 1.964404
1.441614 2.143341 2.038102
1.482434 2.182786 2.115583
1.523371 2.219708 2.196814
1.564301 2.253737 2.281724
1.605084 2.284494 2.370207
1.645571 2.311588 2.462116
1.685599 2.334627 2.557260
1.724995 2.353218 2.655399
1.763575 2.366976 2.756247
1.801144 2.375528 2.859466
1.837501 2.378523 2.964669
1.872434 2.375635 3.071415
1.905730 2.366578 3.179218
1.937167 2.351105 3.287546
1.966527 2.329022 3.395824
1.993590 2.300196 3.503444
2.018140 2.264555 3.609769
2.039969 2.222101 3.714142
2.058879 2.172910 3.815897
2.074684 2.117137 3.914367
2.087215 2.055016 4.008901
2.096322 1.986861 4.098868
2.101875 1.913062 4.183674
2.103771 1.834079 4.262771
2.101930 1.750440 4.335671
2.096304 1.662725 4.401948
2.086871 1.571566 4.461255
2.073641 1.477625 4.513321
2.056652 1.381590 4.557963
2.035974 1.284160 4.595081
2.011704 1.186030 4.624662
1.983967 1.087881 4.646775
1.952914 0.990370 4.661569
1.918717 0.894118 4.669264
1.881569 0.799699 4.670145
1.841681 0.707637 4.664553
1.799276 0.618397 4.652876
1.754590 0.532384 4.635538
1.707866 0.449939 4.612989
1.659351 0.371340 4.585698
1.609292 0.296800 4.554140
1.557937 0.226474 4.518792
1.505528 0.160458 4.480122
1.452303 0.098797 4.438584
1.398489 0.041487 4.394613
1.344303 -0.011519 4.348620
1.289954 -0.060303 4.300990
1.235633 -0.104982 4.252079
1.181523 -0.145697 4.202210
1.127789 -0.182611 4.151679
1.074583 -0.215904 4.100749
1.022044 -0.245767 4.049652
0.970296 -0.272400 3.998594
0.919447 -0.296007 3.947752
0.869595 -0.316795 3.897275
0.820822 -0.334968 3.847293
0.773199 -0.350730 3.797909
0.726785 -0.364276 3.749211
0.681627 -0.375797 3.701267
0.637765 -0.385477 3.654128
0.595225 -0.393491 3.607834
0.554027 -0.400005 3.562412
0.514183 -0.405176 3.517878
0.475695 -0.409152 3.474240
0.438563 -0.412071 3.431498
0.402776 -0.414062 3.389646
0.368322 -0.415245 3.348674
-0.456433 -0.627187 1.947148
-0.489157 -0.672510 1.914395
-0.524370 -0.722502 1.886972
-0.562406 -0.777325 1.865437
-0.603583 -0.837107 1.850449
-0.632924 -0.879753 1.844471
-0.663873 -0.924634 1.842002
-0.696500 -0.971726 1.843322
-0.730872 -1.020977 1.848739
-0.767039 -1.072298 1.858579
-0.805041 -1.125558 1.873195
-0.844901 -1.180575 1.892955
-0.886621 -1.237110 1.918242
-0.930177 -1.294850 1.949446
-0.975518 -1.353407 1.986956
-1.022559 -1.412306 2.031149
-1.071174 -1.470973 2.082372
-1.121193 -1.528733 2.140930
-1.172392 -1.584805 2.207060
-1.198351 -1.611934 2.243014
-1.224495 -1.638299 2.280907
-1.250780 -1.663773 2.320739
-1.277159 -1.688223 2.362500
-1.303577 -1.711511 2.406169
-1.329979 -1.733495 2.451717
-1.356302 -1.754027 2.499100
-1.382481 -1.772958 2.548261
-1.408447 -1.790136 2.599132
-1.434125 -1.805411 2.651628
-1.459437 -1.818631 2.705650
-1.484302 -1.829647 2.761083
-1.508635 -1.838315 2.817796
-1.532349 -1.844497 2.875643
-1.555352 -1.848060 2.934459
-1.577551 -1.848885 2.994068
-1.598854 -1.846861 3.054275
-1.619163 -1.841893 3.114872
-1.638385 -1.833900 3.175639
-1.656423 -1.822820 3.236342
-1.673185 -1.808609 3.296738
-1.688578 -1.791245 3.356577
-1.702516 -1.770728 3.415602
-1.714912 -1.747080 3.473553
-1.725688 -1.720349 3.530170
-1.734771 -1.690606 3.585194
-1.742092 -1.657948 3.638373
-1.747594 -1.622496 3.689462
-1.751223 -1.584393 3.738226
-1.752939 -1.543806 3.784447
-1.752709 -1.500922 3.827920
-1.750509 -1.455945 3.868462
-1.746329 -1.409098 3.905910
-1.740167 -1.360618 3.940124
-1.732033 -1.310749 3.970988
-1.721947 -1.259748 3.998413
-1.709941 -1.207873 4.022335
-1.696057 -1.155385 4.042717
-1.680346 -1.102545 4.059548
-1.662871 -1.049606 4.072842
-1.643701 -0.996818 4.082637
-1.622915 -0.944419 4.088995
-1.600600 -0.892633 4.091999
-1.576848 -0.841672 4.091749
-1.551756 -0.791733 4.088365
-1.525427 -0.742993 4.081979
-1.497968 -0.695612 4.072737
-1.469487 -0.649731 4.060794
-1.440095 -0.605472 4.046314
-1.409902 -0.562938 4.029463
-1.379020 -0.522213 4.010412
-1.347559 -0.483361 3.989334
-1.315627 -0.446431 3.966399
-1.283328 -0.411454 3.941776
-1.250768 -0.378445 3.915628
-1.218043 -0.347407 3.888116
-1.185249 -0.318328 3.859391
-1.152476 -0.291183 3.829600
-1.119811 -0.265941 3.798880
-1.087332 -0.242558 3.767361
-1.055116 -0.220983 3.735164
-0.991746 -0.183030 3.669181
-0.930193 -0.151570 3.601728
-0.870867 -0.126042 3.533473
-0.814093 -0.105863 3.464959
-0.760121 -0.090448 3.396621
-0.709130 -0.079231 3.328798
-0.336405 -0.433906 1.777847
-0.357223 -0.473040 1.736476
-0.381008 -0.515913 1.698755
-0.407936 -0.562917 1.665037
-0.438214 -0.614453 1.635754
-0.472078 -0.670924 1.611434
-0.509789 -0.732720 1.592719
-0.537205 -0.777056 1.583731
-0.566541 -0.824013 1.577838
-0.597885 -0.873670 1.575336
-0.631323 -0.926084 1.576557
-0.666940 -0.981285 1.581867
-0.704813 -1.039269 1.591668
-0.745012 -1.099985 1.606404
-0.787597 -1.163328 1.626553
-0.832607 -1.229128 1.652629
-0.880063 -1.297132 1.685175
-0.929957 -1.366993 1.724759
-0.982244 -1.438253 1.771959
-1.009261 -1.474229 1.798595
-1.036840 -1.510325 1.827350
-1.064963 -1.546444 1.858292
-1.093607 -1.582482 1.891485
-1.122745 -1.618323 1.926990
-1.152347 -1.653840 1.964864
-1.182376 -1.688897 2.005156
-1.212792 -1.723347 2.047908
-1.243549 -1.757031 2.093153
-1.274595 -1.789781 2.140914
-1.305873 -1.821418 2.191203
-1.337319 -1.851752 2.244016
-1.368864 -1.880587 2.299337
-1.400432 -1.907717 2.357131
-1.431940 -1.932929 2.417347
-1.463299 -1.956006 2.479911
-1.494415 -1.976726 2.544731
-1.525185 -1.994867 2.611689
-1.555503 -2.010206 2.680648
-1.585254 -2.022527 2.751440
-1.614321 -2.031616 2.823878
-1.642580 -2.037271 2.897745
-1.669905 -2.039303 2.972801
-1.696163 -2.037539 3.048780
-1.721224 -2.031824 3.125392
-1.744953 -2.022028 3.202327
-1.767217 -2.008047 3.279253
-1.787882 -1.989806 3.355820
-1.806818 -1.967264 3.431668
-1.823900 -1.940413 3.506423
-1.839008 -1.909285 3.579706
-1.852026 -1.873947 3.651139
-1.862850 -1.834508 3.720343
-1.871386 -1.791117 3.786952
-1.877548 -1.743959 3.850611
-1.881265 -1.693258 3.910986
-1.882480 -1.639273 3.967766
-1.881149 -1.582296 4.020667
-1.877245 -1.522644 4.069439
-1.870755 -1.460662 4.113868
-1.861685 -1.396712 4.153778
-1.850056 -1.331170 4.189034
-1.835905 -1.264422 4.219543
-1.819285 -1.196856 4.245256
-1.800265 -1.128857 4.266162
-1.778929 -1.060805 4.282295
-1.755373 -0.993065 4.293726
-1.729706 -0.925985 4.300561
-1.702048 -0.859894 4.302940
-1.672530 -0.795094 4.301033
-1.641287 -0.731863 4.295033
-1.608464 -0.670448 4.285157
-1.574211 -0.611065 4.271636
-1.538678 -0.553900 4.254716
-1.502019 -0.499108 4.234649
-1.464388 -0.446812 4.211693
-1.425938 -0.397107 4.186107
-1.386819 -0.350058 4.158148
-1.347178 -0.305704 4.128068
-1.307157 -0.264060 4.096109
-1.266892 -0.225118 4.062506
-1.226515 -0.188849 4.027482
-1.186148 -0.155207 3.991247
-1.145909 -0.124130 3.953997
-1.105906 -0.095545 3.915915
-1.066240 -0.069366 3.877168
-1.027005 -0.045498 3.837910
-0.988284 -0.023839 3.798280
-0.950155 -0.004285 3.758404
-0.912686 0.013276 3.718393
-0.875940 0.028954 3.678346
-0.839970 0.042863 3.638350
-0.804822 0.055114 3.598483
-0.770536 0.065817 3.558809
-0.737147 0.075081 3.519384
-0.704680 0.083012 3.480256
-0.673158 0.089711 3.441465
-0.613006 0.099804 3.365017
-0.025954 -0.016459 1.648111
-0.025380 -0.019858 1.596249
-0.025313 -0.023293 1.546029
-0.025933 -0.028041 1.481533
-0.027293 -0.033119 1.419751
-0.029354 -0.038686 1.360574
-0.032109 -0.044902 1.303902
-0.035580 -0.051945 1.249641
-0.039820 -0.060007 1.197704
-0.044905 -0.069306 1.148014
-0.052614 -0.083051 1.088960
-0.062086 -0.099694 1.033206
-0.073675 -0.119928 0.980686
-0.087834 -0.144604 0.931389
-0.105129 -0.174765 0.885375
-0.126266 -0.211691 0.842815
-0.146522 -0.247148 0.811467
-0.170332 -0.288897 0.782805
-0.198335 -0.338069 0.757228
-0.222536 -0.380600 0.740408
-0.249879 -0.428669 0.725974
-0.280772 -0.482971 0.714352
-0.315672 -0.544267 0.706092
-0.341414 -0.589421 0.702794
-0.369326 -0.638307 0.701554
-0.399582 -0.691191 0.702673
-0.432367 -0.748342 0.706500
-0.467874 -0.810032 0.713445
-0.506307 -0.876524 0.723985
-0.547875 -0.948064 0.738672
-0.592793 -1.024875 0.758144
-0.641278 -1.107132 0.783137
-0.666924 -1.150342 0.797961
-0.693540 -1.194951 0.814487
-0.721152 -1.240960 0.832839
-0.749783 -1.288363 0.853145
-0.779455 -1.337144 0.875544
-0.810190 -1.387279 0.900179
-0.842005 -1.438734 0.927203
-0.874918 -1.491462 0.956774
-0.908940 -1.545401 0.989059
-0.944081 -1.600476 1.024229
-0.980347 -1.656594 1.062462
-1.017737 -1.713642 1.103941
-1.056247 -1.771489 1.148850
-1.095865 -1.829979 1.197378
-1.136572 -1.888933 1.249711
-1.178343 -1.948145 1.306036
-1.221142 -2.007381 1.366533
-1.264924 -2.066378 1.431374
-1.309632 -2.124839 1.500722
-1.355200 -2.182437 1.574722
-1.401547 -2.238811 1.653501
-1.448578 -2.293566 1.737161
-1.496183 -2.346274 1.825776
-1.544239 -2.396476 1.919380
-1.592604 -2.443680 2.017970
-1.641118 -2.487368 2.121493
-1.689607 -2.526999 2.229842
-1.737874 -2.562014 2.342849
-1.785710 -2.591840 2.460282
-1.832883 -2.615904 2.581836
-1.879149 -2.633636 2.707131
-1.924244 -2.644483 2.835710
-1.967893 -2.647919 2.967033
-2.009808 -2.643459 3.100482
-2.049692 -2.630672 3.235361
-2.087241 -2.609193 3.370900
-2.122149 -2.578739 3.506265
-2.154110 -2.539120 3.640567
-2.182826 -2.490249 3.772871
-2.208008 -2.432157 3.902216
-2.229383 -2.364993 4.027629
-2.246697 -2.289034 4.148147
-2.259722 -2.204684 4.262830
-2.268260 -2.112468 4.370790
-2.272148 -2.013033 4.471204
-2.271260 -1.907131 4.563337
-2.265511 -1.795608 4.646556
-2.254859 -1.679385 4.720346
-2.239308 -1.559445 4.784320
-2.218904 -1.436803 4.838224
-2.193740 -1.312492 4.881945
-2.163950 -1.187536 4.915503
-2.129711 -1.062934 4.939051
-2.091233 -0.939636 4.952866
-2.048762 -0.818527 4.957333
-2.002573 -0.700415 4.952936
-1.952961 -0.586020 4.940238
-1.900243 -0.475963 4.919865
-1.844749 -0.370763 4.892492
-1.786815 -0.270840 4.858820
-1.726782 -0.176508 4.819565
-1.664989 -0.087988 4.775441
-1.601770 -0.005407 4.727148
-1.537450 0.071188 4.675361
-1.472340 0.141828 4.620719
-1.406738 0.206606 4.563822
-1.340924 0.265675 4.505223
-1.275158 0.319231 4.445426
-1.209681 0.367506 4.384883
-1.144714 0.410764 4.323999
-1.080456 0.449288 4.263124
-1.017086 0.483374 4.202563
-0.954762 0.513325 4.142575
-0.893622 0.539447 4.083376
-0.833785 0.562044 4.025145
-0.775351 0.581413 3.968025
-0.718405 0.597843 3.912125
-0.663013 0.611611 3.857531
-0.609230 0.622980 3.804300
-0.557093 0.632202 3.752470
-0.506630 0.639512 3.702062
-0.457855 0.645131 3.653080
-0.410775 0.649263 3.605516
-0.365384 0.652099 3.559352
-0.321672 0.653816 3.514562
-0.279619 0.654574 3.471113
-0.239200 0.654523 3.428967
-0.200383 0.653797 3.388084
-0.163135 0.652520 3.348420
-0.127414 0.650805 3.309930
-0.093179 0.648753 3.272568
0.506443 0.686958 2.480589
0.539904 0.711570 2.436494
0.573038 0.740124 2.397327
0.606387 0.772551 2.363309
0.640424 0.808758 2.334721
0.675554 0.848621 2.311903
0.712118 0.891977 2.295253
0.750393 0.938605 2.285218
0.790591 0.988214 2.282290
0.832858 1.040418 2.286995
0.877264 1.094718 2.299881
0.908055 1.131774 2.313286
0.939769 1.169253 2.330725
0.972361 1.206893 2.352342
1.005764 1.244395 2.378266
1.039890 1.281421 2.408601
1.074623 1.317595 2.443421
1.109823 1.352501 2.482761
1.145324 1.385687 2.526611
1.180929 1.416669 2.574899
1.216412 1.444935 2.627491
1.251519 1.469954 2.684175
1.285970 1.491188 2.744657
1.319456 1.508105 2.808551
1.351648 1.520191 2.875379
1.382197 1.526974 2.944566
1.410744 1.528037 3.015445
1.436920 1.523041 3.087262
1.460363 1.511741 3.159189
1.480720 1.494008 3.230341
1.497658 1.469841 3.299793
1.510879 1.439373 3.366610
1.520124 1.402885 3.429869
1.525184 1.360795 3.488693
1.525912 1.313654 3.542277
1.522223 1.262132 3.589914
1.514105 1.206996 3.631016
1.501616 1.149083 3.665137
1.484886 1.089273 3.691977
1.464113 1.028460 3.711391
1.439561 0.967518 3.723382
1.411545 0.907280 3.728093
1.380428 0.848510 3.725792
1.346610 0.791886 3.716853
1.310513 0.737987 3.701735
1.272577 0.687286 3.680956
1.233241 0.640148 3.655076
1.192939 0.596831 3.624673
1.152092 0.557498 3.590326
1.111095 0.522219 3.552600
1.070319 0.490987 3.512034
1.030101 0.463733 3.469131
0.990744 0.440331 3.424355
0.952515 0.420618 3.378127
0.915643 0.404400 3.330822
0.880323 0.391467 3.282772
0.846717 0.381598 3.234270
0.814952 0.374570 3.185567
0.785128 0.370164 3.136883
0.757317 0.368170 3.088404
0.731570 0.368390 3.040292
0.707913 0.370641 2.992685
0.686358 0.374758 2.945702
0.593440 0.586536 2.381966
0.604796 0.622480 2.340615
0.619714 0.661174 2.303431
0.638152 0.702704 2.270760
0.660087 0.747150 2.242996
0.685506 0.794563 2.220577
0.714399 0.844954 2.203997
0.746760 0.898275 2.193801
0.782567 0.954397 2.190584
0.821782 1.013087 2.194987
0.864329 1.073982 2.207686
0.894486 1.115553 2.221103
0.926019 1.157675 2.238717
0.958859 1.200107 2.260726
0.992922 1.242563 2.287313
1.028101 1.284711 2.318642
1.064266 1.326169 2.354849
1.101261 1.366503 2.396033
1.138902 1.405233 2.442244
1.176976 1.441831 2.493474
1.215234 1.475724 2.549642
1.253399 1.506311 2.610586
1.291156 1.532964 2.676048
1.328163 1.555047 2.745665
1.364045 1.571936 2.818962
1.398403 1.583035 2.895345
1.430820 1.587801 2.974105
1.460865 1.585769 3.054417
1.488102 1.576578 3.135355
1.512105 1.559996 3.215908
1.532466 1.535937 3.295002
1.548806 1.504480 3.371530
1.560793 1.465882 3.444389
1.568149 1.420574 3.512510
1.570664 1.369157 3.574899
1.568204 1.312389 3.630674
1.560718 1.251155 3.679094
1.548241 1.186441 3.719582
1.530898 1.119295 3.751745
1.508895 1.050789 3.775379
1.482518 0.981981 3.790467
1.452123 0.913879 3.797168
1.418123 0.847408 3.795797
1.380976 0.783388 3.786803
1.341172 0.722515 3.770740
1.299221 0.665353 3.748236
1.255633 0.612330 3.719967
1.210916 0.563740 3.686629
1.165554 0.519759 3.648914
1.120008 0.480448 3.607493
1.074704 0.445778 3.563001
1.030027 0.415638 3.516024
0.986322 0.389858 3.467096
0.943890 0.368219 3.416695
0.902987 0.350473 3.365241
0.863827 0.336352 3.313101
0.826584 0.325579 3.260589
0.791393 0.317878 3.207974
0.758355 0.312981 3.155482
0.727541 0.310635 3.103304
0.698995 0.310600 3.051599
0.551292 0.580407 2.264100
0.566835 0.619642 2.223978
0.585908 0.661871 2.188269
0.608510 0.707240 2.157361
0.634659 0.755877 2.131696
0.664384 0.807877 2.111782
0.697721 0.863280 2.098191
0.734702 0.922056 2.091565
0.775344 0.984072 2.092616
0.804471 1.027094 2.097959
0.835209 1.071329 2.107296
0.867535 1.116622 2.120876
0.901412 1.162779 2.138949
0.936787 1.209558 2.161765
0.973586 1.256666 2.189565
1.011715 1.303752 2.222575
1.051050 1.350405 2.260997
1.091440 1.396152 2.304994
1.132701 1.440455 2.354684
1.174611 1.482715 2.410120
1.216912 1.522272 2.471277
1.259304 1.558418 2.538038
1.301446 1.590404 2.610174
1.342954 1.617457 2.687334
1.383409 1.638803 2.769026
1.422353 1.653688 2.854616
1.459302 1.661412 2.943316
1.493747 1.661356 3.034192
1.525172 1.653022 3.126172
1.553062 1.636060 3.218064
1.576919 1.610300 3.308588
1.596275 1.575778 3.396407
1.610715 1.532752 3.480171
1.619886 1.481706 3.558571
1.623515 1.423345 3.630380
1.621421 1.358574 3.694507
1.613528 1.288472 3.750037
1.599862 1.214246 3.796265
1.580562 1.137186 3.832721
1.555869 1.058609 3.859176
1.526123 0.979815 3.875638
1.491749 0.902031 3.882341
1.453242 0.826375 3.879713
1.411152 0.753823 3.868346
1.366067 0.685188 3.848955
1.318592 0.621110 3.822340
1.269336 0.562054 3.789349
1.218892 0.508319 3.750841
1.167830 0.460052 3.707658
1.116680 0.417266 3.660603
1.065930 0.379863 3.610421
1.016015 0.347655 3.557792
0.967319 0.320383 3.503318
0.920170 0.297744 3.447530
0.874844 0.279402 3.390885
0.831563 0.265007 3.333770
0.790502 0.254208 3.276510
0.751794 0.246660 3.219374
0.715529 0.242035 3.162581
0.681763 0.240024 3.106311
0.492722 0.547743 2.139493
0.510744 0.588457 2.098609
0.532225 0.632423 2.062110
0.557209 0.679862 2.030395
0.585766 0.730984 2.003932
0.617981 0.785965 1.983267
0.653951 0.844932 1.969029
0.693773 0.907938 1.961937
0.722504 0.952168 1.961577
0.753006 0.998127 1.965016
0.785293 1.045739 1.972536
0.819368 1.094885 1.984430
0.855222 1.145406 2.001009
0.892830 1.197090 2.022589
0.932149 1.249666 2.049489
0.973112 1.302800 2.082025
1.015623 1.356085 2.120495
1.059556 1.409037 2.165175
1.104748 1.461089 2.216300
1.150993 1.511591 2.274046
1.198042 1.559805 2.338516
1.245595 1.604919 2.409715
1.293301 1.646045 2.487530
1.317087 1.664820 2.528846
1.340755 1.682241 2.571708
1.364245 1.698186 2.616059
1.387496 1.712531 2.661831
1.410443 1.725153 2.708944
1.433016 1.735931 2.757304
1.455145 1.744745 2.806807
1.476757 1.751483 2.857335
1.497775 1.756036 2.908759
1.518122 1.758302 2.960935
1.537720 1.758187 3.013709
1.556489 1.755611 3.066915
1.574349 1.750501 3.120377
1.591220 1.742798 3.173908
1.607024 1.732460 3.227314
1.621682 1.719457 3.280392
1.635120 1.703779 3.332936
1.647265 1.685431 3.384733
1.658048 1.664438 3.435570
1.667405 1.640843 3.485235
1.675275 1.614708 3.533517
1.681605 1.586116 3.580209
1.686346 1.555166 3.625112
1.689457 1.521976 3.668035
1.690905 1.486683 3.708798
1.690663 1.449439 3.747236
1.688714 1.410408 3.783195
1.685047 1.369770 3.816540
1.679663 1.327715 3.847154
1.672570 1.284442 3.874937
1.663784 1.240155 3.899812
1.653330 1.195065 3.921719
1.641243 1.149382 3.940619
1.627565 1.103318 3.956496
1.612346 1.057081 3.969350
1.595644 1.010874 3.979204
1.558049 0.919332 3.990086
1.515363 0.830152 3.989654
1.468245 0.744611 3.978648
1.417406 0.663769 3.957980
1.363584 0.588453 3.928678
1.307526 0.519253 3.891830
1.249959 0.456536 3.848539
1.191582 0.400466 3.799878
1.133043 0.351026 3.746863
1.074934 0.308055 3.690422
1.017780 0.271278 3.631390
0.962039 0.240332 3.570498
0.908099 0.214799 3.508373
0.856278 0.194227 3.445545
0.806831 0.178152 3.382451
0.759951 0.166113 3.319444
0.715776 0.157664 3.256811
0.674398 0.152384 3.194772
0.409782 0.485772 1.977299
0.429096 0.525824 1.934748
0.451649 0.569346 1.896232
0.477547 0.616655 1.862126
0.506924 0.668069 1.832878
0.539939 0.723886 1.809025
0.576771 0.784375 1.791203
0.603539 0.827407 1.783039
0.632144 0.872659 1.778137
0.662644 0.920157 1.776777
0.695089 0.969900 1.779262
0.729528 1.021858 1.785923
0.766000 1.075959 1.797117
0.804533 1.132086 1.813226
0.845140 1.190067 1.834654
0.887814 1.249663 1.861820
0.932527 1.310561 1.895156
0.979218 1.372359 1.935095
1.027794 1.434561 1.982056
1.078119 1.496563 2.036434
1.103883 1.527268 2.066515
1.130010 1.557643 2.098575
1.156471 1.587581 2.132647
1.183229 1.616965 2.168756
1.210245 1.645671 2.206922
1.237476 1.673567 2.247154
1.264873 1.700515 2.289457
1.292384 1.726372 2.333820
1.319953 1.750985 2.380224
1.347516 1.774198 2.428638
1.375009 1.795851 2.479017
1.402360 1.815780 2.531300
1.429493 1.833819 2.585413
1.456328 1.849801 2.641264
1.482780 1.863560 2.698747
1.508760 1.874932 2.757734
1.534176 1.883758 2.818083
1.558933 1.889887 2.879633
1.582930 1.893174 2.942203
1.606068 1.893488 3.005597
1.628243 1.890708 3.069601
1.649351 1.884732 3.133984
1.669289 1.875472 3.198503
1.687952 1.862865 3.262900
1.705240 1.846865 3.326906
1.721053 1.827452 3.390245
1.735295 1.804632 3.452633
1.747875 1.778437 3.513786
1.758707 1.748925 3.573416
1.767714 1.716183 3.631241
1.774823 1.680326 3.686987
1.779972 1.641494 3.740386
1.783107 1.599856 3.791188
1.784186 1.555602 3.839157
1.783176 1.508948 3.884077
1.780056 1.460127 3.925755
1.774818 1.409392 3.964022
1.767464 1.357009 3.998738
1.758009 1.303254 4.029789
1.746480 1.248411 4.057090
1.732916 1.192768 4.080587
1.717368 1.136614 4.100256
1.699896 1.080233 4.116099
1.680573 1.023902 4.128149
1.659479 0.967890 4.136464
1.636703 0.912451 4.141128
1.612344 0.857826 4.142245
1.586504 0.804237 4.139942
1.559294 0.751887 4.134362
1.530827 0.700959 4.125661
1.501219 0.651616 4.114009
1.470591 0.603998 4.099585
1.439062 0.558223 4.082573
1.406754 0.514388 4.063163
1.373785 0.472571 4.041544
1.340274 0.432826 4.017907
1.306337 0.395192 3.992438
1.272085 0.359688 3.965320
1.237627 0.326317 3.936729
1.203066 0.295068 3.906835
1.168502 0.265915 3.875800
1.134029 0.238822 3.843776
1.099734 0.213742 3.810908
1.065699 0.190619 3.777329
1.032002 0.169390 3.743163
0.998712 0.149985 3.708525
0.965895 0.132331 3.673518
0.933608 0.116351 3.638239
0.870831 0.089091 3.567198
0.810737 0.067555 3.495988
0.753594 0.051092 3.425072
0.699595 0.039076 3.354805
0.648864 0.030912 3.285453
0.254003 0.315998 1.782511
0.268214 0.345554 1.734401
0.284836 0.377925 1.689077
0.303985 0.413471 1.646711
0.325812 0.452572 1.607526
0.350503 0.495636 1.571803
0.378276 0.543090 1.539895
0.409381 0.595379 1.512240
0.444100 0.652958 1.489378
0.469404 0.694505 1.477120
0.496547 0.738733 1.467513
0.525630 0.785764 1.460818
0.556756 0.835708 1.457331
0.590029 0.888660 1.457383
0.625553 0.944692 1.461347
0.663429 1.003844 1.469639
0.703751 1.066117 1.482719
0.746606 1.131463 1.501090
0.792065 1.199770 1.525304
0.840180 1.270848 1.555954
0.890982 1.344412 1.593670
0.917390 1.382008 1.615384
0.944465 1.420066 1.639113
0.972200 1.458518 1.664942
1.000585 1.497282 1.692956
1.029606 1.536269 1.723239
1.059248 1.575379 1.755873
1.089487 1.614498 1.790937
1.120299 1.653505 1.828508
1.151653 1.692262 1.868656
1.183513 1.730621 1.911447
1.215838 1.768420 1.956936
1.248580 1.805486 2.005173
1.281686 1.841631 2.056193
1.315095 1.876655 2.110020
1.348742 1.910345 2.166665
1.382550 1.942480 2.226119
1.416439 1.972823 2.288357
1.450320 2.001134 2.353331
1.484095 2.027160 2.420973
1.517661 2.050645 2.491187
1.550904 2.071331 2.563854
1.583707 2.088959 2.638825
1.615942 2.103270 2.715921
1.647478 2.114014 2.794937
1.678175 2.120951 2.875631
1.707890 2.123854 2.957737
1.736475 2.122513 3.040953
1.763780 2.116742 3.124952
1.789650 2.106382 3.209377
1.813934 2.091303 3.293849
1.836478 2.071412 3.377965
1.857133 2.046654 3.461307
1.875754 2.017016 3.543440
1.892201 1.982530 3.623926
1.906342 1.943273 3.702322
1.918057 1.899372 3.778189
1.927236 1.850999 3.851100
1.933780 1.798376 3.920643
1.937609 1.741766 3.986431
1.938656 1.681478 4.048106
1.936872 1.617858 4.105342
1.932227 1.551283 4.157857
1.924710 1.482163 4.205411
1.914327 1.410925 4.247811
1.901106 1.338014 4.284916
1.885094 1.263885 4.316634
1.866355 1.188991 4.342926
1.844972 1.113782 4.363802
1.821044 1.038698 4.379320
1.794687 0.964158 4.389586
1.766029 0.890561 4.394746
1.735212 0.818276 4.394984
1.702386 0.747644 4.390518
1.667713 0.678968 4.381592
1.631359 0.612518 4.368474
1.593495 0.548524 4.351448
1.554295 0.487179 4.330810
1.513935 0.428638 4.306865
1.472589 0.373021 4.279916
1.430430 0.320412 4.250267
1.387626 0.270862 4.218216
1.344340 0.224392 4.184052
1.300730 0.180994 4.148051
1.256947 0.140637 4.110478
1.213132 0.103268 4.071578
1.169420 0.068815 4.031584
1.125936 0.037188 3.990709
1.082796 0.008287 3.949149
1.040107 -0.018002 3.907082
0.997966 -0.041797 3.864669
0.956460 -0.063226 3.822053
0.915669 -0.082418 3.779362
0.875662 -0.099506 3.736707
0.836500 -0.114622 3.694186
0.798235 -0.127899 3.651883
0.760913 -0.139465 3.609869
0.724569 -0.149448 3.568205
0.689236 -0.157972 3.526940
0.654935 -0.165154 3.486116
0.621684 -0.171110 3.445764
0.589494 -0.175948 3.405912
0.558372 -0.179772 3.366576
-0.123724 -0.192256 1.651760
-0.135708 -0.208109 1.602155
-0.148537 -0.226148 1.554567
-0.162412 -0.246571 1.509024
-0.177538 -0.269607 1.465578
-0.194130 -0.295521 1.424304
-0.212416 -0.324616 1.385307
-0.232639 -0.357233 1.348732
-0.255062 -0.393755 1.314768
-0.279970 -0.434607 1.283661
-0.307675 -0.480255 1.255729
-0.338516 -0.531206 1.231372
-0.372862 -0.588004 1.211096
-0.411114 -0.651220 1.195535
-0.438995 -0.697218 1.188160
-0.468937 -0.746500 1.183505
-0.501078 -0.799235 1.181886
-0.535560 -0.855578 1.183668
-0.572530 -0.915668 1.189266
-0.612130 -0.979619 1.199149
-0.654504 -1.047509 1.213847
-0.699788 -1.119366 1.233954
-0.748106 -1.195157 1.260130
-0.799568 -1.274764 1.293101
-0.826505 -1.315934 1.312381
-0.854259 -1.357966 1.333661
-0.882835 -1.400812 1.357051
-0.912235 -1.444415 1.382661
-0.942461 -1.488705 1.410605
-0.973508 -1.533604 1.441000
-1.005370 -1.579019 1.473963
-1.038037 -1.624844 1.509609
-1.071491 -1.670958 1.548057
-1.105712 -1.717224 1.589420
-1.140675 -1.763492 1.633809
-1.176345 -1.809589 1.681331
-1.212683 -1.855330 1.732083
-1.249642 -1.900507 1.786156
-1.287169 -1.944895 1.843627
-1.325198 -1.988250 1.904562
-1.363659 -2.030307 1.969007
-1.402470 -2.070787 2.036990
-1.441539 -2.109389 2.108518
-1.480765 -2.145797 2.183569
-1.520035 -2.179681 2.262095
-1.559226 -2.210700 2.344013
-1.598204 -2.238501 2.429208
-1.636826 -2.262728 2.517524
-1.674936 -2.283021 2.608765
-1.712368 -2.299025 2.702694
-1.748950 -2.310395 2.799028
-1.784497 -2.316796 2.897438
-1.818820 -2.317919 2.997551
-1.851723 -2.313479 3.098949
-1.883005 -2.303228 3.201172
-1.912463 -2.286958 3.303720
-1.939895 -2.264508 3.406059
-1.965100 -2.235774 3.507623
-1.987879 -2.200710 3.607827
-2.008045 -2.159334 3.706068
-2.025416 -2.111736 3.801737
-2.039827 -2.058071 3.894229
-2.051124 -1.998568 3.982952
-2.059175 -1.933527 4.067336
-2.063864 -1.863313 4.146848
-2.065101 -1.788356 4.220993
-2.062819 -1.709141 4.289335
-2.056975 -1.626203 4.351492
-2.047554 -1.540118 4.407153
-2.034570 -1.451491 4.456077
-2.018061 -1.360948 4.498100
-1.998094 -1.269124 4.533132
-1.974761 -1.176651 4.561162
-1.948179 -1.084148 4.582250
-1.918487 -0.992211 4.596528
-1.885847 -0.901407 4.604192
-1.850436 -0.812259 4.605495
-1.812449 -0.725248 4.600743
-1.772093 -0.640801 4.590281
-1.729584 -0.559294 4.574490
-1.685148 -0.481043 4.553774
-1.639011 -0.406310 4.528556
-1.591405 -0.335299 4.499264
-1.542557 -0.268161 4.466332
-1.492693 -0.204995 4.430184
-1.442033 -0.145853 4.391235
-1.390790 -0.090742 4.349885
-1.339167 -0.039630 4.306511
-1.287357 0.007548 4.261470
-1.235544 0.050889 4.215093
-1.183896 0.090514 4.167684
-1.132573 0.126564 4.119519
-1.081717 0.159196 4.070849
-1.031462 0.188581 4.021895
-0.981925 0.214897 3.972855
-0.933212 0.238327 3.923900
-0.885417 0.259059 3.875179
-0.838621 0.277279 3.826817
-0.792893 0.293173 3.778922
-0.748292 0.306920 3.731582
-0.704867 0.318698 3.684867
-0.662656 0.328677 3.638835
-0.621689 0.337020 3.593529
-0.581986 0.343883 3.548982
-0.543563 0.349413 3.505215
-0.506424 0.353750 3.462241
-0.470572 0.357024 3.420068
-0.435999 0.359359 3.378694
0.348983 0.492056 1.934398
0.375658 0.527269 1.890648
0.404163 0.566698 1.850935
0.434854 0.610587 1.815603
0.468079 0.659191 1.785075
0.504180 0.712763 1.759864
0.543493 0.771543 1.740589
0.571648 0.813726 1.731396
0.601469 0.858361 1.725416
0.633046 0.905480 1.722928
0.666465 0.955087 1.724238
0.701801 1.007163 1.729682
0.739123 1.061651 1.739627
0.778488 1.118448 1.754467
0.819935 1.177401 1.774624
0.863485 1.238291 1.800543
0.909136 1.300825 1.832684
0.956853 1.364620 1.871519
1.006569 1.429197 1.917513
1.058174 1.493965 1.971115
1.559727 1.926381 2.828232
1.585389 1.931987 2.893300
1.610227 1.934525 2.959409
1.634134 1.933852 3.026341
1.656997 1.929844 3.093860
1.678707 1.922390 3.161713
1.699150 1.911403 3.229631
1.718215 1.896818 3.297330
1.735795 1.878594 3.364518
1.751782 1.856717 3.430890
1.766076 1.831201 3.496137
1.778579 1.802093 3.559950
1.789203 1.769466 3.622018
1.797863 1.733426 3.682037
1.804488 1.694110 3.739712
1.809013 1.651683 3.794760
1.811385 1.606339 3.846914
1.811561 1.558299 3.895928
1.809512 1.507806 3.941580
1.805221 1.455127 3.983672
1.798684 1.400543 4.022037
1.789909 1.344351 4.056537
1.778919 1.286857 4.087065
1.765750 1.228375 4.113550
1.750449 1.169219 4.135951
1.733077 1.109701 4.154261
1.713705 1.050127 4.168504
1.692417 0.990794 4.178734
1.669304 0.931985 4.185032
1.644469 0.873967 4.187508
1.618019 0.816991 4.186292
1.590071 0.761283 4.181536
1.560744 0.707051 4.173407
1.530165 0.654476 4.162089
1.498459 0.603718 4.147775
1.465756 0.554912 4.130665
1.432185 0.508167 4.110966
1.397876 0.463572 4.088885
1.362955 0.421192 4.064631
1.327548 0.381070 4.038408
1.291776 0.343229 4.010416
1.255755 0.307676 3.980849
1.219598 0.274398 3.949893
0.903766 0.069335 3.634600
0.839204 0.043615 3.560928
0.777598 0.023615 3.487441
0.719192 0.008632 3.414567
0.664155 -0.002002 3.342625
0.612582 -0.008910 3.271844
0.196752 0.244838 1.732434
0.207831 0.268690 1.682701
0.220900 0.294823 1.635321
0.236050 0.323555 1.590386
0.253407 0.355231 1.548020
0.273127 0.390223 1.508389
0.295399 0.428933 1.471707
0.320446 0.471794 1.438250
0.348522 0.519265 1.408363
0.379916 0.571835 1.382481
0.414947 0.630007 1.361145
0.440493 0.672155 1.349770
0.467920 0.717173 1.340945
0.497345 0.765207 1.334936
0.528886 0.816396 1.332049
0.562663 0.870862 1.332630
0.598800 0.928710 1.337069
0.637416 0.990014 1.345807
0.678628 1.054814 1.359335
0.722545 1.123096 1.378196
0.769264 1.194786 1.402990
0.818862 1.269730 1.434371
0.871396 1.347674 1.473041
0.898772 1.387660 1.495342
0.926888 1.428246 1.519747
0.955740 1.469363 1.546356
0.985321 1.510931 1.575266
1.015622 1.552861 1.606576
1.046627 1.595049 1.640385
1.078319 1.637380 1.676788
1.110674 1.679726 1.715880
1.143663 1.721943 1.757749
1.177252 1.763875 1.802478
1.211401 1.805349 1.850143
1.246064 1.846176 1.900812
1.281186 1.886154 1.954540
1.316707 1.925063 2.011370
1.352557 1.962669 2.071329
1.388659 1.998725 2.134426
1.424928 2.032966 2.200650
1.461269 2.065120 2.269967
1.497580 2.094901 2.342319
1.533747 2.122014 2.417617
1.569650 2.146162 2.495744
1.605160 2.167040 2.576552
1.640136 2.184349 2.659857
1.674434 2.197790 2.745439
1.707898 2.207076 2.833044
1.740369 2.211933 2.922378
1.771680 2.212106 3.013112
1.801660 2.207365 3.104881
1.830137 2.197508 3.197287
1.856934 2.182370 3.289899
1.881877 2.161825 3.382259
1.904794 2.135793 3.473887
1.925516 2.104242 3.564285
1.943881 2.067194 3.652943
1.959736 2.024727 3.739347
1.972938 1.976973 3.822986
1.983357 1.924126 3.903359
1.990879 1.866433 3.979984
1.995406 1.804198 4.052408
1.996858 1.737776 4.120210
1.995178 1.667568 4.183012
1.990327 1.594016 4.240482
1.982290 1.517597 4.292343
1.971074 1.438813 4.338376
1.956708 1.358185 4.378420
1.939247 1.276245 4.412378
1.918763 1.193524 4.440213
1.895353 1.110548 4.461950
1.869131 1.027825 4.477671
1.840229 0.945842 4.487514
1.808798 0.865057 4.491665
1.774999 0.785894 4.490354
1.739007 0.708736 4.483850
1.701007 0.633925 4.472452
1.661189 0.561758 4.456484
1.619750 0.492485 4.436288
1.576888 0.426313 4.412218
1.532803 0.363402 4.384633
1.487691 0.303868 4.353892
1.441748 0.247789 4.320347
1.395162 0.195201 4.284344
1.348115 0.146108 4.246213
1.300783 0.100483 4.206270
1.253331 0.058268 4.164810
1.205916 0.019384 4.122110
1.158684 -0.016268 4.078425
1.111771 -0.048805 4.033990
1.065302 -0.078358 3.989015
1.019389 -0.105068 3.943692
0.974137 -0.129080 3.898188
0.929637 -0.150550 3.852655
0.885970 -0.169632 3.807221
0.843208 -0.186481 3.762000
0.801412 -0.201255 3.717088
0.760635 -0.214104 3.672566
0.720919 -0.225178 3.628500
0.682299 -0.234621 3.584947
0.644803 -0.242573 3.541949
0.608451 -0.249166 3.499541
0.573256 -0.254529 3.457748
0.539225 -0.258780 3.416588
0.506360 -0.262033 3.376072
0.474658 -0.264397 3.336207
-0.264080 -0.385081 1.726805
-0.286261 -0.416992 1.682682
-0.310326 -0.452766 1.641749
-0.336586 -0.492727 1.604262
-0.365358 -0.537228 1.570542
-0.396973 -0.586652 1.540994
-0.431775 -0.641396 1.516119
-0.470120 -0.701868 1.496531
-0.497833 -0.745561 1.486773
-0.527397 -0.792086 1.479955
-0.558923 -0.841542 1.476369
-0.592522 -0.894012 1.476346
-0.628305 -0.949557 1.480254
-0.666377 -1.008207 1.488507
-0.706834 -1.069953 1.501558
-0.749765 -1.134736 1.519907
-0.795243 -1.202435 1.544098
-0.843320 -1.272849 1.574714
-0.894025 -1.345688 1.612375
-0.920362 -1.382894 1.634049
-0.947351 -1.420545 1.657728
-0.974985 -1.458570 1.683496
-1.003253 -1.496888 1.711434
-1.032142 -1.535409 1.741625
-1.061634 -1.574031 1.774148
-1.091708 -1.612644 1.809079
-1.122338 -1.651124 1.846493
-1.153492 -1.689335 1.886458
-1.185136 -1.727129 1.929035
-1.217226 -1.764346 1.974278
-1.249717 -1.800814 2.022232
-1.282555 -1.836347 2.072931
-1.315678 -1.870746 2.126395
-1.349022 -1.903804 2.182632
-1.382510 -1.935300 2.241630
-1.416064 -1.965003 2.303362
-1.449592 -1.992674 2.367777
-1.483001 -2.018068 2.434804
-1.516186 -2.040934 2.504348
-1.549037 -2.061017 2.576286
-1.581436 -2.078065 2.650470
-1.613257 -2.091828 2.726721
-1.644372 -2.102060 2.804833
-1.674642 -2.108528 2.884569
-1.703927 -2.111012 2.965661
-1.732081 -2.109310 3.047814
-1.758957 -2.103242 3.130703
-1.784403 -2.092656 3.213978
-1.808271 -2.077428 3.297265
-1.830412 -2.057471 3.380169
-1.850677 -2.032734 3.462279
-1.868927 -2.003207 3.543171
-1.885024 -1.968926 3.622414
-1.898842 -1.929971 3.699576
-1.910261 -1.886466 3.774229
-1.919175 -1.838584 3.845956
-1.925490 -1.786544 3.914356
-1.929127 -1.730606 3.979051
-1.930021 -1.671072 4.039691
-1.928126 -1.608283 4.095963
-1.923413 -1.542608 4.147591
-1.915872 -1.474447 4.194340
-1.905511 -1.404220 4.236026
-1.892358 -1.332361 4.272510
-1.876459 -1.259313 4.303703
-1.857878 -1.185519 4.329568
-1.836696 -1.111420 4.350114
-1.813012 -1.037443 4.365399
-1.786938 -0.963999 4.375525
-1.758601 -0.891477 4.380635
-1.728140 -0.820238 4.380907
-1.695703 -0.750614 4.376554
-1.661448 -0.682903 4.367813
-1.625537 -0.617369 4.354945
-1.588139 -0.554237 4.338227
-1.549425 -0.493698 4.317948
-1.509567 -0.435904 4.294403
-1.468735 -0.380974 4.267890
-1.427099 -0.328991 4.238705
-1.384824 -0.280006 4.207139
-1.342072 -0.234043 4.173474
-1.298995 -0.191095 4.137982
-1.255744 -0.151133 4.100920
-1.212456 -0.114107 4.062530
-1.169265 -0.079948 4.023041
-1.126294 -0.048570 3.982662
-1.083657 -0.019876 3.941586
-1.041460 0.006244 3.899987
-0.999798 0.029906 3.858026
-0.958758 0.051232 3.815844
-0.918418 0.070350 3.773566
-0.878847 0.087387 3.731305
-0.840106 0.102474 3.689157
-0.802247 0.115738 3.647205
-0.765315 0.127309 3.605522
-0.729346 0.137308 3.564167
-0.694370 0.145858 3.523192
-0.660412 0.153074 3.482638
-0.627489 0.159070 3.442537
-0.595613 0.163951 3.402916
0.094394 0.152825 1.682297
0.104314 0.164630 1.630782
0.114760 0.178203 1.581169
0.125911 0.193688 1.533453
0.137947 0.211257 1.487642
0.155687 0.238275 1.429572
0.175784 0.269926 1.375051
0.192699 0.297108 1.336601
0.211444 0.327609 1.300375
0.232267 0.361799 1.266531
1.456985 2.147552 2.089507
1.497348 2.185102 2.167622
1.537760 2.219992 2.249373
1.578090 2.251856 2.334674
1.618196 2.280319 2.423401
1.657927 2.305003 2.515387
1.697117 2.325523 2.610422
1.735593 2.341502 2.708251
1.773169 2.352571 2.808567
1.809652 2.358378 2.911018
1.844841 2.358595 3.015202
1.878527 2.352922 3.120669
1.910498 2.341099 3.226923
1.940541 2.322913 3.333426
1.968440 2.298201 3.439603
1.993983 2.266861 3.544850
2.016964 2.228858 3.648538
2.037183 2.184225 3.750022
2.054452 2.133073 3.848656
2.068599 2.075585 3.943795
2.079465 2.012023 4.034815
2.086914 1.942726 4.121118
-0.577921 -0.806966 1.818343
-1.021265 -0.178154 3.719219
-0.956836 -0.142819 3.650581
-0.894534 -0.113914 3.580908
-0.834737 -0.090823 3.510820
-0.777736 -0.072920 3.440812
-0.573458 0.146909 3.355303
0.055946 0.099502 1.676027
0.062983 0.106511 1.623813
0.070213 0.114734 1.573359
0.077777 0.124253 1.524630
0.088620 0.139138 1.462298
0.100622 0.156807 1.402945
0.114117 0.177639 1.346558
0.129460 0.202094 1.293163
0.147040 0.230729 1.242836
0.167290 0.264210 1.195717
0.190706 0.303319 1.152032
0.217852 0.348976 1.112124
0.241046 0.388148 1.084960
0.267012 0.432104 1.060476
0.296092 0.481400 1.039032
0.328668 0.536640 1.021091
0.365158 0.598475 1.007236
0.391883 0.643699 1.000627
0.420696 0.692367 0.996422
0.451750 0.744688 0.994924
0.485203 0.800868 0.996486
0.521221 0.861103 1.001514
0.559972 0.925574 1.010474
0.601628 0.994434 1.023896
0.646357 1.067799 1.042386
0.694324 1.145730 1.066626
0.719570 1.186408 1.081138
0.745682 1.228217 1.097382
0.772678 1.271142 1.115465
0.800571 1.315158 1.135503
0.829375 1.360234 1.157614
0.859101 1.406329 1.181924
0.889758 1.453389 1.208560
0.921351 1.501352 1.237657
0.953882 1.550142 1.269351
0.987350 1.599668 1.303781
1.021750 1.649823 1.341090
1.057069 1.700487 1.381420
1.093292 1.751517 1.424914
1.130396 1.802756 1.471711
1.168352 1.854022 1.521947
1.207123 1.905113 1.575755
1.246665 1.955807 1.633255
1.286924 2.005855 1.694559
1.327837 2.054986 1.759764
1.369330 2.102904 1.828951
1.411319 2.149290 1.902179
1.453707 2.193801 1.979482
1.496387 2.236072 2.060867
1.539237 2.275717 2.146306
1.582124 2.312332 2.235736
1.624901 2.345499 2.329051
1.667406 2.374789 2.426102
1.709467 2.399767 2.526687
1.750896 2.419996 2.630557
1.791496 2.435047 2.737404
1.831055 2.444505 2.846863
1.869355 2.447975 2.958515
1.906167 2.445094 3.071882
1.941256 2.435537 3.186429
1.974382 2.419027 3.301571
2.005305 2.395347 3.416676
2.033784 2.364342 3.531071
2.059584 2.325935 3.644052
2.082476 2.280126 3.754891
2.102243 2.227003 3.862850
2.118683 2.166742 3.967192
2.131609 2.099608 4.067195
2.140859 2.025959 4.162165
2.146292 1.946236 4.251448
2.147798 1.860961 4.334446
2.145292 1.770731 4.410628
2.138725 1.676201 4.479540
2.128078 1.578081 4.540812
2.113366 1.477115 4.594168
2.094638 1.374073 4.639429
2.071975 1.269730 4.676512
2.045491 1.164858 4.705431
2.015328 1.060207 4.726293
1.981658 0.956496 4.739294
1.944676 0.854396 4.744707
1.904598 0.754528 4.742877
1.861659 0.657448 4.734207
1.816107 0.563647 4.719148
1.768204 0.473543 4.698190
1.718215 0.387483 4.671847
1.666410 0.305741 4.640646
1.613060 0.228519 4.605122
1.558433 0.155956 4.565801
1.502789 0.088126 4.523199
1.446383 0.025045 4.477811
1.389457 -0.033320 4.430106
1.332242 -0.087046 4.380527
1.274956 -0.136251 4.329480
1.217802 -0.181085 4.277339
1.160967 -0.221721 4.224443
1.104624 -0.258355 4.171095
1.048928 -0.291197 4.117564
0.994020 -0.320469 4.064083
0.940025 -0.346397 4.010857
0.887051 -0.369210 3.958057
0.835194 -0.389138 3.905829
0.784535 -0.406405 3.854292
0.735142 -0.421233 3.803545
0.687069 -0.433834 3.753663
0.640361 -0.444413 3.704705
0.595050 -0.453166 3.656712
0.551160 -0.460277 3.609713
0.508704 -0.465922 3.563726
0.467690 -0.470265 3.518755
0.428115 -0.473459 3.474801
0.389971 -0.475649 3.431852
0.353244 -0.476966 3.389896
0.317916 -0.477534 3.348913
-0.513405 -0.689733 2.049588
-0.547844 -0.735641 2.020205
-0.584641 -0.786027 1.996644
-0.624115 -0.840939 1.979483
-0.666551 -0.900369 1.969394
-0.696610 -0.942459 1.966971
-0.728158 -0.986465 1.968280
-0.761246 -1.032304 1.973591
-0.795912 -1.079861 1.983189
-0.832179 -1.128981 1.997373
-0.870055 -1.179460 2.016453
-0.909524 -1.231043 2.040746
-0.950547 -1.283412 2.070565
-0.993057 -1.336183 2.106216
-1.036957 -1.388897 2.147984
-1.082109 -1.441016 2.196117
-1.128339 -1.491918 2.250820
-1.175426 -1.540899 2.312225
-1.223099 -1.587171 2.380381
-1.271036 -1.629874 2.455226
-1.294988 -1.649600 2.495102
-1.318861 -1.668084 2.536566
-1.342599 -1.685202 2.579571
-1.366144 -1.700833 2.624057
-1.389432 -1.714851 2.669954
-1.412399 -1.727135 2.717180
-1.434977 -1.737562 2.765640
-1.457095 -1.746015 2.815227
-1.478679 -1.752380 2.865822
-1.499653 -1.756550 2.917292
-1.519941 -1.758423 2.969495
-1.539464 -1.757909 3.022272
-1.558143 -1.754927 3.075458
-1.575898 -1.749406 3.128874
-1.592650 -1.741290 3.182332
-1.608320 -1.730539 3.235637
-1.622832 -1.717124 3.288585
-1.636110 -1.701038 3.340969
-1.648084 -1.682289 3.392578
-1.658685 -1.660905 3.443197
-1.667849 -1.636930 3.492615
-1.675517 -1.610430 3.540622
-1.681637 -1.581490 3.587011
-1.686161 -1.550212 3.631585
-1.689050 -1.516717 3.674155
-1.690271 -1.481142 3.714543
-1.689798 -1.443641 3.752584
-1.687617 -1.404383 3.788130
-1.683718 -1.363547 3.821046
-1.678102 -1.321324 3.851219
-1.670779 -1.277914 3.878552
-1.661767 -1.233523 3.902969
-1.651092 -1.188360 3.924415
-1.638790 -1.142636 3.942854
-1.624905 -1.096562 3.958271
-1.609486 -1.050346 3.970671
-1.592594 -1.004189 3.980079
-1.554651 -0.912827 3.990100
-1.511665 -0.823926 3.988865
-1.464297 -0.738744 3.977127
-1.413262 -0.658324 3.955806
-1.359299 -0.583476 3.925934
-1.303153 -0.514772 3.888602
-1.245550 -0.452565 3.844910
-1.187185 -0.397001 3.795927
-1.128700 -0.348056 3.742660
-1.070684 -0.305559 3.686032
-1.013657 -0.269227 3.626870
-0.958071 -0.238694 3.565896
-0.904308 -0.213540 3.503730
-0.852683 -0.193311 3.440893
-0.803446 -0.177543 3.377817
-0.756784 -0.165776 3.314850
-0.453346 -0.572178 1.894911
-0.479434 -0.619714 1.861073
-0.509010 -0.671370 1.832123
-0.542235 -0.727443 1.808603
-0.606206 -0.831415 1.783267
-0.634969 -0.876851 1.778665
-0.665629 -0.924532 1.777630
-0.698239 -0.974455 1.780468
-0.732845 -1.026585 1.787511
-0.769487 -1.080848 1.799119
-0.808190 -1.137121 1.815676
-0.848965 -1.195228 1.837586
-0.891806 -1.254922 1.865270
-0.936678 -1.315884 1.899161
-0.983521 -1.377704 1.939688
-1.032237 -1.439875 1.987270
-1.082686 -1.501785 2.042297
-1.108504 -1.532418 2.072712
-1.134680 -1.562703 2.105110
-1.161183 -1.592530 2.139524
-1.187976 -1.621781 2.175977
-1.215019 -1.650331 2.214488
-1.242268 -1.678047 2.255065
-1.269674 -1.704792 2.297709
-1.297185 -1.730417 2.342410
-1.324741 -1.754773 2.389146
-1.352282 -1.777701 2.437882
-1.379738 -1.799041 2.488571
-1.407040 -1.818629 2.541151
-1.434109 -1.836298 2.595544
-1.460865 -1.851882 2.651656
-1.487223 -1.865215 2.709376
-1.513094 -1.876135 2.768575
-1.538384 -1.884484 2.829107
-1.562996 -1.890111 2.890807
-1.586833 -1.892875 2.953493
-1.609792 -1.892645 3.016965
-1.631770 -1.889306 3.081006
-1.652664 -1.882756 3.145384
-1.672370 -1.872913 3.209852
-1.690784 -1.859715 3.274151
-1.707806 -1.843123 3.338011
-1.723336 -1.823121 3.401155
-1.737280 -1.799719 3.463298
-1.749548 -1.772953 3.524156
-1.760056 -1.742887 3.583443
-1.768726 -1.709612 3.640878
-1.775488 -1.673249 3.696186
-1.780281 -1.633941 3.749106
-1.783054 -1.591861 3.799388
-1.783766 -1.547205 3.846799
-1.782387 -1.500191 3.891130
-1.778897 -1.451055 3.932190
-1.773289 -1.400052 3.969816
-1.765570 -1.347451 4.003872
-1.755755 -1.293528 4.034250
-1.743874 -1.238568 4.060870
-1.729968 -1.182860 4.083683
-1.714089 -1.126691 4.102670
-1.696300 -1.070344 4.117838
-1.676674 -1.014094 4.129226
-1.655294 -0.958208 4.136894
-1.632251 -0.902937 4.140932
-1.607642 -0.848519 4.141447
-1.581574 -0.795171 4.138568
-1.554155 -0.743095 4.132440
-1.525500 -0.692470 4.123223
-1.495727 -0.643452 4.111088
-1.464954 -0.596180 4.096215
-1.433303 -0.550768 4.078789
-1.400894 -0.507308 4.058998
-1.367845 -0.465874 4.037034
-1.334274 -0.426519 4.013085
-1.300297 -0.389277 3.987336
-1.266025 -0.354165 3.959971
-1.231565 -0.321182 3.931163
-1.197019 -0.290316 3.901081
-1.162487 -0.261538 3.869885
-1.128061 -0.234811 3.837727
-0.721763 -0.044082 3.383581
-0.669700 -0.034394 3.313851
0.170984 0.259737 1.475354
0.186964 0.284537 1.433418
0.204555 0.312399 1.393707
0.223992 0.343649 1.356348
0.245531 0.378657 1.321514
0.269449 0.417832 1.289428
0.296046 0.461627 1.260377
0.325652 0.510537 1.234730
0.358625 0.565093 1.212951
0.395353 0.625861 1.195621
0.422131 0.670111 1.186891
0.450897 0.717557 1.180714
0.481785 0.768368 1.177386
0.514939 0.822711 1.177244
0.550502 0.880735 1.180675
0.588620 0.942572 1.188116
0.629437 1.008322 1.200065
0.673095 1.078045 1.217081
0.719726 1.151746 1.239786
0.769449 1.229358 1.268874
0.795504 1.269586 1.286045
0.822367 1.310724 1.305101
0.850048 1.352734 1.326147
0.878553 1.395570 1.349291
0.907886 1.439176 1.374644
0.938046 1.483485 1.402321
0.969032 1.528418 1.432438
1.000838 1.573886 1.465112
1.033453 1.619783 1.500461
1.066861 1.665991 1.538603
1.101043 1.712375 1.579653
1.135973 1.758785 1.623723
1.171620 1.805053 1.670920
1.207943 1.850993 1.721346
1.244899 1.896401 1.775091
1.282432 1.941052 1.832237
1.320481 1.984704 1.892850
1.358975 2.027096 1.956981
1.397833 2.067946 2.024662
1.632841 2.262923 2.503839
1.671130 2.283852 2.594975
1.708765 2.300525 2.688846
1.745570 2.312591 2.785174
1.781365 2.319713 2.883636
1.815959 2.321576 2.983863
1.849156 2.317890 3.085441
1.880754 2.308399 3.187913
1.910551 2.292888 3.290782
1.938341 2.271189 3.393514
1.963924 2.243189 3.495547
1.987099 2.208834 3.596292
2.007676 2.168133 3.695146
2.025473 2.121166 3.791496
2.040319 2.068081 3.884734
2.052059 2.009100 3.974262
2.060558 1.944513 4.059504
2.065696 1.874680 4.139917
2.067380 1.800025 4.215000
2.065538 1.721031 4.284305
2.060126 1.638228 4.347443
2.051125 1.552191 4.404090
2.038543 1.463528 4.453997
2.022418 1.372863 4.496988
2.002812 1.280836 4.532964
1.979815 1.188083 4.561905
1.953541 1.095229 4.583864
1.924129 1.002877 4.598964
1.891737 0.911598 4.607397
1.856542 0.821928 4.609411
1.818737 0.734352 4.605307
1.778531 0.649307 4.595430
1.736139 0.567177 4.580157
1.691785 0.488286 4.559895
1.645700 0.412904 4.535066
1.598113 0.341242 4.506102
1.549255 0.273458 4.473438
1.499352 0.209656 4.437501
1.448627 0.149892 4.398712
1.397293 0.094180 4.357473
1.345557 0.042489 4.314168
1.293613 -0.005242 4.269156
1.241646 -0.049108 4.222772
1.189828 -0.089227 4.175327
1.138319 -0.125742 4.127099
1.087265 -0.158807 4.078344
1.036801 -0.188594 4.029287
0.987045 -0.215281 3.980129
0.938107 -0.239053 3.931045
0.890080 -0.260097 3.882185
0.843047 -0.278601 3.833679
0.797081 -0.294752 3.785636
0.752239 -0.308732 3.738144
0.708573 -0.320719 3.691279
0.666121 -0.330884 3.645097
0.624915 -0.339393 3.599644
0.584976 -0.346402 3.554952
0.546319 -0.352061 3.511044
0.508951 -0.356510 3.467935
0.472872 -0.359883 3.425631
0.438079 -0.362302 3.384133
0.404561 -0.363885 3.343435
-0.398245 -0.557749 1.868467
-0.428359 -0.600347 1.831875
-0.460900 -0.647584 1.799979
-0.496212 -0.699708 1.773267
-0.534631 -0.756962 1.752327
-0.562134 -0.798086 1.741916
-0.591258 -0.841634 1.734618
-0.622095 -0.887641 1.730700
-0.671749 -0.961287 1.731811
-0.707230 -1.013448 1.737691
-0.744692 -1.067991 1.748107
-0.784190 -1.124809 1.763454
-0.825759 -1.183739 1.784153
-0.869417 -1.244553 1.810646
-0.915158 -1.306949 1.843392
-0.962944 -1.370535 1.882857
-1.012701 -1.434820 1.929500
-1.064314 -1.499202 1.983759
-1.613217 -1.929477 2.975090
-1.636762 -1.928051 3.041749
-1.659244 -1.923290 3.108934
-1.680554 -1.915090 3.176388
-1.700579 -1.903370 3.243842
-1.719211 -1.888070 3.311014
-1.736342 -1.869157 3.377609
-1.751868 -1.846622 3.443327
-1.765690 -1.820488 3.507860
-1.777713 -1.790805 3.570902
-1.787851 -1.757655 3.632146
-1.796022 -1.721147 3.691294
-1.802158 -1.681425 3.748055
-1.806195 -1.638658 3.802152
-1.808085 -1.593044 3.853326
-1.807787 -1.544806 3.901337
-1.805276 -1.494190 3.945972
-1.800538 -1.441463 3.987039
-1.793569 -1.386906 4.024380
-1.784384 -1.330817 4.057864
-1.773005 -1.273499 4.087393
-1.759472 -1.215263 4.112902
-1.743834 -1.156419 4.134356
-1.726153 -1.097276 4.151755
-1.706504 -1.038135 4.165129
-1.684969 -0.979287 4.174535
-1.661643 -0.921009 4.180061
-1.636627 -0.863563 4.181818
-1.610030 -0.807192 4.179938
-1.581968 -0.752117 4.174576
-1.552562 -0.698539 4.165900
-1.521935 -0.646633 4.154092
-1.104680 -0.187503 3.840406
-1.069248 -0.163420 3.805631
-1.034168 -0.141338 3.770270
-0.999514 -0.121179 3.734446
-0.965354 -0.102864 3.698268
-0.931749 -0.086308 3.661837
-0.898755 -0.071424 3.625244
-0.866421 -0.058124 3.588568
-0.803902 -0.035920 3.515250
-0.744471 -0.018994 3.442361
-0.688327 -0.006667 3.370261
-0.217503 -0.282486 1.682625
-0.231347 -0.309827 1.635811
-0.247350 -0.339897 1.591521
-0.265646 -0.373051 1.549898
-0.286400 -0.409673 1.511128
-0.309812 -0.450174 1.475452
-0.336113 -0.494995 1.443173
-0.365568 -0.544604 1.414677
-0.398474 -0.599491 1.390440
-0.435158 -0.660158 1.371057
-0.461889 -0.704064 1.361185
-0.490568 -0.750909 1.354046
-0.521312 -0.800829 1.349931
-0.554239 -0.853952 1.349169
-0.589468 -0.910383 1.352134
-0.627119 -0.970205 1.359244
-0.667307 -1.033465 1.370969
-0.710140 -1.100165 1.387828
-0.755717 -1.170247 1.410397
-0.804120 -1.243583 1.439302
-0.855409 -1.319951 1.475222
-0.882148 -1.359173 1.496035
-0.909617 -1.399019 1.518875
-0.937815 -1.439426 1.543838
-0.966737 -1.480321 1.571019
-0.996374 -1.521624 1.600515
-1.026715 -1.563238 1.632423
-1.057745 -1.605058 1.666838
-1.089441 -1.646966 1.703854
-1.121781 -1.688829 1.743560
-1.154732 -1.730501 1.786041
-1.188258 -1.771821 1.831376
-1.222319 -1.812614 1.879635
-1.256863 -1.852690 1.930880
-1.291837 -1.891841 1.985161
-1.327175 -1.929848 2.042511
-1.362808 -1.966474 2.102952
-1.398656 -2.001472 2.166484
-1.434631 -2.034578 2.233087
-1.470637 -2.065519 2.302719
-1.506570 -2.094012 2.375309
-1.542314 -2.119767 2.450763
-1.577748 -2.142489 2.528951
-1.612741 -2.161881 2.609716
-1.647154 -2.177650 2.692864
-1.680839 -2.189507 2.778167
-1.713643 -2.197174 2.865360
-1.745406 -2.200390 2.954144
-1.775962 -2.198913 3.044181
-1.805144 -2.192526 3.135104
-1.832779 -2.181045 3.226508
-1.858696 -2.164321 3.317962
-1.882723 -2.142246 3.409011
-1.904693 -2.114756 3.499175
-1.924441 -2.081838 3.587962
-1.941811 -2.043532 3.674870
-1.956656 -1.999931 3.759395
-1.968840 -1.951186 3.841039
-1.978240 -1.897503 3.919318
-1.984748 -1.839141 3.993765
-1.988276 -1.776416 4.063947
-1.988750 -1.709688 4.129462
-1.986121 -1.639364 4.189953
-1.980357 -1.565887 4.245112
-1.971450 -1.489733 4.294682
-1.959415 -1.411401 4.338466
-1.944287 -1.331403 4.376323
-1.926125 -1.250262 4.408175
-1.905008 -1.168497 4.434002
-1.881035 -1.086618 4.453846
-1.854324 -1.005119 4.467800
-1.825012 -0.924469 4.476012
-1.793247 -0.845109 4.478677
-1.759194 -0.767443 4.476030
-1.723027 -0.691836 4.468341
-1.684928 -0.618613 4.455910
-1.645088 -0.548054 4.439059
-1.603701 -0.480392 4.418126
-1.560960 -0.415820 4.393459
-1.517063 -0.354483 4.365409
-1.472203 -0.296488 4.334326
-1.426568 -0.241899 4.300556
-1.380345 -0.190747 4.264431
-1.333710 -0.143028 4.226274
-1.286834 -0.098708 4.186387
-1.239878 -0.057728 4.145059
-1.192993 -0.020005 4.102554
-1.146320 0.014562 4.059119
-1.099992 0.046091 4.014979
-1.054128 0.074710 3.970337
-1.008838 0.100558 3.925374
-0.964220 0.123782 3.880255
-0.920364 0.144532 3.835121
-0.877346 0.162959 3.790097
-0.835236 0.179217 3.745291
-0.794092 0.193457 3.700795
-0.753964 0.205827 3.656686
-0.714891 0.216474 3.613028
-0.676909 0.225538 3.569873
-0.640040 0.233153 3.527264
-0.604306 0.239450 3.485233
-0.569716 0.244552 3.443803
-0.536278 0.248576 3.402992
-0.503993 0.251631 3.362810
-0.260802 -0.398820 1.367454
-0.285692 -0.439269 1.335033
-0.313324 -0.484435 1.305848
-0.366390 -0.571536 1.265516
-0.403041 -0.631753 1.247179
-0.429729 -0.675555 1.237817
-0.458367 -0.722474 1.231035
-0.489089 -0.772672 1.227123
-0.522030 -0.826304 1.226412
-0.557329 -0.883507 1.229282
-0.595125 -0.944401 1.236159
-0.635557 -1.009074 1.247527
-0.678756 -1.077573 1.263930
-0.724849 -1.149890 1.285971
-0.773947 -1.225949 1.314318
0.313703 0.447805 1.901244
0.338459 0.480471 1.855440
0.364919 0.517165 1.813317
0.393429 0.558149 1.775164
0.424333 0.603702 1.741343
0.457972 0.654120 1.712299
0.494689 0.709698 1.688574
0.534822 0.770716 1.670824
0.563643 0.814541 1.662691
0.594230 0.860954 1.657826
0.626678 0.909993 1.656525
0.661075 0.961677 1.659118
0.697506 1.015993 1.665967
0.736045 1.072888 1.677467
0.776751 1.132265 1.694046
0.819673 1.193966 1.716163
0.864834 1.257767 1.744302
0.912234 1.323357 1.778971
0.961843 1.390334 1.820684
1.013589 1.458183 1.869959
1.040231 1.492241 1.897588
1.067360 1.526267 1.927291
1.094954 1.560162 1.959124
1.122985 1.593816 1.993138
1.151425 1.627108 2.029380
1.180236 1.659911 2.067889
1.209381 1.692087 2.108699
1.238813 1.723487 2.151834
1.268484 1.753957 2.197309
1.298338 1.783331 2.245127
1.328315 1.811434 2.295279
1.358349 1.838087 2.347741
1.388369 1.863103 2.402477
1.418296 1.886287 2.459431
1.448048 1.907445 2.518530
1.477535 1.926375 2.579682
1.506664 1.942880 2.642775
1.535335 1.956760 2.707676
1.563443 1.967822 2.774229
1.590879 1.975877 2.842258
1.617531 1.980747 2.911561
1.643281 1.982265 2.981918
1.668011 1.980279 3.053083
1.691600 1.974656 3.124795
1.713927 1.965281 3.196768
1.734869 1.952065 3.268704
1.754308 1.934945 3.340287
1.772124 1.913887 3.411191
1.788206 1.888887 3.481080
1.802443 1.859974 3.549614
1.814733 1.827210 3.616453
1.824982 1.790694 3.681257
1.833103 1.750556 3.743698
1.839020 1.706962 3.803456
1.842670 1.660111 3.860229
1.843999 1.610230 3.913737
1.842967 1.557579 3.963722
1.839549 1.502438 4.009955
1.833733 1.445112 4.052239
1.825523 1.385921 4.090408
1.814935 1.325201 4.124335
1.802002 1.263293 4.153925
1.786770 1.200545 4.179125
1.769299 1.137302 4.199914
1.749663 1.073905 4.216311
1.727947 1.010684 4.228366
1.704247 0.947955 4.236164
1.678671 0.886019 4.239819
1.651335 0.825155 4.239470
1.622361 0.765620 4.235281
1.591878 0.707645 4.227436
1.560021 0.651437 4.216134
1.526928 0.597175 4.201589
1.492738 0.545010 4.184023
1.457591 0.495067 4.163662
1.421627 0.447444 4.140737
1.384984 0.402215 4.115477
1.347798 0.359427 4.088110
1.310201 0.319109 4.058857
1.272319 0.281264 4.027932
1.234276 0.245879 3.995540
1.196188 0.212925 3.961876
1.158165 0.182357 3.927125
1.120309 0.154116 3.891459
1.082719 0.128134 3.855036
1.045484 0.104332 3.818005
1.008685 0.082626 3.780500
0.972398 0.062925 3.742644
0.936692 0.045134 3.704547
0.901626 0.029156 3.666308
0.867255 0.014890 3.628016
0.833627 0.002237 3.589748
0.800783 -0.008902 3.551573
0.768758 -0.018624 3.513551
0.707277 -0.034204 3.438159
0.649357 -0.045238 3.363898
0.595094 -0.052407 3.290992
-0.869696 -1.316812 1.567251
0.127182 0.198549 1.701253
0.139581 0.214237 1.650234
0.152758 0.232145 1.601296
0.166926 0.252463 1.554467
0.294399 0.454533 1.312723
0.323157 0.501694 1.285105
1.436110 2.090365 2.126810
1.474672 2.125878 2.200395
1.513265 2.158915 2.277354
1.551769 2.189145 2.357604
1.590054 2.216230 2.441032
-0.367479 -0.519607 1.830213
-0.395997 -0.560288 1.791738
-0.426867 -0.605515 1.757609
-0.460432 -0.655574 1.728266
-0.497033 -0.710751 1.704247
-0.537009 -0.771318 1.686199
-0.565700 -0.814809 1.677861
-0.596136 -0.860858 1.672782
-0.628411 -0.909501 1.671255
-0.662613 -0.960754 1.673604
-0.698824 -1.014601 1.680186
-0.737116 -1.070989 1.691390
-0.777548 -1.129819 1.707637
-0.820167 -1.190933 1.729377
-0.864994 -1.254106 1.757087
-0.912030 -1.319033 1.791263
-0.961242 -1.385313 1.832410
-1.012560 -1.452438 1.881033
-1.038974 -1.486127 1.908302
-1.065869 -1.519782 1.937618
-1.093221 -1.553304 1.969038
-1.121004 -1.586584 2.002611
-1.149187 -1.619505 2.038382
-1.177736 -1.651942 2.076390
-1.206612 -1.683759 2.116667
-1.235770 -1.714811 2.159236
-1.265162 -1.744944 2.204112
-1.294733 -1.773997 2.251298
-1.324425 -1.801800 2.300784
-1.354172 -1.828175 2.352547
-1.383903 -1.852939 2.406551
-1.413543 -1.875903 2.462740
-1.443010 -1.896874 2.521044
-1.472216 -1.915658 2.581372
-1.501069 -1.932058 2.643614
-1.529470 -1.945881 2.707641
-1.557318 -1.956936 2.773299
-1.584506 -1.965040 2.840416
-1.610922 -1.970016 2.908797
-1.706551 -1.955608 3.190301
-1.727357 -1.942823 3.261339
-1.746685 -1.926202 3.332049
-1.764420 -1.905710 3.402113
-1.780450 -1.881341 3.471200
-1.794667 -1.853120 3.538980
-1.806970 -1.821109 3.605116
-1.817267 -1.785398 3.669278
-1.825471 -1.746115 3.731142
-1.831509 -1.703418 3.790393
-1.835314 -1.657500 3.846736
-1.836835 -1.608581 3.899893
-1.836033 -1.556912 3.949608
-1.832879 -1.502765 3.995655
-1.827362 -1.446437 4.037836
-1.819484 -1.388240 4.075987
-1.809259 -1.328500 4.109978
-1.796719 -1.267552 4.139712
-1.781907 -1.205735 4.165131
-1.764881 -1.143388 4.186213
-1.745711 -1.080845 4.202968
-1.724481 -1.018430 4.215443
-1.701283 -0.956457 4.223716
-1.676222 -0.895220 4.227893
-1.649410 -0.834997 4.228108
-1.620968 -0.776042 4.224518
-1.591021 -0.718586 4.217299
-1.559701 -0.662835 4.206644
-1.527142 -0.608969 4.192760
-1.493482 -0.557140 4.175861
-1.458858 -0.507475 4.156171
-1.423408 -0.460075 4.133914
-1.387268 -0.415016 4.109314
-1.350571 -0.372350 4.082594
-1.313448 -0.332107 4.053972
-1.276026 -0.294296 4.023660
-1.238424 -0.258908 3.991859
-1.200758 -0.225916 3.958763
-1.163139 -0.195280 3.924555
-1.125668 -0.166945 3.889404
-1.088443 -0.140846 3.853471
-1.051552 -0.116909 3.816902
-1.015078 -0.095052 3.779832
-0.979096 -0.075188 3.742383
-0.943674 -0.057224 3.704667
-0.908874 -0.041067 3.666784
-0.874751 -0.026617 3.628822
-0.841353 -0.013780 3.590860
-0.808721 -0.002456 3.552969
-0.776892 0.007450 3.515208
-0.715756 0.023383 3.440278
-0.658124 0.034745 3.366407
1.392379 1.843596 2.452250
1.421226 1.864784 2.507975
1.449850 1.883938 2.565688
1.478164 1.900873 2.625288
1.506076 1.915404 2.686660
1.533490 1.927347 2.749666
0.322788 0.483297 1.382379
0.352225 0.532825 1.354784
0.385112 0.587741 1.331320
0.477250 0.739812 1.296220
0.508055 0.790116 1.292348
0.541077 0.843732 1.291779
0.576444 0.900783 1.294889
0.614282 0.961367 1.302108
0.654717 1.025549 1.313912
0.697868 1.093351 1.330839
0.743844 1.164735 1.353479
0.792739 1.239592 1.382482
0.844628 1.317720 1.418556
0.007969 0.031409 1.653713
0.011203 0.032379 1.601661
0.014229 0.033835 1.551258
0.018089 0.036529 1.486533
0.021910 0.040099 1.424537
0.025853 0.044594 1.365159
0.030061 0.050092 1.308301
0.034674 0.056702 1.253867
0.039835 0.064569 1.201772
0.045689 0.073874 1.151940
0.054230 0.087876 1.092732
0.064463 0.105029 1.036856
0.076809 0.126022 0.984255
0.091772 0.151718 0.934929
0.109968 0.183186 0.888959
0.132149 0.221750 0.846543
0.153376 0.258792 0.815410
0.178308 0.302411 0.787085
0.207611 0.353776 0.762010
0.232923 0.398193 0.745709
0.261512 0.448376 0.731951
0.293800 0.505039 0.721202
0.330262 0.568963 0.714064
0.357146 0.616025 0.711682
0.386285 0.666946 0.711521
0.417860 0.721994 0.713904
0.452058 0.781438 0.719211
0.489079 0.845541 0.727887
0.529126 0.914559 0.740446
0.572413 0.988723 0.757482
0.619152 1.068229 0.779683
0.643883 1.110033 0.792961
0.669557 1.153221 0.807833
0.696199 1.197800 0.824413
0.723834 1.243770 0.842824
0.752485 1.291123 0.863196
0.782174 1.339844 0.885665
0.812922 1.389907 0.910376
0.844747 1.441277 0.937479
0.877664 1.493905 0.967135
0.911686 1.547729 0.999507
0.946822 1.602673 1.034768
0.983075 1.658642 1.073093
1.020447 1.715523 1.114664
1.058931 1.773183 1.159665
1.098515 1.831464 1.208282
1.139180 1.890188 1.260701
1.180900 1.949146 1.317106
1.223637 2.008104 1.377674
1.267347 2.066797 1.442577
1.311972 2.124930 1.511972
1.357444 2.182174 1.586004
1.403682 2.238168 1.664795
1.450592 2.292517 1.748446
1.498062 2.344795 1.837023
1.545967 2.394543 1.930561
1.594166 2.441270 2.029051
1.642500 2.484463 2.132435
1.690792 2.523581 2.240603
1.738847 2.558070 2.353385
1.786455 2.587362 2.470542
1.833386 2.610888 2.591769
1.879393 2.628083 2.716683
1.924217 2.638401 2.844822
1.967582 2.641324 2.975648
2.009201 2.636373 3.108541
2.048779 2.623126 3.242806
2.086015 2.601225 3.377676
2.120603 2.570397 3.512319
2.152243 2.530457 3.645849
2.180636 2.481329 3.777340
2.205498 2.423048 3.905837
2.226559 2.355770 4.030375
2.243567 2.279777 4.149998
2.256299 2.195475 4.263779
2.264560 2.103393 4.370840
2.268190 2.004176 4.470369
2.267065 1.898574 4.561641
2.261103 1.787430 4.644034
2.250266 1.671663 4.717043
2.234559 1.552244 4.780290
2.214030 1.430185 4.833529
2.188773 1.306507 4.876653
2.158924 1.182226 4.909686
2.124659 1.058329 4.932786
2.086188 0.935757 4.946228
2.043758 0.815384 4.950400
1.997640 0.698010 4.945783
1.948130 0.584344 4.932936
1.895542 0.474999 4.912482
1.840204 0.370488 4.885090
1.782451 0.271223 4.851455
1.722621 0.177515 4.812286
1.661050 0.089580 4.768292
1.598070 0.007544 4.720164
1.534002 -0.068549 4.668572
1.469157 -0.138731 4.614148
1.403829 -0.203096 4.557486
1.338295 -0.261793 4.499134
1.272814 -0.315018 4.439590
1.207625 -0.363003 4.379303
1.142948 -0.406007 4.318671
1.078978 -0.444311 4.258044
1.015895 -0.478209 4.197723
0.953853 -0.508002 4.137964
0.892991 -0.533993 4.078983
0.833427 -0.556483 4.020956
0.775260 -0.575766 3.964025
0.718572 -0.592128 3.908301
0.663433 -0.605845 3.853865
0.609893 -0.617178 3.800778
0.557992 -0.626376 3.749077
0.507756 -0.633673 3.698782
0.459200 -0.639287 3.649899
0.412330 -0.643423 3.602419
0.367141 -0.646268 3.556325
0.323622 -0.647999 3.511592
0.281754 -0.648776 3.468188
0.241511 -0.648746 3.426075
0.202864 -0.648044 3.385213
0.165776 -0.646793 3.345560
0.130209 -0.645104 3.307071
-0.623428 -0.791104 2.336247
-0.658116 -0.829866 2.310969
-0.694150 -0.872222 2.291705
-0.731834 -0.917983 2.278887
-0.771406 -0.966894 2.272999
-0.813041 -1.018614 2.274567
-0.856841 -1.072696 2.284142
-0.902832 -1.128562 2.302287
-0.934682 -1.166444 2.319416
-0.967437 -1.204536 2.340748
-1.001033 -1.242543 2.366418
-1.035383 -1.280128 2.396539
-1.070375 -1.316913 2.431194
-1.105872 -1.352484 2.470427
-1.141706 -1.386385 2.514238
-1.177684 -1.418126 2.562565
-1.213581 -1.447191 2.615285
-1.249142 -1.473039 2.672195
-1.284085 -1.495123 2.733010
-1.318102 -1.512895 2.797353
-1.350858 -1.525829 2.864750
-1.382003 -1.533433 2.934630
-1.411169 -1.535272 3.006326
-1.437984 -1.530986 3.079081
-1.462074 -1.520313 3.152060
-1.483080 -1.503104 3.224365
-1.500658 -1.479338 3.295057
-1.514500 -1.449136 3.363180
-1.524334 -1.412764 3.427791
-1.529941 -1.370636 3.487986
-1.531164 -1.323300 3.542933
-1.527908 -1.271428 3.591900
-1.520152 -1.215795 3.634273
-1.507946 -1.157251 3.669582
-1.491418 -1.096692 3.697507
-1.470761 -1.035033 3.717886
-1.446236 -0.973170 3.730711
-1.418162 -0.911958 3.736117
-1.386905 -0.852185 3.734371
-1.352867 -0.794551 3.725847
-1.316480 -0.739654 3.711011
-1.278189 -0.687984 3.690389
-1.238441 -0.639922 3.664552
-1.197680 -0.595736 3.634090
-1.156335 -0.555595 3.599596
-1.114811 -0.519577 3.561647
-1.073486 -0.487676 3.520795
-1.032705 -0.459822 3.477556
-0.992778 -0.435888 3.432403
-0.953979 -0.415707 3.385768
-0.916542 -0.399081 3.338034
-0.880668 -0.385794 3.289540
-0.846521 -0.375619 3.240582
-0.814231 -0.368327 3.191419
-0.783901 -0.363693 3.142272
-0.643784 -0.722213 2.245177
-0.667732 -0.768450 2.219911
-0.695171 -0.817708 2.200250
-0.726100 -0.869980 2.186717
-0.760509 -0.925184 2.179893
-0.798377 -0.983150 2.180407
-0.839652 -1.043588 2.188931
-0.869018 -1.085043 2.199409
-0.899819 -1.127234 2.213970
-0.931999 -1.169951 2.232820
-0.965488 -1.212938 2.256160
-1.000196 -1.255898 2.284174
-1.036012 -1.298481 2.317029
-1.072800 -1.340288 2.354857
-1.110397 -1.380867 2.397753
-1.148610 -1.419717 2.445758
-1.187214 -1.456288 2.498854
-1.225954 -1.489990 2.556944
-1.264537 -1.520197 2.619844
-1.302639 -1.546267 2.687272
-1.339902 -1.567548 2.758834
-1.375940 -1.583404 2.834022
-1.410341 -1.593234 2.912203
-1.442675 -1.596497 2.992625
-1.472499 -1.592738 3.074422
-1.499372 -1.581613 3.156626
-1.522860 -1.562917 3.238183
-1.542551 -1.536599 3.317985
-1.558070 -1.502784 3.394898
-1.569087 -1.461777 3.467794
-1.575336 -1.414064 3.535597
-1.576618 -1.360303 3.597315
-1.572818 -1.301306 3.652080
-1.563906 -1.238012 3.699174
-1.549941 -1.171452 3.738057
-1.531071 -1.102709 3.768379
-1.507530 -1.032885 3.789987
-1.479631 -0.963051 3.802914
-1.447753 -0.894219 3.807375
-1.412332 -0.827308 3.803736
-1.373847 -0.763124 3.792491
-1.332806 -0.702339 3.774237
-1.289730 -0.645486 3.749635
-1.245141 -0.592963 3.719388
-1.199549 -0.545030 3.684209
-1.153445 -0.501826 3.644805
-1.107286 -0.463383 3.601851
-1.061495 -0.429640 3.555981
-1.016453 -0.400460 3.507778
-0.972496 -0.375649 3.457770
-0.929916 -0.354969 3.406424
-0.888961 -0.338157 3.354149
-0.849833 -0.324931 3.301300
-0.812696 -0.315007 3.248180
-0.777676 -0.308102 3.195046
-0.603569 -0.706047 2.142168
-0.630151 -0.755132 2.116605
-0.660322 -0.807638 2.096825
-0.694125 -0.863614 2.083410
-0.731597 -0.923034 2.077016
-0.772764 -0.985769 2.078366
-0.802262 -1.029314 2.083956
-0.833390 -1.074105 2.093585
-0.866127 -1.119988 2.107506
-0.900437 -1.166766 2.125979
-0.936268 -1.214194 2.149261
-0.973546 -1.261973 2.177599
-1.012176 -1.309747 2.211229
-1.052036 -1.357097 2.250359
-1.092972 -1.403538 2.295159
-1.134797 -1.448522 2.345754
-1.177287 -1.491433 2.402201
-1.220180 -1.531596 2.464479
-1.263168 -1.568284 2.532469
-1.305904 -1.600726 2.605941
-1.347997 -1.628129 2.684534
-1.389016 -1.649697 2.767748
-1.428495 -1.664654 2.854929
-1.465936 -1.672281 2.945269
-1.500819 -1.671944 3.037808
-1.532614 -1.663130 3.131442
-1.560795 -1.645484 3.224946
-1.584850 -1.618837 3.317000
-1.604304 -1.583234 3.406231
-1.618729 -1.538949 3.491254
-1.627768 -1.486490 3.570724
-1.631145 -1.426593 3.643388
-1.628680 -1.360202 3.708135
-1.620297 -1.288435 3.764038
-1.606033 -1.212541 3.810388
-1.586035 -1.133852 3.846722
-1.560557 -1.053724 3.872826
-1.529955 -0.973490 3.888730
-1.494668 -0.894404 3.894696
-1.455211 -0.817603 3.891184
-1.412151 -0.744075 3.878820
-1.366093 -0.674638 3.858351
-1.317656 -0.609927 3.830610
-1.267462 -0.550402 3.796471
-1.216119 -0.496347 3.756820
-1.164205 -0.447893 3.712519
-1.112257 -0.405037 3.664386
-1.060768 -0.367661 3.613178
-1.010178 -0.335557 3.559580
-0.960870 -0.308452 3.504203
-0.913174 -0.286024 3.447577
-0.867362 -0.267923 3.390157
-0.823655 -0.253787 3.332328
-0.782224 -0.243252 3.274413
-0.536718 -0.651411 2.026412
-0.583851 -0.736091 1.980727
-0.718460 -0.145680 3.274005
-0.314438 -0.448559 1.531154
-0.339943 -0.492391 1.497243
-0.368551 -0.540820 1.467102
-0.400539 -0.594317 1.441189
-0.725172 -1.113601 1.433915
-0.770752 -1.183040 1.457187
-0.819091 -1.255539 1.486847
-1.336785 -1.923280 2.094155
-1.371704 -1.958070 2.154295
-1.406782 -1.991156 2.217404
-1.441930 -2.022284 2.283450
-1.477051 -2.051189 2.352379
-1.512040 -2.077598 2.424111
-1.546783 -2.101233 2.498537
-1.581160 -2.121814 2.575521
-1.615040 -2.139059 2.654896
-1.648287 -2.152692 2.736459
0.233807 0.355517 1.408305
0.255800 0.390889 1.372446
0.359153 0.559862 1.268010
0.395025 0.618818 1.248736
0.421148 0.661719 1.238663
0.449183 0.707690 1.231087
0.479263 0.756895 1.226289
0.528511 0.837105 1.225008
0.564297 0.895052 1.228646
0.602611 0.956714 1.236382
0.643588 1.022172 1.248712
0.687361 1.091464 1.266190
0.734054 1.164571 1.289435
1.148068 1.760485 1.677599
1.183285 1.805340 1.724925
1.219131 1.849771 1.775415
1.255556 1.893574 1.829149
1.292507 1.936525 1.886198
1.329917 1.978385 1.946616
1.367714 2.018895 2.010442
1.405816 2.057779 2.077693
1.635001 2.239696 2.550964
1.672109 2.258365 2.640449
1.708507 2.272804 2.732454
1.744026 2.282684 2.826696
1.778487 2.287694 2.922847
1.811707 2.287544 3.020541
-1.655603 -1.979797 3.019675
-1.679696 -1.975901 3.091007
-0.726942 -1.167067 1.223922
-0.777528 -1.246150 1.254665
0.417057 0.616149 1.462432
0.773034 1.180111 1.482244
0.820896 1.251618 1.511361
0.871511 1.325845 1.547441
1.838133 2.109207 3.334413
1.860475 2.086698 3.420633
1.880814 2.059128 3.505875
1.899001 2.026501 3.589681
1.914892 1.988869 3.671590
1.928356 1.946334 3.751139
1.939269 1.899049 3.827873
1.947523 1.847216 3.901352
1.953023 1.791088 3.971155
1.955689 1.730961 4.036889
1.955462 1.667178 4.098194
1.952297 1.600117 4.154751
1.946173 1.530190 4.206285
1.937086 1.457837 4.252569
1.925053 1.383517 4.293427
1.910112 1.307700 4.328738
1.892320 1.230864 4.358435
1.871755 1.153485 4.382504
1.848510 1.076028 4.400985
1.822699 0.998943 4.413966
1.794448 0.922660 4.421583
1.763897 0.847580 4.424014
-0.167336 -0.252951 1.669765
-0.182609 -0.274106 1.621465
-0.199082 -0.298036 1.575475
-0.216995 -0.324995 1.531883
-0.236597 -0.355272 1.490811
-0.258149 -0.389199 1.452420
-0.281928 -0.427143 1.416925
-0.308230 -0.469511 1.384600
-0.337374 -0.516748 1.355793
-0.369700 -0.569333 1.330943
-0.405576 -0.627770 1.310598
-0.431658 -0.670236 1.299867
-0.459615 -0.715690 1.291676
-0.489571 -0.764282 1.286300
-0.521657 -0.816155 1.284051
-0.556005 -0.871441 1.285286
-0.592747 -0.930249 1.290406
-0.632013 -0.992663 1.299867
-0.673929 -1.058728 1.314175
-0.718616 -1.128438 1.333897
-0.766177 -1.201724 1.359657
-0.816703 -1.278434 1.392136
-0.843098 -1.317998 1.411124
-0.870256 -1.358313 1.432072
-0.898179 -1.399329 1.455079
-0.926867 -1.440984 1.480247
-0.956318 -1.483208 1.507680
-0.986525 -1.525920 1.537481
-1.017480 -1.569025 1.569754
-1.049167 -1.612418 1.604605
-1.081568 -1.655979 1.642135
-1.114660 -1.699574 1.682444
-1.148415 -1.743055 1.725626
-1.182797 -1.786258 1.771772
-1.217765 -1.829001 1.820962
-1.253271 -1.871089 1.873269
-1.289259 -1.912307 1.928753
-1.325668 -1.952427 1.987462
-1.362424 -1.991201 2.049426
-1.399449 -2.028368 2.114655
-1.436652 -2.063651 2.183141
-1.473937 -2.096761 2.254848
-1.511194 -2.127396 2.329717
-1.548307 -2.155247 2.407655
-1.585149 -2.179995 2.488541
-1.621584 -2.201323 2.572216
-1.657466 -2.218909 2.658487
-1.692642 -2.232442 2.747121
-1.726950 -2.241616 2.837849
-1.760221 -2.246143 2.930358
-1.792281 -2.245753 3.024300
-1.822950 -2.240206 3.119285
-1.852047 -2.229291 3.214891
-1.879386 -2.212836 3.310660
-1.904785 -2.190713 3.406105
-1.928063 -2.162843 3.500716
-1.949043 -2.129198 3.593965
-1.967557 -2.089811 3.685313
-1.983443 -2.044771 3.774214
-1.996555 -1.994231 3.860131
-2.006758 -1.938403 3.942537
-2.013934 -1.877563 4.020929
-2.017984 -1.812041 4.094831
-2.018828 -1.742226 4.163809
-2.016408 -1.668551 4.227473
-2.010689 -1.591494 4.285486
-2.001661 -1.511568 4.337570
-1.989335 -1.429311 4.383509
-1.973749 -1.345278 4.423152
-1.954963 -1.260033 4.456415
-1.933061 -1.174139 4.483279
-1.908149 -1.088147 4.503790
-1.880352 -1.002591 4.518055
-1.849815 -0.917977 4.526239
-1.816698 -0.834779 4.528557
-1.781177 -0.753430 4.525268
-1.743437 -0.674321 4.516670
-1.703675 -0.597798 4.503093
-1.662092 -0.524156 4.484888
-1.618897 -0.453641 4.462426
-1.574297 -0.386452 4.436085
-1.528500 -0.322738 4.406246
-1.481714 -0.262605 4.373289
-1.434138 -0.206114 4.337585
-1.385969 -0.153288 4.299494
-1.337395 -0.104115 4.259359
-1.288594 -0.058549 4.217505
-1.239737 -0.016518 4.174237
-1.190983 0.022075 4.129835
0.274787 0.397905 1.838566
0.297312 0.428179 1.791648
0.321468 0.462247 1.748030
0.347579 0.500389 1.707949
0.375974 0.542913 1.671706
0.406984 0.590151 1.639679
0.440949 0.642451 1.612334
0.478215 0.700166 1.590242
0.505066 0.741822 1.578768
0.533646 0.786132 1.570175
0.564060 0.833181 1.564729
0.596412 0.883037 1.562736
0.630802 0.935750 1.564531
0.667328 0.991339 1.570489
0.706079 1.049791 1.581024
0.747133 1.111046 1.596587
0.790557 1.174987 1.617667
0.836397 1.241429 1.644790
0.884676 1.310104 1.678510
0.935390 1.380647 1.719408
0.961648 1.416473 1.742732
0.988495 1.452576 1.768071
1.015918 1.488874 1.795498
1.043902 1.525279 1.825084
1.072428 1.561690 1.856898
1.101471 1.597999 1.891006
1.131005 1.634084 1.927468
1.160997 1.669815 1.966340
1.191410 1.705051 2.007672
1.222202 1.739639 2.051504
1.253325 1.773415 2.097868
1.284727 1.806206 2.146785
1.316346 1.837825 2.198263
1.348118 1.868079 2.252297
1.379971 1.896765 2.308866
1.411827 1.923670 2.367930
1.443599 1.948578 2.429432
1.475197 1.971265 2.493292
1.506522 1.991505 2.559412
1.537470 2.009072 2.627665
1.567931 2.023739 2.697905
1.597787 2.035286 2.769956
1.626917 2.043500 2.843618
1.655195 2.048177 2.918666
1.682491 2.049128 2.994848
1.708672 2.046181 3.071885
1.733603 2.039186 3.149478
1.757147 2.028017 3.227303
1.779169 2.012576 3.305018
1.799534 1.992797 3.382263
1.818113 1.968646 3.458666
1.834776 1.940128 3.533845
1.849406 1.907285 3.607413
1.861887 1.870199 3.678985
1.872116 1.828994 3.748179
1.880000 1.783832 3.814624
1.885456 1.734915 3.877966
1.888417 1.682484 3.937871
1.888829 1.626811 3.994030
1.886651 1.568205 4.046166
1.881861 1.506997 4.094035
1.874453 1.443547 4.137433
1.864437 1.378228 4.176194
1.851839 1.311427 4.210196
1.836703 1.243539 4.239359
1.819088 1.174960 4.263647
1.799071 1.106080 4.283066
1.776739 1.037281 4.297665
1.752196 0.968931 4.307528
1.725557 0.901377 4.312778
1.696946 0.834944 4.313569
1.666500 0.769932 4.310083
1.634359 0.706612 4.302529
1.600672 0.645224 4.291132
1.565591 0.585976 4.276135
1.529272 0.529047 4.257791
1.491871 0.474579 4.236361
1.453543 0.422689 4.212109
1.414444 0.373460 4.185298
1.374723 0.326947 4.156188
1.334529 0.283180 4.125032
1.294005 0.242163 4.092076
1.253285 0.203880 4.057553
1.212501 0.168294 4.021684
1.171775 0.135350 3.984680
1.131222 0.104980 3.946732
1.090949 0.077103 3.908022
1.051056 0.051628 3.868713
1.011634 0.028454 3.828955
0.972764 0.007476 3.788885
0.934522 -0.011416 3.748622
0.896975 -0.028336 3.708276
0.860181 -0.043397 3.667940
0.824192 -0.056714 3.627700
0.789053 -0.068401 3.587627
0.754800 -0.078571 3.547783
0.721465 -0.087331 3.508221
0.689073 -0.094788 3.468985
0.657642 -0.101045 3.430112
0.597720 -0.110345 3.353567
0.001717 -0.003673 1.383776
0.000872 -0.003335 1.325976
0.000194 -0.003164 1.270591
-0.000367 -0.003136 1.217520
-0.000852 -0.003234 1.166665
-0.001398 -0.003518 1.106073
-0.001922 -0.003976 1.048629
-0.002466 -0.004611 0.994169
-0.003064 -0.005442 0.942538
-0.003900 -0.006736 0.884109
-0.004923 -0.008425 0.829305
-0.006203 -0.010611 0.777902
-0.008131 -0.013972 0.721952
-0.010693 -0.018493 0.670042
-0.014691 -0.025608 0.615304
-0.020283 -0.035626 0.565105
-0.029322 -0.051908 0.513669
-0.042620 -0.075984 0.467267
-0.059674 -0.106988 0.430172
-0.080340 -0.144677 0.401086
-0.103866 -0.187679 0.379015
-0.128812 -0.233345 0.363078
-0.153128 -0.277897 0.352352
