inf
5.703481345851573181e-01
5.683748588001629187e-01
5.420057774727919941e-01
5.254202598470236740e-01
4.815446316704763974e-01
4.785885156645963145e-01
4.705282680318634281e-01
4.680161826255486712e-01
4.676864467112358814e-01
4.618488429587914723e-01
4.283968387057864868e-01
4.225722185111916995e-01
4.152578654088112109e-01
4.029799356310058700e-01
3.937558165718937908e-01
3.919623177634617428e-01
3.911779843490121866e-01
3.884663405654493751e-01
3.828222041424482192e-01
3.805875196069976041e-01
3.798599262832442203e-01
3.741129361749216398e-01
3.696759155334230496e-01
3.647750465844930012e-01
3.641479186383589917e-01
3.635010792971705706e-01
3.560152483399975920e-01
3.557627727478916424e-01
3.472169764215060628e-01
3.458858712073804020e-01
3.406991694349409405e-01
3.302407063113169672e-01
3.242362694511524701e-01
3.229308810193279866e-01
3.219271304428093505e-01
3.141192412927180100e-01
3.119739807648742036e-01
3.078297326952842972e-01
3.026889592307165922e-01
2.993772859504689188e-01
2.924002222789547911e-01
2.920036439706808484e-01
2.859884511196284507e-01
2.824015784776802152e-01
2.796763441860679600e-01
2.719861982509061971e-01
2.718173721616450877e-01
2.694848018578377968e-01
2.687254217277625368e-01
2.686292058896363466e-01
2.661011950919919822e-01
2.653209296576563014e-01
2.650208456932013901e-01
2.627689027303440339e-01
2.615982739668771262e-01
2.605206886973011615e-01
2.588838850871640340e-01
2.503021229912926193e-01
2.491508687955518442e-01
2.478608199829885061e-01
2.473871359752048138e-01
2.467492750194799078e-01
2.453367054331771213e-01
2.451819929793295216e-01
2.450580122630955648e-01
2.444918702629356455e-01
2.439143507977065972e-01
2.427583499303687942e-01
2.406232785490922677e-01
2.404364839408304477e-01
2.401689433689736808e-01
2.390074224998787467e-01
2.388712162547238227e-01
2.386825650690172773e-01
2.384743993788101257e-01
2.374592120662781802e-01
2.351433051821277542e-01
2.348226013849020466e-01
2.347994249013727330e-01
2.323668278482361182e-01
2.319055674678925372e-01
2.292483945588583705e-01
2.277025066757273064e-01
2.261425930515474914e-01
2.256393267340643105e-01
2.238689309033443930e-01
2.235616534586230830e-01
2.231808268458267963e-01
2.219511772113883785e-01
2.216780161771640945e-01
2.216514624221059271e-01
2.214881438590849683e-01
2.206447725976304342e-01
2.165364573764633760e-01
2.163180700481192875e-01
2.159450390241947626e-01
2.150521710628367222e-01
2.147587215940205130e-01
2.138054764537464791e-01
2.129576245064121742e-01
2.106495667402123462e-01
2.103702838993616597e-01
2.088052525544035476e-01
2.082968156694260664e-01
2.062921949924939047e-01
2.056398878430719390e-01
2.055312564166753841e-01
2.048599540518702411e-01
2.034791404318440633e-01
2.011405471185165605e-01
2.001723086229655335e-01
1.982127931187642189e-01
1.964294516070957120e-01
1.963088157729980798e-01
1.960090941783409757e-01
1.959482129343332601e-01
1.955582873253994824e-01
1.945128429051226349e-01
1.942346637340281457e-01
1.935712891154172943e-01
1.933013309233898025e-01
1.930582727918729591e-01
1.930079726505460891e-01
1.920370588743419982e-01
1.905618525541782071e-01
1.900661522721222574e-01
1.884602777593508138e-01
1.880135165661750152e-01
1.874811060670061036e-01
1.866945777745981638e-01
1.857494147028291576e-01
1.851182403780284036e-01
1.848025345677542786e-01
1.842872267209734183e-01
1.841285289290031379e-01
1.834108272827459640e-01
1.832770318198883308e-01
1.827624503334495387e-01
1.825304544829746689e-01
1.820632950037897047e-01
1.819107461912698731e-01
1.814862079525500216e-01
1.809015474337582197e-01
1.805522609768122622e-01
1.805485659145261990e-01
1.802277375476185328e-01
1.799159028714521769e-01
1.797582834698323306e-01
1.797220488057784671e-01
1.796929973705784500e-01
1.794576286219583816e-01
1.792025792649088456e-01
1.791769083595443623e-01
1.788942375093648673e-01
1.784731712370304368e-01
1.784086570483431888e-01
1.781400858171483803e-01
1.770084283284469318e-01
1.755139395519959844e-01
1.753707419089598485e-01
1.752439582816048835e-01
1.750504412069830151e-01
1.742620267280475532e-01
1.738585728280490073e-01
1.725705238463767777e-01
1.723114701781573721e-01
1.715121479756706313e-01
1.711569605426428720e-01
1.709562677558945087e-01
1.702422431612465592e-01
1.701150867506053266e-01
1.699332315515185154e-01
1.698545415324376473e-01
1.689421413791911963e-01
1.687464699888612252e-01
1.678120545207256453e-01
1.675252039038516716e-01
1.674806077038243357e-01
1.668798046295993098e-01
1.665840362238481531e-01
1.662385397994374514e-01
1.650565710270132380e-01
1.647749812251524670e-01
1.645509395409197884e-01
1.644853009817630607e-01
1.641411058016673530e-01
1.640372736241436091e-01
1.631505766259850054e-01
1.631475508103675809e-01
1.619070337530648940e-01
1.617708817327464521e-01
1.610903313963969741e-01
1.596217251118682290e-01
1.594267482018648929e-01
1.594200216159746830e-01
1.592688063225874140e-01
1.590905094686043131e-01
1.587151833951126745e-01
1.585068842350205454e-01
1.582802349431463862e-01
1.576633825182219562e-01
1.574372241838299935e-01
1.571251738924169250e-01
1.570047893058431343e-01
1.562473922347986099e-01
1.561888834495138156e-01
1.558219521989699652e-01
1.557531906365106078e-01
1.554268476403798949e-01
1.551329094293427413e-01
1.542103828581896097e-01
1.541530318866755900e-01
1.540505523898111351e-01
1.530868584411824995e-01
1.525953225293648630e-01
1.522826256452343985e-01
1.519970418627110131e-01
1.519375396687034641e-01
1.518054934559105729e-01
1.515845981572710721e-01
1.514908974787137763e-01
1.514594197884724658e-01
1.514304552677410154e-01
1.513391510573057486e-01
1.512445724851789741e-01
1.511998085287122595e-01
1.504326231101321965e-01
1.502687377982605266e-01
0.000000000000000000e+00
