inf
2.386471216495133219e-01
2.377478389964374217e-01
2.253942652264202262e-01
2.181063990135136410e-01
2.128719379227720643e-01
2.124008849854387426e-01
2.072344876354175192e-01
2.031158080587921189e-01
1.982017077474157452e-01
1.979760244789325052e-01
1.942514408559804506e-01
1.909238764802363153e-01
1.854415178517131724e-01
1.774706637324572345e-01
1.749555951965540979e-01
1.733518973147462061e-01
1.716295877497023004e-01
1.702778192390761169e-01
1.702326077500730950e-01
1.690993919243307941e-01
1.676512643154104143e-01
1.665901783797146818e-01
1.641411058016673530e-01
1.633292514629323122e-01
1.628162439398242733e-01
1.623138954633548403e-01
1.617708817327464521e-01
1.607715376854738365e-01
1.606489327824430768e-01
1.606221353871479240e-01
1.595876326825738656e-01
1.594656715180607365e-01
1.591389247369509319e-01
1.588571157385560706e-01
1.587151833951126745e-01
1.583042018978369492e-01
1.578870328917824639e-01
1.576698133842669158e-01
1.575780414569403765e-01
1.573065837186528593e-01
1.572718446126747383e-01
1.561855835516665902e-01
1.558332421390371536e-01
1.558219521989699652e-01
1.556369528052907181e-01
1.556318830822804311e-01
1.556077640236911974e-01
1.553131255668867838e-01
1.548443790191123826e-01
1.536177792575960377e-01
1.532810840719196765e-01
1.530868584411824995e-01
1.522826256452343985e-01
1.519923132266380039e-01
1.515160290183266700e-01
1.514304552677410154e-01
1.504378053600074761e-01
1.502565979681077524e-01
0.000000000000000000e+00
