3 2270
0.670895 0.391356 0.176129
0.648317 0.411763 0.156495
0.625218 0.432332 0.135688
0.601555 0.453546 0.114299
0.577101 0.475679 0.093035
0.551540 0.498715 0.072453
0.524571 0.522393 0.052799
0.495990 0.546329 0.033987
0.465724 0.570166 0.015706
0.433800 0.593677 -0.002405
0.400288 0.616812 -0.020584
0.365231 0.639653 -0.038849
0.328600 0.662333 -0.056985
0.290281 0.684943 -0.074614
0.250084 0.707460 -0.091297
0.207789 0.729727 -0.106640
0.163177 0.751466 -0.120351
0.116062 0.772325 -0.132253
-0.419472 0.526419 0.012314
-0.358412 0.277790 -0.579500
0.222198 0.347378 0.296943
0.215960 -0.065664 -0.223981
0.128060 0.589990 0.155939
0.149189 0.443849 -0.185426
0.219673 0.431900 -0.487340
-0.285106 0.734441 -0.091031
0.642400 0.448276 0.158214
0.609756 0.465460 0.151145
0.578530 0.476346 0.131137
0.550780 0.486188 0.100259
0.526486 0.499891 0.064255
0.503891 0.520220 0.029885
0.480424 0.547123 0.002358
0.453747 0.578186 -0.016280
0.422534 0.609883 -0.027366
0.386749 0.639015 -0.034594
0.347397 0.663798 -0.042276
0.305944 0.684232 -0.053672
0.263670 0.701763 -0.069973
0.221217 0.718470 -0.090193
0.178436 0.736176 -0.111811
0.134546 0.755802 -0.131807
0.088468 0.777132 -0.147660
-0.380903 0.346630 -0.337801
0.663852 0.396628 0.166695
0.641635 0.418244 0.147027
0.618417 0.440171 0.127276
0.594143 0.462394 0.107469
0.568754 0.484894 0.087645
0.542183 0.507649 0.067854
0.514359 0.530631 0.048155
0.485204 0.553802 0.028619
0.454632 0.577116 0.009322
0.422554 0.600512 -0.009650
0.388876 0.623919 -0.028204
0.353497 0.647253 -0.046235
0.316314 0.670415 -0.063621
0.277214 0.693290 -0.080227
0.236081 0.715745 -0.095893
0.192788 0.737622 -0.110436
0.147204 0.758733 -0.123648
0.099189 0.778858 -0.135295
-0.411421 0.416783 -0.182208
0.341769 0.515474 0.446219
0.229154 0.046169 0.054424
0.339283 -0.256091 -0.542966
0.211393 0.628778 0.292160
0.206787 0.437566 -0.034191
0.270857 0.373045 -0.365354
-0.142660 0.725217 -0.068836
-0.162086 0.690421 -0.227562
0.678742 0.380818 0.183638
0.657287 0.401065 0.162601
0.635275 0.422179 0.141334
0.612418 0.444279 0.120473
0.588399 0.467207 0.100388
0.562976 0.490619 0.081103
0.536029 0.514141 0.062356
0.507565 0.537499 0.043766
0.477658 0.560590 0.025006
0.446386 0.583476 0.005949
0.413766 0.606311 -0.013297
0.379727 0.629244 -0.032425
0.344114 0.652338 -0.051036
0.306725 0.675526 -0.068746
0.267345 0.698612 -0.085272
0.225787 0.721319 -0.100455
0.181909 0.743340 -0.114231
0.135605 0.764379 -0.126569
0.086794 0.784182 -0.137399
-0.397719 0.352587 -0.330635
0.092365 0.426296 0.210823
0.105820 0.048385 -0.338614
-0.092247 0.722311 0.157381
-0.095250 0.565037 -0.165577
-0.050808 0.529789 -0.473073
0.072140 0.359372 0.195187
0.119172 -0.017281 -0.416264
-0.083032 0.667325 0.132021
-0.068899 0.521283 -0.218862
-0.011215 0.508435 -0.531520
0.151493 0.288631 0.230701
0.197209 -0.101178 -0.369767
0.060810 0.577756 0.107268
0.093484 0.447447 -0.251621
0.167871 0.457436 -0.550851
-0.373219 0.554598 0.053573
-0.323106 0.285570 -0.529337
-0.213415 0.684708 0.288231
-0.216989 0.275224 -0.306581
0.380336 0.112182 0.422580
0.382367 -0.337743 -0.095150
0.434343 0.284598 0.211671
0.502896 0.162054 -0.138662
0.614574 0.193475 -0.395293
0.296059 0.610103 0.176242
0.279276 0.530045 -0.000054
0.293032 0.511595 -0.175427
0.314492 0.558625 -0.294881
0.321313 0.651829 -0.328988
-0.125141 0.784152 -0.099029
0.195479 0.301256 0.252821
0.219690 -0.084150 -0.298768
0.102074 0.583068 0.122114
0.128080 0.450753 -0.219015
0.197822 0.452107 -0.510514
-0.595176 0.372151 -0.297641
-0.316959 0.567967 0.055221
-0.276388 0.296125 -0.503460
0.257094 0.037790 0.194857
0.353493 -0.341034 -0.432823
0.299740 0.559668 0.384081
0.301291 0.343163 0.030414
0.382611 0.266034 -0.326941
0.069717 0.719989 0.098747
0.044408 0.640093 -0.079512
0.045747 0.621765 -0.256272
0.052711 0.666602 -0.379010
-0.091819 0.510382 0.173387
-0.057954 0.155660 -0.426956
-0.428476 0.637253 -0.016595
-0.415248 0.549829 -0.326138
0.531808 -0.281123 0.518584
0.755996 0.106791 0.202316
0.614376 0.376995 0.241485
0.606315 0.355518 0.146199
0.610995 0.365821 0.061386
0.615833 0.406876 0.010222
0.609788 0.466394 0.000202
0.587225 0.527074 0.022261
0.549206 0.573935 0.056417
0.501977 0.599724 0.081147
0.453661 0.606423 0.081917
0.410827 0.602877 0.055386
0.376338 0.600260 0.008569
0.348988 0.607571 -0.045452
0.324656 0.628792 -0.092984
0.298229 0.662300 -0.124394
0.265506 0.702318 -0.136693
0.224458 0.741542 -0.133506
0.175510 0.773872 -0.122752
-0.470301 0.580880 0.087655
-0.426105 0.309104 -0.489460
0.684537 0.375936 0.185761
-0.410156 0.408966 -0.198474
0.335795 0.507411 0.441626
0.228202 0.039522 0.042923
0.341891 -0.257526 -0.555914
0.208307 0.626003 0.286345
0.205160 0.436730 -0.041207
0.269834 0.374758 -0.371293
-0.392538 0.341076 -0.360847
0.282470 0.274567 0.327433
0.275521 -0.147956 -0.184926
0.236640 0.498272 0.160899
0.272864 0.360987 -0.184947
0.357020 0.363966 -0.474105
-0.057472 0.737861 0.004738
-0.081457 0.681416 -0.160032
-0.088977 0.682060 -0.307067
-0.489089 0.389789 -0.251680
0.675267 0.388493 0.175581
0.629090 0.431605 0.139366
0.604717 0.452576 0.119425
0.579709 0.473759 0.098457
0.553989 0.495594 0.077079
0.527310 0.518296 0.055984
0.499355 0.541802 0.035698
0.469832 0.565822 0.016439
0.438550 0.589966 -0.001888
0.405438 0.613882 -0.019574
0.370515 0.637349 -0.036937
0.333831 0.660307 -0.054165
0.295406 0.682814 -0.071229
0.255190 0.704960 -0.087872
0.213049 0.726781 -0.103686
0.168784 0.748199 -0.118205
0.122167 0.768995 -0.131001
-0.416711 0.574356 0.082989
-0.370679 0.296236 -0.502428
0.402529 0.479622 0.475666
0.274017 0.003447 0.109926
0.378339 -0.319071 -0.478225
0.292328 0.564219 0.319702
0.294377 0.371677 -0.010324
0.367510 0.309424 -0.339121
0.036698 0.741158 0.070091
0.007371 0.668026 -0.093312
0.001946 0.651028 -0.256008
0.001403 0.691583 -0.369813
-0.155104 0.310574 -0.179724
0.094608 0.658325 0.386087
0.028345 0.214519 -0.092048
0.147567 -0.024233 -0.716624
-0.189020 0.647808 0.011055
-0.168296 0.546948 -0.317753
0.184352 0.457464 0.332501
0.156537 0.037847 -0.171779
0.037349 0.685801 0.202246
0.036263 0.518878 -0.124935
0.089915 0.476763 -0.441865
-0.088321 0.450127 0.101543
-0.033486 0.128795 -0.506350
-0.417898 0.622307 -0.063722
-0.401223 0.551988 -0.365239
0.673389 0.400440 0.159257
0.648663 0.426907 0.150790
0.621380 0.449037 0.139662
0.593315 0.467424 0.123072
0.565830 0.484099 0.100676
0.539411 0.501518 0.074335
0.513614 0.521554 0.047097
0.487360 0.544882 0.021923
0.459415 0.570911 0.000654
0.428833 0.598187 -0.016446
0.395220 0.625042 -0.030509
0.358744 0.650209 -0.043398
0.319939 0.673181 -0.056892
0.279410 0.694222 -0.072028
0.237567 0.714102 -0.088814
0.194479 0.733681 -0.106340
0.149862 0.753539 -0.123176
0.103203 0.773750 -0.137854
-0.407268 0.438023 -0.137701
0.303766 0.238611 0.353556
0.302359 -0.185645 -0.164276
0.279864 0.454426 0.169491
0.322993 0.321958 -0.177516
0.412687 0.332001 -0.459668
0.015380 0.699741 -0.004913
-0.000314 0.652466 -0.174907
-0.001144 0.664579 -0.318799
-0.166842 0.494214 0.098647
-0.113410 0.175789 -0.516707
0.076459 0.289633 0.100774
0.149375 -0.034780 -0.506331
-0.086476 0.650338 0.077093
-0.067927 0.526164 -0.261411
-0.013046 0.530584 -0.550123
0.114807 0.223439 0.112468
0.200370 -0.115451 -0.516939
0.008652 0.575237 0.045080
0.046583 0.465638 -0.310788
0.117905 0.494487 -0.593073
-0.026404 0.541161 0.244964
-0.018668 0.155697 -0.325651
-0.324592 0.637731 -0.036178
-0.305055 0.555126 -0.353091
0.281635 0.098673 0.223140
0.342389 -0.273485 -0.342007
0.307674 0.613540 0.381216
0.289621 0.399888 0.068278
0.351968 0.306849 -0.272411
0.445766 0.357322 -0.515009
0.052822 0.759065 0.101002
0.016828 0.676457 -0.055858
0.008351 0.647055 -0.223667
0.008894 0.676829 -0.351012
-0.152025 0.406703 -0.006805
-0.069049 0.131962 -0.637230
-0.061580 0.547777 0.210142
-0.048402 0.183018 -0.355513
-0.401756 0.657824 -0.000591
-0.392530 0.564277 -0.304755
-0.412906 0.423388 -0.168940
0.183410 0.252603 0.184967
0.228799 -0.112673 -0.382457
0.095643 0.566506 0.078226
0.128668 0.447834 -0.263741
0.200360 0.464156 -0.543497
-0.575874 0.554216 0.051863
-0.529144 0.317386 -0.498397
0.508744 -0.063997 0.529257
0.490291 -0.531123 0.074383
0.636346 0.054377 0.338540
0.724318 -0.065638 0.011930
0.589752 0.327775 0.311010
0.603673 0.261826 0.131794
0.643806 0.266160 -0.016876
0.682180 0.335188 -0.088161
0.484016 0.605315 0.189274
0.434489 0.567370 0.141346
0.405821 0.536713 0.054798
0.393582 0.531220 -0.040362
0.387760 0.556885 -0.115778
0.377175 0.607714 -0.153844
0.353533 0.669652 -0.152235
0.313854 0.726751 -0.122715
0.138744 0.788829 -0.053422
0.081853 0.782320 -0.073383
0.031074 0.776808 -0.110818
-0.015020 0.779530 -0.153915
-0.436262 0.507948 -0.018864
-0.369333 0.274020 -0.611368
0.645597 0.424211 0.165670
0.618867 0.440514 0.146578
0.593421 0.456059 0.121571
0.569360 0.473482 0.093489
0.545822 0.494396 0.065883
0.521444 0.518937 0.041616
0.494925 0.545946 0.021952
0.465465 0.573592 0.006365
0.432941 0.600135 -0.006965
0.397804 0.624532 -0.020258
0.360776 0.646671 -0.035240
0.322513 0.667225 -0.052575
0.283337 0.687239 -0.071757
0.243150 0.707653 -0.091435
0.201499 0.728936 -0.109948
0.157754 0.750948 -0.125877
0.111309 0.773014 -0.138394
-0.414716 0.480669 -0.061559
-0.339493 0.262031 -0.657150
0.211729 0.253408 0.225755
0.244750 -0.128460 -0.329336
0.140572 0.543964 0.096979
0.175836 0.421725 -0.246725
0.251856 0.436403 -0.528016
-0.264080 0.720217 -0.129817
-0.418014 0.551953 0.050944
-0.364931 0.287171 -0.537903
0.264844 0.048471 0.139281
0.354519 -0.289002 -0.443556
0.278831 0.598452 0.335349
0.271955 0.398046 0.012018
0.339168 0.323765 -0.322309
0.430702 0.390694 -0.546804
0.011256 0.765320 0.081475
-0.023900 0.686131 -0.076134
-0.033619 0.660680 -0.240320
-0.036201 0.692946 -0.361694
-0.239704 0.657187 0.235673
-0.232802 0.289535 -0.340502
0.436272 -0.269687 0.321013
0.590878 0.205886 0.490270
0.632928 0.008722 0.145173
0.750635 -0.034921 -0.155242
0.554780 0.429623 0.370308
0.542361 0.331522 0.197257
0.569911 0.295198 0.017502
0.611598 0.331569 -0.106869
0.640066 0.423010 -0.141834
0.394258 0.642803 0.141491
0.349249 0.603740 0.075711
0.324138 0.580137 -0.018919
0.311955 0.585673 -0.111435
0.301853 0.621612 -0.176130
0.283422 0.678392 -0.200076
-0.521165 0.368597 -0.313057
-0.418947 0.540797 0.034302
-0.362368 0.283008 -0.555928
0.241810 0.219231 0.243493
0.274211 -0.168724 -0.307022
0.196076 0.500258 0.099115
0.238614 0.382520 -0.245697
0.321083 0.404404 -0.519898
-0.132921 0.754261 -0.007164
-0.160432 0.698100 -0.167185
-0.173175 0.697207 -0.308835
-0.393162 0.343231 -0.354846
0.283449 0.236259 0.309600
0.289793 -0.178067 -0.213963
0.251126 0.474014 0.143289
0.293436 0.345407 -0.202812
0.380522 0.358419 -0.483099
-0.035180 0.721452 -0.008599
-0.055004 0.671161 -0.175497
-0.059912 0.678947 -0.319116
-0.345895 0.387658 -0.205656
0.358704 0.349044 0.500533
0.289769 -0.161866 0.013512
0.335624 0.423037 0.282872
0.377352 0.251305 -0.090784
0.480774 0.234547 -0.410990
0.179163 0.739314 0.197184
0.137228 0.635259 0.038502
0.132899 0.583707 -0.150829
0.146461 0.599745 -0.308673
0.155193 0.673750 -0.391303
-0.246723 0.339471 -0.244050
0.445426 -0.227749 0.381186
0.636267 0.006113 0.191829
0.750831 -0.055073 -0.118846
0.559955 0.319515 0.228277
0.586391 0.276439 0.046479
0.629516 0.306904 -0.083568
0.661287 0.395223 -0.125007
0.425319 0.624900 0.160564
0.380340 0.585152 0.096444
0.355882 0.559916 0.001765
0.345190 0.563762 -0.092140
0.337290 0.598660 -0.158840
0.321433 0.655356 -0.184704
0.290721 0.718258 -0.171799
-0.495245 0.364139 -0.324560
0.301892 0.075958 0.243163
0.361000 -0.303159 -0.318140
0.341864 0.580507 0.395021
0.327411 0.366284 0.079102
0.394360 0.274815 -0.260755
0.492281 0.328625 -0.497793
0.110291 0.722367 0.104169
0.081015 0.643957 -0.059827
0.078909 0.621651 -0.228643
0.084331 0.659592 -0.350832
-0.138471 0.379220 -0.039504
-0.047687 0.119541 -0.668861
-0.512886 0.598933 -0.070558
-0.181782 0.344207 -0.184103
0.276758 -0.026354 0.122480
0.394381 -0.350506 -0.486344
0.305844 0.531124 0.332677
0.315636 0.338405 -0.010600
0.396286 0.282109 -0.343443
0.068852 0.713679 0.072049
0.045414 0.643582 -0.100036
0.045411 0.632980 -0.265370
0.048686 0.681302 -0.375605
-0.112122 0.462168 0.103188
-0.056663 0.138453 -0.512383
-0.458593 0.623805 -0.036419
-0.444966 0.544584 -0.339643
-0.543565 0.569689 0.054435
-0.501118 0.329297 -0.488127
0.103976 0.777068 -0.134137
-0.415447 0.445970 -0.124848
0.210489 0.175575 0.160030
0.274528 -0.176842 -0.416532
0.156635 0.506245 0.046061
0.202979 0.405165 -0.295811
0.282575 0.441966 -0.556593
-0.208025 0.767581 -0.009704
-0.239746 0.709533 -0.164103
0.652827 0.407468 0.157217
-0.416953 0.587960 0.101569
-0.375198 0.302276 -0.481349
0.253633 0.285775 0.299353
0.255928 -0.126467 -0.225223
0.192970 0.528431 0.144373
0.225972 0.392732 -0.200625
0.305627 0.395439 -0.491143
-0.132219 0.767828 0.014433
-0.163592 0.704061 -0.143735
-0.177806 0.694776 -0.290548
0.094548 0.780519 -0.136319
-0.406432 0.390921 -0.237523
0.313577 0.378422 0.397486
0.256812 -0.072617 -0.062368
0.237057 0.544140 0.228011
0.256930 0.380659 -0.113448
0.334976 0.353462 -0.424362
-0.052849 0.757960 0.037136
-0.082919 0.690268 -0.124316
-0.092783 0.678164 -0.279040
-0.526500 0.441383 -0.138705
-0.299052 0.428383 -0.163640
0.393016 0.016086 0.423728
0.418349 -0.446745 -0.123770
0.500370 0.179694 0.205763
0.590064 0.072612 -0.147184
0.391578 0.503999 0.196465
0.392838 0.433270 0.005770
0.421532 0.432600 -0.163565
0.451437 0.498706 -0.259551
0.144387 0.772566 0.036436
0.092181 0.732922 -0.031164
0.056522 0.711409 -0.121913
0.030104 0.718084 -0.206886
0.003175 0.751875 -0.262984
-0.274994 0.370313 -0.193551
0.460721 -0.261437 0.403719
0.669325 -0.039471 0.216029
0.788819 -0.099345 -0.090488
0.607935 0.266101 0.257908
0.639641 0.225723 0.078401
0.686584 0.260100 -0.044343
0.489072 0.564977 0.201358
0.450039 0.524596 0.129849
0.432083 0.501689 0.031973
0.427282 0.509782 -0.060172
0.423855 0.549171 -0.121180
0.410894 0.608917 -0.139959
0.382050 0.672401 -0.121785
0.220687 0.765529 -0.032836
0.163235 0.761969 -0.043217
0.112185 0.754899 -0.076774
0.067604 0.753753 -0.122818
0.026594 0.764019 -0.167964
-0.355144 0.357716 -0.288987
0.032338 0.435761 0.237347
0.063232 0.026890 -0.385070
-0.145704 0.711116 0.182648
-0.141410 0.542899 -0.173545
-0.088317 0.508726 -0.506817
-0.011094 0.379323 0.120958
0.053007 0.034916 -0.509771
-0.229338 0.721572 0.151706
-0.228376 0.566939 -0.187265
-0.185750 0.538458 -0.500182
-0.418076 0.570953 0.078055
-0.370952 0.295053 -0.507799
0.244291 0.315603 0.304382
0.239991 -0.099507 -0.215641
0.169899 0.553890 0.153099
0.197570 0.412511 -0.190692
0.273641 0.407878 -0.487201
-0.206666 0.716454 -0.124083
-0.225041 0.698621 -0.271640
-0.419035 0.522453 0.006254
-0.356740 0.276256 -0.586054
0.240788 0.174266 0.208852
0.291083 -0.197984 -0.354565
0.206333 0.477894 0.071230
0.255304 0.372159 -0.272188
0.339848 0.406612 -0.534313
-0.120391 0.741341 -0.024044
-0.144307 0.691727 -0.185608
-0.155224 0.698055 -0.323232
0.692011 0.365469 0.166714
0.673526 0.395324 0.152740
0.650669 0.424146 0.143563
0.624223 0.449324 0.134557
0.539246 0.504744 0.079039
0.512301 0.523073 0.052112
0.360888 0.023516 0.323486
0.408098 -0.378394 -0.219161
0.437721 0.492086 0.451653
0.428837 0.273441 0.134550
0.505252 0.180276 -0.201496
0.613327 0.236512 -0.427333
0.266844 0.613874 0.135335
0.253611 0.544009 -0.040332
0.266803 0.536035 -0.206782
0.284015 0.590025 -0.313389
0.120330 0.434551 0.260096
0.123406 0.044922 -0.279218
-0.050596 0.711225 0.173300
-0.052988 0.551743 -0.150804
-0.005888 0.514803 -0.461065
0.165622 0.484795 0.372836
0.134856 0.035278 -0.159241
0.024727 0.683233 0.225637
0.026269 0.506081 -0.119710
0.085415 0.460654 -0.453746
-0.075875 0.424224 0.082596
-0.014002 0.110287 -0.529419
-0.389158 0.612789 -0.095299
-0.368269 0.553229 -0.396197
0.667541 0.392998 0.170443
0.645460 0.414417 0.150686
0.622442 0.436183 0.130775
0.598415 0.458315 0.110810
0.573292 0.480800 0.090889
0.546983 0.503593 0.071084
0.519402 0.526630 0.051443
0.490468 0.549839 0.031993
0.460111 0.573153 0.012760
0.428259 0.596514 -0.006210
0.394836 0.619869 -0.024843
0.359752 0.643161 -0.043025
0.322903 0.666316 -0.060615
0.284172 0.689236 -0.077445
0.200546 0.733819 -0.108095
0.155380 0.755121 -0.121525
-0.417410 0.470509 -0.080008
-0.339077 0.259911 -0.675410
0.225167 0.152938 0.164517
0.291493 -0.200375 -0.411470
0.185686 0.482369 0.043234
0.236358 0.385307 -0.298285
0.319162 0.427310 -0.553358
-0.160054 0.749660 -0.026245
-0.186299 0.699101 -0.184990
-0.200108 0.703389 -0.320303
0.615096 0.443021 0.124504
0.590740 0.465291 0.104569
0.565252 0.487894 0.084712
0.481160 0.557093 0.026021
0.450345 0.580412 0.006846
0.418017 0.603766 -0.012052
0.384095 0.627107 -0.030578
0.348481 0.650371 -0.048602
0.311064 0.673477 -0.065971
0.271722 0.696310 -0.082517
0.230326 0.718727 -0.098060
0.186740 0.740553 -0.112414
0.140832 0.761579 -0.125380
-0.404277 0.379641 -0.263457
0.313763 0.487411 0.424521
0.221772 0.025011 0.004519
0.345760 -0.254993 -0.598442
0.191842 0.624050 0.267522
0.192081 0.440441 -0.062756
0.257478 0.385382 -0.389773
-0.174705 0.730143 -0.072689
-0.195806 0.695389 -0.228939
-0.419079 0.537420 0.029207
-0.361445 0.281750 -0.561429
0.237823 0.242167 0.253365
0.263377 -0.150563 -0.292487
0.183535 0.516196 0.109123
0.222364 0.393249 -0.235762
0.302897 0.409160 -0.515506
-0.152413 0.765286 0.003067
-0.182999 0.704686 -0.154702
-0.197883 0.698468 -0.297892
0.223963 0.160357 0.169175
0.287852 -0.195186 -0.405484
0.182187 0.486878 0.047191
0.231757 0.387907 -0.294691
0.314122 0.427908 -0.551872
-0.165115 0.752595 -0.022820
-0.192203 0.700630 -0.181111
-0.206539 0.703327 -0.317097
0.241278 0.713049 -0.094060
-0.416055 0.453903 -0.109991
0.224946 0.121150 0.133287
0.304508 -0.217865 -0.450383
0.211269 0.675695 0.332657
0.191031 0.468839 0.020633
0.245840 0.381159 -0.318597
0.329393 0.432315 -0.563911
-0.155831 0.742365 -0.038378
-0.180036 0.696256 -0.197481
-0.193077 0.705181 -0.329552
0.677237 0.383299 0.178439
0.633027 0.426730 0.139467
0.609344 0.448813 0.119879
0.584575 0.471102 0.100166
0.558687 0.493604 0.080343
0.531631 0.516342 0.060483
0.503331 0.539326 0.040698
0.473693 0.562537 0.021118
0.442608 0.585923 0.001865
0.409967 0.609399 -0.016954
0.375663 0.632860 -0.035256
0.339594 0.656189 -0.052961
0.301664 0.679269 -0.069980
0.261771 0.701979 -0.086196
0.219806 0.724190 -0.101455
0.175648 0.745750 -0.115556
0.129162 0.766479 -0.128264
0.080202 0.786150 -0.139308
-0.412690 0.634708 0.162154
-0.385816 0.323760 -0.411006
0.270378 0.286228 0.319120
0.264887 -0.133584 -0.196307
0.216115 0.515287 0.157035
0.249911 0.377142 -0.188368
0.331663 0.378233 -0.479639
-0.092175 0.753608 0.010588
-0.119957 0.693130 -0.151122
-0.130716 0.688491 -0.298727
0.385636 -0.159601 0.233912
0.492569 -0.510847 -0.333481
0.486027 0.354364 0.406949
0.511390 0.164290 0.071126
0.609607 0.115485 -0.237900
0.393070 0.606993 0.269415
0.360455 0.509118 0.115867
0.367053 0.462007 -0.064250
0.392250 0.481718 -0.209210
0.411883 0.558274 -0.277634
0.076918 0.787464 0.001340
0.025735 0.752938 -0.066751
-0.011832 0.737566 -0.150586
-0.043151 0.748273 -0.224182
-0.384602 0.361630 -0.294717
0.669130 0.369105 0.179107
0.653448 0.388132 0.145621
0.637079 0.413964 0.119221
0.617607 0.443983 0.101442
0.593786 0.474504 0.090343
0.565789 0.502337 0.081770
0.534883 0.525913 0.071275
0.502740 0.545595 0.055833
0.470713 0.563208 0.034747
0.439367 0.581098 0.009550
0.408381 0.601160 -0.016883
0.376785 0.624201 -0.041534
0.343388 0.649796 -0.062287
0.307204 0.676614 -0.078480
0.267722 0.702997 -0.090849
0.224961 0.727550 -0.100994
0.179320 0.749527 -0.110628
0.131331 0.768910 -0.120913
0.081406 0.786211 -0.132087
-0.398668 0.342684 -0.359339
-0.395158 0.347415 -0.343839
0.286944 0.439625 0.393740
0.221725 -0.011642 -0.060071
0.179656 0.606062 0.234826
0.187921 0.433939 -0.100896
0.256553 0.393270 -0.420645
-0.192683 0.728088 -0.085159
-0.213590 0.697065 -0.239008
-0.397363 0.354818 -0.324277
0.291755 0.383040 0.380069
0.243203 -0.062097 -0.091143
0.208241 0.562866 0.215102
0.226676 0.401235 -0.125871
0.302005 0.374905 -0.436845
-0.101650 0.778379 0.041087
-0.136459 0.706602 -0.115427
-0.150853 0.688544 -0.269056
0.696276 0.355560 0.172875
0.679509 0.384740 0.155548
0.658451 0.414479 0.144759
0.633306 0.441524 0.136244
0.605414 0.464293 0.125492
0.576530 0.483201 0.109505
0.548058 0.500164 0.087691
0.520570 0.517618 0.061714
0.493703 0.537504 0.034540
0.466435 0.560617 0.009185
0.437536 0.586482 -0.012355
0.406023 0.613713 -0.029625
0.371435 0.640641 -0.043594
0.333873 0.665933 -0.056048
0.293826 0.688977 -0.068785
0.251888 0.709934 -0.082935
0.208490 0.729500 -0.098630
0.163736 0.748512 -0.115063
0.068948 0.786774 -0.144484
-0.411668 0.547798 0.046057
-0.357345 0.284057 -0.544264
0.110944 0.335457 0.171602
0.154270 -0.017504 -0.402713
-0.042496 0.660811 0.108742
-0.029430 0.525680 -0.224101
0.024953 0.517485 -0.518375
0.154163 0.471356 0.354386
0.132247 0.030633 -0.185804
0.011535 0.684139 0.214989
0.013894 0.510572 -0.129613
0.072206 0.468326 -0.460607
0.053795 0.696415 0.394983
-0.013319 0.246553 -0.092535
0.103860 0.005249 -0.726784
-0.260828 0.673683 0.048376
-0.247987 0.558920 -0.280520
0.617499 0.446383 0.204808
0.588231 0.440189 0.163312
0.568355 0.441072 0.109141
0.554436 0.455823 0.056932
0.540977 0.485098 0.018426
0.522750 0.524145 -0.001304
0.496651 0.565398 -0.004742
0.462467 0.601711 0.000104
0.422442 0.628932 0.003525
0.379987 0.646928 -0.002028
0.338194 0.658922 -0.019544
0.298745 0.669715 -0.047147
0.261541 0.683652 -0.079543
0.225025 0.703135 -0.110346
0.186948 0.728072 -0.134332
0.145212 0.756266 -0.148907
-0.398677 0.364467 -0.299901
0.317463 0.004339 0.209776
0.395398 -0.358528 -0.356705
0.369607 0.523734 0.378669
0.368089 0.319224 0.053777
0.444361 0.243801 -0.277896
0.545500 0.313694 -0.492603
0.161043 0.676321 0.093128
0.141413 0.607064 -0.078371
0.146537 0.597510 -0.243077
0.155530 0.647718 -0.351763
-0.279538 0.527766 0.061128
-0.225231 0.241223 -0.539825
0.509339 -0.015959 0.569693
0.471787 -0.516423 0.110701
0.632270 0.049218 0.367905
0.721634 -0.084646 0.026114
0.596249 0.317574 0.333611
0.610893 0.245395 0.147781
0.653960 0.246275 -0.008044
0.696178 0.315419 -0.084102
0.450375 0.554835 0.159009
0.422281 0.521400 0.069731
0.411706 0.514079 -0.028931
0.408178 0.539408 -0.107240
0.399918 0.591288 -0.146642
0.378134 0.655051 -0.144623
0.339633 0.713942 -0.113533
0.166218 0.776917 -0.042320
0.110470 0.769815 -0.064234
0.061417 0.764116 -0.104480
0.017512 0.767448 -0.150549
-0.382529 0.365558 -0.285720
0.484497 -0.280315 0.404787
0.685305 -0.038862 0.231377
0.625412 0.258527 0.267104
0.655206 0.219598 0.095337
0.699902 0.252359 -0.022425
0.509092 0.547961 0.206723
0.471485 0.510142 0.137177
0.454144 0.489189 0.042716
0.449383 0.498063 -0.045839
0.445806 0.536954 -0.104259
0.432906 0.595238 -0.122235
0.404640 0.656893 -0.105219
0.360879 0.707102 -0.070343
0.306449 0.737481 -0.038358
0.248457 0.748056 -0.025392
0.193266 0.745729 -0.037977
0.144357 0.740515 -0.072572
0.101667 0.741448 -0.118614
0.062276 0.753654 -0.163139
0.021877 0.777299 -0.195161
-0.352828 0.546385 0.060164
-0.299609 0.268032 -0.537576
0.257956 0.140189 0.288285
0.312029 -0.284155 -0.318000
0.281728 0.382723 0.098544
0.351374 0.275630 -0.271276
0.456730 0.324574 -0.537118
0.062036 0.750057 0.127719
0.028044 0.659079 -0.042795
0.024395 0.626204 -0.224963
0.030879 0.657985 -0.362974
-0.099729 0.483905 0.139992
-0.054574 0.143095 -0.469911
-0.436492 0.628705 -0.031956
-0.421935 0.547043 -0.339565
0.418513 0.178822 0.467741
0.377812 -0.281586 0.005691
0.443276 0.314356 0.266724
0.497565 0.171598 -0.077892
0.603816 0.178046 -0.350861
0.315557 0.619900 0.198095
0.292625 0.534701 0.031065
0.302653 0.506882 -0.144655
0.323872 0.544283 -0.272419
0.333695 0.630970 -0.318950
-0.098282 0.784428 -0.090319
-0.141424 0.768333 -0.167784
-0.653689 0.374422 -0.241521
0.050142 0.379991 0.137604
0.095985 0.043650 -0.439861
-0.156391 0.721805 0.132407
-0.157899 0.575750 -0.187111
-0.117764 0.549363 -0.483763
-0.392668 0.603342 0.134315
-0.354372 0.292717 -0.464218
-0.209611 0.396782 -0.047291
-0.112148 0.125824 -0.713208
0.223263 0.268222 0.289008
0.247791 -0.135939 -0.272093
0.164726 0.527107 0.129395
0.201757 0.397325 -0.222647
0.282509 0.407997 -0.513079
-0.176936 0.774868 0.020365
-0.210478 0.708158 -0.137645
-0.227019 0.695732 -0.285046
0.339329 0.499912 0.442543
0.232539 0.031876 0.043143
0.347408 -0.264803 -0.555547
0.215569 0.618032 0.286009
0.213871 0.429628 -0.042592
0.279822 0.369220 -0.371951
-0.133119 0.720120 -0.075737
-0.151108 0.688195 -0.234516
0.669240 0.386944 0.187114
0.647697 0.403091 0.160759
0.627079 0.422076 0.133647
0.606244 0.444544 0.108681
0.583919 0.469831 0.087515
0.559177 0.496416 0.070149
0.531701 0.522623 0.055196
0.501773 0.547262 0.040633
0.470034 0.569980 0.024667
0.437158 0.591233 0.006376
0.403569 0.611963 -0.014068
0.333989 0.655405 -0.056757
0.297096 0.678805 -0.076184
0.258028 0.702885 -0.093055
-0.421877 0.591756 0.106003
-0.381232 0.305014 -0.475598
-0.414473 0.439170 -0.137732
0.227760 0.083921 0.098436
0.321808 -0.238792 -0.492240
0.213697 0.651289 0.314840
0.201152 0.451543 -0.004617
0.260803 0.374834 -0.340450
0.345275 0.436542 -0.573713
-0.144706 0.732344 -0.053892
-0.166093 0.692180 -0.213360
-0.401314 0.367888 -0.291537
0.304807 0.472847 0.415391
0.221240 0.013634 -0.015543
0.351009 -0.257174 -0.620082
0.187512 0.618738 0.257417
0.190241 0.438621 -0.074672
0.256647 0.387999 -0.399569
-0.181112 0.729749 -0.076353
-0.202217 0.696044 -0.231850
0.300188 0.421815 0.398949
0.235110 -0.030840 -0.053577
0.203137 0.584423 0.235767
0.214997 0.414231 -0.101954
0.286991 0.377126 -0.419525
-0.109960 0.790650 0.052983
-0.148188 0.714256 -0.100144
-0.164722 0.690270 -0.255299
-0.414780 0.433998 -0.148034
0.142157 0.504081 0.304627
0.110959 0.086325 -0.198171
-0.038598 0.740563 0.208973
-0.050319 0.565226 -0.109251
-0.006611 0.510183 -0.429240
0.202282 0.593159 0.443334
0.121872 0.116157 -0.030008
0.250859 -0.156452 -0.671063
0.033518 0.734900 0.287011
0.017579 0.535122 -0.043547
0.067780 0.460103 -0.389496
-0.057742 0.484264 0.166850
-0.022049 0.133397 -0.427552
-0.365309 0.627250 -0.061068
-0.345826 0.554616 -0.370052
0.284619 0.283242 0.333910
0.273591 -0.142011 -0.174508
0.236469 0.501982 0.166659
0.271389 0.362422 -0.179054
-0.492802 0.393840 -0.242304
0.677337 0.377083 0.169918
0.658089 0.401611 0.149647
0.636508 0.427273 0.132871
0.612382 0.452419 0.118002
0.586097 0.475969 0.102962
0.558365 0.497725 0.086048
0.529879 0.518292 0.066526
0.410308 0.606675 -0.021169
0.268102 0.030374 0.126970
0.363860 -0.300895 -0.458307
0.283617 0.584969 0.328824
0.280354 0.387734 0.002634
0.349955 0.318341 -0.329590
0.020525 0.756042 0.076871
-0.012351 0.679206 -0.083120
-0.020394 0.657079 -0.246811
-0.022187 0.692627 -0.365275
-0.189241 0.678289 0.275125
-0.196657 0.289292 -0.288661
0.374743 0.197854 0.447299
0.350423 -0.265105 -0.051139
0.395586 0.345236 0.236072
0.451321 0.205275 -0.118402
0.557186 0.216863 -0.397508
0.246809 0.666776 0.179021
0.219077 0.578338 0.011765
0.224473 0.546819 -0.167902
0.241830 0.580832 -0.302550
0.248915 0.665469 -0.356848
-0.587208 0.514155 -0.002436
0.143958 0.293362 0.179224
0.191523 -0.062117 -0.395954
0.021554 0.616271 0.092128
0.044467 0.490290 -0.246082
0.107108 0.495047 -0.533814
-0.015418 0.662751 0.339491
-0.052940 0.238432 -0.183979
-0.354662 0.683152 0.056111
-0.348041 0.567302 -0.262358
0.126969 0.528025 0.309781
0.093691 0.108929 -0.194221
-0.067165 0.761657 0.220564
-0.083645 0.581778 -0.093601
-0.044112 0.520075 -0.415235
0.142349 0.478295 0.352019
0.122094 0.035495 -0.195099
-0.004353 0.691139 0.216750
-0.002708 0.515819 -0.129613
0.054971 0.472270 -0.463110
0.068783 0.505274 0.297164
0.063230 0.092718 -0.259898
-0.143576 0.581894 -0.103014
-0.103538 0.523965 -0.429897
-0.089954 0.537569 0.209906
-0.065638 0.160529 -0.393428
-0.419784 0.637748 -0.006350
-0.404976 0.545439 -0.324624
0.672981 0.384654 0.170856
0.652281 0.407564 0.150870
0.629976 0.431190 0.132471
0.525368 0.521864 0.059334
-0.418062 0.557661 0.059222
-0.366763 0.289474 -0.528799
0.257288 0.113610 0.186730
0.323679 -0.246818 -0.384428
0.266923 0.644613 0.359986
0.246890 0.433162 0.048608
0.305343 0.341157 -0.291826
0.394612 0.390683 -0.537096
-0.014460 0.795385 0.097674
-0.057313 0.708579 -0.050793
-0.072720 0.671898 -0.215709
-0.077971 0.692800 -0.346294
-0.429785 0.629161 0.157666
-0.399736 0.319051 -0.422767
0.181291 0.321363 0.340532
0.199550 -0.157346 -0.285313
0.144111 0.504129 0.151040
0.194022 0.357055 -0.247027
0.292369 0.370255 -0.570870
-0.176056 0.755016 0.034550
-0.202811 0.682443 -0.147206
-0.210976 0.672799 -0.313115
-0.403007 0.374844 -0.274706
0.307738 0.440989 0.409793
0.233152 -0.015739 -0.031254
0.370672 -0.277949 -0.636129
0.204348 0.593313 0.247542
0.212961 0.418676 -0.088285
0.283484 0.375993 -0.408962
-0.147435 0.716411 -0.093705
-0.164531 0.690185 -0.249716
0.223531 0.615171 0.400622
0.126247 0.159477 -0.018478
0.233667 -0.116711 -0.624635
0.001688 0.572667 -0.025555
0.040746 0.488032 -0.358400
0.014386 0.261805 -0.017022
0.117693 -0.014207 -0.649756
-0.197524 0.666264 0.056496
-0.181551 0.548071 -0.279382
-0.134358 0.555553 -0.562377
0.495029 -0.498053 0.217814
0.669626 0.040363 0.438042
0.745702 -0.109042 0.110233
0.660733 0.204544 0.209265
0.702702 0.198016 0.056984
0.746387 0.259262 -0.021170
0.524764 0.497411 0.204403
0.499437 0.464734 0.118299
0.491795 0.457107 0.022929
0.491503 0.481401 -0.052696
0.486782 0.531866 -0.090669
0.468828 0.594125 -0.089029
0.434523 0.651686 -0.060446
0.386648 0.692349 -0.025465
0.331831 0.712047 -0.003584
0.277371 0.714936 -0.006233
0.228443 0.710374 -0.034154
0.186645 0.708594 -0.079134
0.150121 0.716960 -0.128334
0.114806 0.737930 -0.169173
0.076143 0.769030 -0.193186
-0.353404 0.485630 -0.032646
-0.280476 0.246429 -0.636909
0.241300 0.079027 0.207913
0.328439 -0.309745 -0.420942
0.275848 0.596037 0.392295
0.270092 0.372975 0.041962
0.346204 0.286463 -0.321792
0.029301 0.750516 0.107620
-0.002532 0.664018 -0.065267
-0.006292 0.636748 -0.244186
-0.002167 0.672834 -0.375430
-0.142820 0.322907 -0.136896
-0.029640 0.103221 -0.774695
-0.525463 0.578076 -0.111355
-0.116833 0.551271 0.172689
-0.093702 0.206413 -0.400499
-0.507804 0.557956 -0.238355
-0.174168 0.478568 0.046017
-0.115509 0.191520 -0.550605
0.253554 0.380355 0.386314
0.224860 -0.065524 -0.126146
0.172132 0.569402 0.207285
0.193402 0.410155 -0.142705
0.269580 0.388819 -0.457752
-0.194597 0.715696 -0.103939
-0.212437 0.692013 -0.258681
0.283773 0.365498 0.366734
0.244665 -0.074405 -0.115137
0.204919 0.556564 0.202528
0.226102 0.399475 -0.139582
0.302348 0.378420 -0.447183
-0.107693 0.776632 0.036382
-0.141888 0.706227 -0.120508
-0.156249 0.689711 -0.272987
0.685379 0.371237 0.175486
0.665931 0.396254 0.156961
0.643993 0.421673 0.141362
0.619637 0.446008 0.126747
0.593448 0.468537 0.111076
0.566190 0.489449 0.093004
0.538467 0.509611 0.072292
0.452654 0.575094 0.004714
0.421663 0.599640 -0.015364
0.388586 0.624797 -0.033235
-0.406054 0.401198 -0.213952
0.215244 0.141379 0.135677
0.291135 -0.199417 -0.447328
0.195000 0.695688 0.334335
0.170870 0.486704 0.026215
0.222195 0.394787 -0.313929
0.303603 0.441045 -0.564867
-0.188286 0.755360 -0.025580
-0.216379 0.703542 -0.182182
0.302357 0.412578 0.398057
0.239357 -0.039553 -0.056499
0.209543 0.576321 0.233584
0.223108 0.407639 -0.105026
0.296352 0.372729 -0.421236
-0.099161 0.784338 0.049510
-0.135755 0.709699 -0.105425
-0.150957 0.688141 -0.260610
0.662660 0.413345 0.162397
0.636031 0.435549 0.151508
0.608560 0.453937 0.135233
0.581656 0.470491 0.113100
0.555863 0.487677 0.086875
0.530779 0.507429 0.059577
0.505347 0.530495 0.034194
0.478322 0.556345 0.012625
0.448738 0.583554 -0.004809
0.416175 0.610449 -0.019204
0.380784 0.635741 -0.032427
0.343101 0.658895 -0.046285
0.303742 0.680163 -0.061857
0.263139 0.700320 -0.079190
0.221373 0.720251 -0.097400
0.133032 0.761384 -0.130730
0.085363 0.782274 -0.143299
-0.402715 0.665153 0.199244
-0.385872 0.337768 -0.366764
-0.321364 0.625938 0.112085
-0.299967 0.322838 -0.433364
0.216825 0.252958 0.305609
0.247693 -0.181582 -0.291185
0.187047 0.482466 0.126970
0.237197 0.352762 -0.246885
0.330704 0.374663 -0.543468
-0.124807 0.740044 0.005857
-0.148025 0.680176 -0.169001
-0.155259 0.680898 -0.322597
0.666719 0.394321 0.177150
0.574690 0.477149 0.087604
0.110545 0.775414 -0.133495
-0.419977 0.485700 -0.054094
-0.346328 0.264688 -0.648719
-0.121480 0.685884 0.248902
-0.146548 0.304607 -0.262078
0.149751 0.327508 0.238544
0.181913 -0.057751 -0.337446
0.035382 0.616421 0.124802
0.057255 0.478765 -0.221853
0.123112 0.475176 -0.523001
-0.148128 0.493062 0.099031
-0.098070 0.178139 -0.503299
0.006985 0.501480 0.226847
0.020251 0.125284 -0.339230
-0.260838 0.619885 -0.081495
-0.234421 0.553495 -0.395109
0.672224 0.293375 0.229579
0.678109 0.293757 0.141297
0.687538 0.326755 0.082546
0.688298 0.382276 0.064622
0.553970 0.532009 0.146236
0.514000 0.528889 0.122914
0.482793 0.524839 0.077461
0.459791 0.529827 0.022656
0.441049 0.548964 -0.027324
0.421212 0.581456 -0.062025
0.395642 0.621820 -0.077786
0.361915 0.662570 -0.078005
0.320284 0.697203 -0.070844
0.273085 0.722339 -0.065525
0.223492 0.738361 -0.068853
0.174203 0.748569 -0.083217
0.126552 0.757451 -0.106518
0.080279 0.768865 -0.133593
0.033875 0.784776 -0.158345
-0.377284 0.358646 -0.301934
-0.666713 0.335474 -0.285402
-0.002776 0.404448 0.097804
0.048445 0.087189 -0.482539
-0.268486 0.606923 -0.149652
-0.240257 0.565677 -0.442960
0.646481 0.324308 0.224251
0.648685 0.318553 0.132186
0.657036 0.345832 0.065073
0.658999 0.398351 0.037815
0.646053 0.460018 0.048130
0.574203 0.548522 0.109965
0.527663 0.562197 0.120967
0.484463 0.561311 0.104464
0.449277 0.556809 0.063731
0.422524 0.559226 0.010211
0.400973 0.574911 -0.041865
0.379519 0.604435 -0.080792
0.353277 0.643316 -0.100998
0.319231 0.684380 -0.104034
0.276944 0.720703 -0.096925
0.228225 0.747985 -0.088794
0.176048 0.765568 -0.087279
0.123254 0.775970 -0.096108
0.071559 0.783375 -0.114486
-0.406941 0.352551 -0.334347
0.043348 0.204146 0.035947
0.160779 -0.138357 -0.667125
-0.067758 0.564782 0.015075
-0.019448 0.457995 -0.370554
0.165564 0.276130 0.233874
0.210708 -0.111627 -0.360129
0.082227 0.565681 0.104759
0.116581 0.438153 -0.251837
0.192162 0.450634 -0.546742
-0.537133 0.496074 -0.052622
-0.418795 0.501466 -0.027322
-0.349993 0.269144 -0.621395
0.234155 0.168300 0.193235
0.289994 -0.197385 -0.374845
0.197154 0.481121 0.061504
0.246458 0.378167 -0.281330
0.330198 0.414950 -0.541399
-0.137441 0.745716 -0.024048
-0.162531 0.695324 -0.184401
-0.174743 0.700396 -0.321366
-0.410692 0.414003 -0.187854
0.330242 0.414901 0.420285
0.254136 -0.044625 -0.016474
0.393555 -0.311008 -0.619182
0.241852 0.559112 0.252566
0.255622 0.386596 -0.085874
0.331251 0.348436 -0.403370
-0.044758 0.762892 0.047874
-0.076575 0.691874 -0.112360
-0.086919 0.675901 -0.269443
-0.498629 0.471770 -0.082369
0.214162 0.385811 0.308648
0.197553 -0.032641 -0.203391
0.103829 0.619627 0.171521
0.118009 0.465645 -0.166771
0.183914 0.443500 -0.475235
-0.603436 0.405042 -0.214217
-0.311520 0.627164 0.130317
-0.290994 0.323901 -0.414137
0.259273 0.129866 0.279542
0.317024 -0.288343 -0.326440
0.284104 0.380114 0.092639
0.396524 0.283030 0.468811
0.334040 -0.181722 0.022889
0.375902 0.408607 0.272943
0.413342 0.250389 -0.072255
0.508753 0.235947 -0.367885
0.220663 0.714835 0.183383
0.181452 0.620969 0.033082
0.177241 0.576675 -0.143804
0.189215 0.595631 -0.289108
0.195847 0.668150 -0.362749
-0.397171 0.410084 -0.197863
-0.417529 0.473460 -0.074790
-0.340100 0.260703 -0.670150
0.230472 0.130166 0.152668
0.303563 -0.217249 -0.426579
0.221282 0.676752 0.342230
0.198973 0.467204 0.032463
0.253109 0.375780 -0.307824
0.337438 0.423761 -0.556352
-0.140100 0.739351 -0.037311
-0.163412 0.693530 -0.197540
-0.175314 0.703184 -0.330605
0.261024 0.070848 0.154132
0.343210 -0.274018 -0.425445
0.272967 0.615132 0.343130
0.261623 0.410965 0.023569
0.325817 0.330725 -0.313088
0.416514 0.391825 -0.544872
-0.000265 0.776832 0.087041
-0.038268 0.694811 -0.067384
-0.050126 0.665258 -0.231935
-0.053768 0.693391 -0.356722
-0.312106 0.638443 0.191323
-0.291257 0.297707 -0.393113
0.426183 -0.319569 0.264523
0.584561 0.175610 0.457642
0.640459 -0.011064 0.101538
0.766391 -0.036174 -0.191460
0.548346 0.414806 0.357940
0.542369 0.319772 0.176117
0.574616 0.291177 -0.003752
0.617790 0.336338 -0.120670
0.644417 0.434163 -0.144241
0.387849 0.637709 0.140441
0.345319 0.597899 0.068034
0.322720 0.576347 -0.030030
0.312163 0.585554 -0.122128
0.302344 0.625254 -0.183223
0.282921 0.684557 -0.202008
-0.519462 0.355149 -0.350341
0.302251 0.431355 0.403170
0.233164 -0.022949 -0.044676
0.374354 -0.278955 -0.650186
0.201734 0.589925 0.240648
0.211943 0.417697 -0.096143
0.283054 0.377957 -0.415225
-0.415329 0.605320 0.124761
-0.379085 0.309940 -0.454833
0.265551 0.199833 0.264498
0.294030 -0.195606 -0.279466
0.237141 0.468730 0.108504
0.284044 0.352024 -0.236677
0.370998 0.376815 -0.506994
-0.063063 0.725712 -0.019946
-0.083333 0.677711 -0.185287
-0.089956 0.687189 -0.325438
-0.479180 0.353566 -0.344271
0.687176 0.370811 0.183726
0.666992 0.393594 0.164147
-0.413628 0.441961 -0.132014
0.313192 0.270769 0.360419
0.292953 -0.163679 -0.135248
0.278502 0.470863 0.184731
0.316480 0.329556 -0.161419
0.404531 0.330027 -0.450918
0.014525 0.706477 0.003350
-0.002910 0.655481 -0.166255
-0.004295 0.663710 -0.312916
-0.172010 0.510472 0.114414
-0.123587 0.185841 -0.497612
0.121011 0.190537 0.053065
0.218643 -0.112486 -0.563677
0.003058 0.575946 0.013941
0.040499 0.478962 -0.328618
0.107120 0.515075 -0.594305
0.001480 0.354895 0.089863
0.071248 0.032944 -0.527871
-0.220358 0.716058 0.130225
-0.218792 0.570607 -0.200199
-0.178062 0.548118 -0.501538
0.698644 0.313847 0.220763
0.691431 0.327484 0.170567
0.684566 0.356030 0.135161
0.672585 0.394186 0.118592
0.652496 0.433922 0.117106
0.624505 0.467980 0.121712
0.591397 0.492556 0.122431
0.557005 0.508192 0.112276
0.524554 0.518835 0.089402
0.495533 0.529755 0.056934
0.469432 0.545344 0.021034
0.444248 0.567626 -0.011772
0.417444 0.595896 -0.036934
0.386919 0.627390 -0.053147
0.351654 0.658593 -0.062281
0.311847 0.686590 -0.068177
0.268594 0.709970 -0.074933
0.223294 0.729021 -0.085385
0.177067 0.745285 -0.100290
0.130374 0.760735 -0.118363
0.082939 0.776954 -0.136985
-0.385373 0.349277 -0.332588
0.284126 0.382472 0.373129
0.239123 -0.060186 -0.102693
0.198822 0.567894 0.209926
0.217090 0.407298 -0.130987
0.291661 0.381769 -0.441596
-0.117656 0.784213 0.042311
-0.153895 0.711238 -0.112564
-0.169720 0.691384 -0.265597
0.256998 0.141808 0.209758
0.312179 -0.229303 -0.354387
0.239900 0.446648 0.066381
0.294541 0.346787 -0.276016
0.382891 0.388481 -0.529775
-0.065478 0.716308 -0.040161
-0.082953 0.675349 -0.205112
-0.089064 0.691868 -0.339101
-0.460712 0.329365 -0.414383
-0.405482 0.385059 -0.250923
0.317153 0.479170 0.425039
0.226325 0.016755 0.003951
0.351754 -0.262498 -0.598878
0.199318 0.615708 0.266588
0.201152 0.433186 -0.064791
0.267896 0.379950 -0.390918
-0.160221 0.725033 -0.078304
-0.179759 0.692830 -0.235090
-0.416667 0.594222 0.109999
-0.376890 0.305053 -0.471736
0.251986 0.346862 0.327978
0.233245 -0.078168 -0.177779
0.169774 0.567646 0.173487
0.192703 0.418349 -0.169050
0.267024 0.404737 -0.472039
-0.206998 0.719930 -0.113340
-0.226225 0.698317 -0.262595
0.235402 0.127139 0.158886
0.307308 -0.222676 -0.418956
0.229741 0.670917 0.345302
0.207875 0.461048 0.035185
0.262823 0.369564 -0.305162
0.348071 0.417879 -0.553092
-0.124729 0.734011 -0.040341
-0.146560 0.689959 -0.201583
-0.157209 0.701807 -0.334311
0.654879 0.419357 0.163769
0.627904 0.438874 0.149698
0.601083 0.455703 0.129633
0.575321 0.472267 0.104598
0.550550 0.490810 0.077301
0.525902 0.512565 0.050887
0.500139 0.537456 0.027745
0.472145 0.564317 0.008783
0.441282 0.591485 -0.006646
0.371263 0.641439 -0.033923
0.333171 0.663389 -0.049108
0.293766 0.683961 -0.066224
-0.412847 0.569237 0.076429
-0.365272 0.293245 -0.510276
-0.001226 0.674147 0.302010
-0.048604 0.262978 -0.185123
0.069069 0.061757 -0.791894
-0.360516 0.703880 0.058253
-0.360120 0.585178 -0.246187
0.250135 0.261877 0.281683
0.262739 -0.142696 -0.252072
0.195680 0.517123 0.129316
0.232251 0.387571 -0.215946
0.313190 0.397049 -0.500911
-0.129426 0.761824 0.006449
-0.159105 0.701004 -0.152788
-0.172484 0.695100 -0.297923
0.374604 0.508592 0.463246
0.249906 0.034936 0.089921
0.353813 -0.281418 -0.501975
0.250058 0.604089 0.309258
0.246864 0.410415 -0.017672
0.314285 0.344383 -0.349114
-0.034489 0.781487 0.074658
-0.072256 0.701574 -0.079892
-0.085373 0.674330 -0.241635
-0.091563 0.703618 -0.362196
-0.498963 0.537593 0.028260
-0.441255 0.291313 -0.557508
0.230483 0.261669 0.256310
0.252029 -0.132899 -0.287381
0.166871 0.533162 0.114752
0.202229 0.406380 -0.229794
0.280462 0.417488 -0.513880
-0.179519 0.777860 0.013656
-0.213726 0.712512 -0.140848
-0.231416 0.700322 -0.284772
-0.398609 0.358892 -0.313846
0.294850 0.394663 0.386501
0.241058 -0.053035 -0.078839
0.207510 0.568798 0.221798
0.224015 0.404486 -0.118295
0.298446 0.374866 -0.431343
-0.138412 0.708413 -0.111123
0.659806 0.394990 0.177514
0.638291 0.411668 0.150721
0.617493 0.431418 0.123811
0.596201 0.454607 0.099502
0.573183 0.480352 0.079134
0.547621 0.507044 0.062394
0.519324 0.533061 0.047710
0.488667 0.557362 0.033040
0.456318 0.579765 0.016729
0.422919 0.600851 -0.001936
0.388817 0.621597 -0.022581
0.317955 0.665373 -0.064778
0.280214 0.688873 -0.083568
0.240171 0.712884 -0.099684
0.197426 0.736584 -0.113067
-0.419517 0.440310 -0.137030
0.238114 0.196057 0.221428
0.281157 -0.182165 -0.337368
0.196643 0.491322 0.082306
0.242316 0.380199 -0.261809
0.325456 0.408840 -0.529764
-0.134647 0.750217 -0.014795
-0.161008 0.696677 -0.175071
-0.173456 0.698534 -0.314664
-0.418506 0.518698 0.000464
-0.355045 0.274819 -0.592280
0.392519 0.501139 0.471909
0.262148 0.025558 0.107615
0.363394 -0.297498 -0.481177
0.272191 0.587682 0.318398
0.270302 0.393079 -0.009127
0.339920 0.326867 -0.340240
0.002306 0.762976 0.073832
-0.031648 0.685861 -0.084980
-0.041065 0.663024 -0.247803
-0.044293 0.697411 -0.366082
-0.274760 0.615030 0.178298
-0.249539 0.274835 -0.412348
0.462690 -0.438850 0.232270
0.636332 0.080186 0.446390
0.709085 -0.084599 0.100414
0.613784 0.321970 0.378927
0.621078 0.237807 0.195668
0.661954 0.224271 0.030703
0.707379 0.282259 -0.061042
0.480071 0.543286 0.185485
0.449565 0.506864 0.100647
0.438068 0.494325 0.001320
0.435662 0.514465 -0.081649
0.430319 0.563014 -0.127480
0.412432 0.626157 -0.131234
0.377836 0.686880 -0.103556
0.270391 0.754647 -0.035368
0.211186 0.758809 -0.029441
0.156559 0.752897 -0.049956
0.108863 0.747413 -0.090303
0.066900 0.750609 -0.138131
0.026985 0.766097 -0.180218
-0.349275 0.666581 0.209764
-0.335565 0.326552 -0.359958
0.253663 0.518518 0.469455
0.176604 0.012869 -0.026805
0.143687 0.619333 0.278325
0.153183 0.426858 -0.086474
0.228861 0.376430 -0.437184
-0.228985 0.724874 -0.061607
-0.249272 0.684878 -0.228639
-0.418630 0.496220 -0.035970
-0.348208 0.267465 -0.630381
0.233688 0.159478 0.184996
0.293278 -0.202477 -0.385575
0.198381 0.477360 0.055350
0.248863 0.376941 -0.287006
-0.411841 0.637816 0.166043
0.274645 0.152801 0.246774
0.316597 -0.233518 -0.305484
0.264225 0.435136 0.090782
0.318473 0.328850 -0.252842
0.409072 0.365321 -0.510826
0.022250 0.789606 0.110304
-0.020916 0.700927 -0.037600
-0.035126 0.661944 -0.205017
-0.037816 0.681571 -0.339674
-0.256035 0.351936 -0.210617
0.453227 -0.216975 0.406292
0.643013 -0.000533 0.213727
0.756505 -0.068196 -0.099268
0.574040 0.307505 0.244479
0.600601 0.262315 0.062702
0.644622 0.290934 -0.068218
0.677772 0.378218 -0.110762
0.446703 0.609159 0.173588
0.402591 0.569204 0.109189
0.379275 0.543757 0.014208
0.369942 0.547563 -0.079834
0.363483 0.582642 -0.146414
0.349012 0.639651 -0.172000
0.319574 0.702846 -0.158950
0.033255 0.792347 -0.086429
-0.017712 0.786857 -0.126167
-0.477273 0.558341 0.055953
-0.426165 0.300033 -0.524784
-0.409670 0.406175 -0.204378
0.333483 0.502629 0.439515
0.228353 0.035425 0.037507
0.343856 -0.259106 -0.561953
-0.147476 0.724751 -0.072485
-0.166809 0.691033 -0.230615
0.664127 0.403365 0.163743
0.640048 0.425838 0.148530
0.614816 0.446605 0.131091
0.537202 0.507387 0.065362
0.510423 0.530021 0.042741
0.482335 0.554135 0.021779
-0.402081 0.382633 -0.255285
0.212344 0.103847 0.089123
0.305550 -0.215860 -0.503254
0.186968 0.675586 0.311417
0.170765 0.474666 -0.004858
0.226504 0.394829 -0.341574
0.307942 0.452349 -0.580256
-0.195390 0.749868 -0.038065
-0.222108 0.702204 -0.194228
0.236882 0.152384 0.184328
0.297777 -0.208980 -0.386604
0.205150 0.471014 0.053645
0.256852 0.372013 -0.288471
0.341611 0.413006 -0.544102
-0.125596 0.738927 -0.031151
-0.148805 0.691583 -0.192415
-0.159830 0.700097 -0.327827
0.678569 0.371656 0.180582
0.660065 0.392986 0.155534
0.640327 0.417336 0.134129
0.618358 0.443237 0.116506
0.593773 0.468977 0.101346
0.566821 0.493284 0.086603
0.538158 0.515726 0.070400
0.508505 0.536722 0.051716
0.478342 0.557235 0.030643
0.383719 0.624336 -0.035026
0.349140 0.649026 -0.053664
0.080100 0.566698 0.291347
0.047194 0.155576 -0.212149
-0.178294 0.625479 -0.059633
-0.151051 0.548585 -0.377949
-0.570900 0.459090 -0.090253
0.285204 0.470731 0.401155
0.210562 0.016305 -0.042106
0.344926 -0.243375 -0.648736
0.164808 0.629650 0.245978
0.167373 0.451877 -0.086075
0.232145 0.403229 -0.409980
-0.222446 0.739538 -0.067532
-0.247057 0.701368 -0.220550
-0.418570 0.493562 -0.040402
0.231405 0.167766 0.188233
0.288770 -0.195866 -0.381238
0.192823 0.483418 0.058706
0.241986 0.381086 -0.283964
0.325304 0.418286 -0.543724
-0.145179 0.748035 -0.023189
-0.170919 0.697006 -0.182964
-0.183753 0.701211 -0.319827
-0.415073 0.611754 0.133106
-0.380867 0.312942 -0.445133
0.261989 0.299581 0.316144
0.255552 -0.119550 -0.199624
0.199980 0.530228 0.157328
0.231206 0.390217 -0.187533
0.310840 0.388500 -0.481368
-0.119162 0.766240 0.017307
-0.150198 0.702046 -0.141549
-0.163638 0.692576 -0.289617
0.671683 0.390073 0.168711
0.575557 0.479664 0.096332
-0.417437 0.508662 -0.015296
-0.350860 0.271148 -0.609081
0.329736 0.325390 0.396222
0.283067 -0.123546 -0.071720
0.278005 0.494922 0.220116
0.307360 0.339634 -0.124369
0.392325 0.324152 -0.425953
0.015781 0.716562 0.021203
-0.004796 0.659279 -0.147532
-0.007218 0.660690 -0.299111
-0.174408 0.549553 0.157393
-0.139477 0.207193 -0.444967
0.267784 0.595699 0.464753
0.162706 0.119714 0.040916
0.273720 -0.176397 -0.578047
0.103783 0.714956 0.302152
0.085991 0.514180 -0.019483
0.137246 0.435131 -0.361180
-0.472131 0.359529 -0.355806
0.666383 0.383801 0.201575
0.645634 0.393991 0.167074
0.627873 0.410180 0.131621
0.610622 0.433538 0.101291
0.591224 0.462450 0.079333
0.567843 0.493565 0.065403
0.539991 0.523323 0.056245
0.508458 0.549322 0.047365
0.474771 0.571013 0.034912
0.440470 0.589579 0.017009
0.406510 0.607191 -0.005862
0.372986 0.626017 -0.031389
0.339218 0.647410 -0.056504
0.304091 0.671530 -0.078531
0.266491 0.697442 -0.095992
0.225647 0.723578 -0.108865
0.181296 0.748337 -0.118291
0.133635 0.770571 -0.125925
-0.403562 0.342439 -0.362952
0.146917 0.035032 -0.000425
0.127423 0.627890 0.308639
0.137489 0.418565 -0.076902
0.219024 0.359492 -0.450649
-0.237575 0.718630 -0.051202
-0.255678 0.674276 -0.228850
0.259229 0.312358 0.319337
0.249483 -0.108392 -0.193830
0.191773 0.540337 0.161613
0.220780 0.397805 -0.182748
0.299015 0.392898 -0.479162
-0.132517 0.773690 0.022790
-0.165564 0.706954 -0.134258
-0.180526 0.694249 -0.282832
0.229538 0.163022 0.181040
0.289696 -0.197480 -0.390490
0.190826 0.482911 0.053933
0.228190 0.212252 0.218663
0.269570 -0.165493 -0.340354
0.176978 0.508434 0.084024
0.219579 0.394590 -0.260077
0.300400 0.419591 -0.531824
-0.167206 0.763668 -0.004601
-0.197381 0.705200 -0.161844
-0.212856 0.700944 -0.302386
-0.107309 0.780525 0.041567
-0.142641 0.708302 -0.114358
-0.157549 0.689581 -0.267797
0.658168 0.407243 0.166610
0.633940 0.427047 0.148044
0.609537 0.446358 0.126795
0.534787 0.510768 0.058483
0.507719 0.535178 0.038220
0.478725 0.560200 0.019864
0.285363 0.122219 0.242514
0.333689 -0.260848 -0.312225
0.312191 0.627032 0.391410
0.288818 0.408991 0.084482
0.347966 0.308602 -0.257634
0.441390 0.351917 -0.507416
0.056294 0.764195 0.106693
0.018576 0.679563 -0.047948
0.009156 0.647235 -0.216367
0.009725 0.674274 -0.346502
-0.151089 0.429629 0.027156
-0.076720 0.140309 -0.599692
-0.062083 0.591265 0.246591
-0.064243 0.211684 -0.304390
-0.417146 0.674584 0.035860
-0.412954 0.568266 -0.268036
0.737266 0.240330 0.176070
0.613355 0.465975 0.199941
0.579351 0.460068 0.167194
0.555006 0.457111 0.116160
0.538327 0.466002 0.061134
0.524383 0.489912 0.015695
0.507587 0.526046 -0.012003
0.483814 0.567597 -0.021363
0.451644 0.606866 -0.018461
0.412403 0.638233 -0.012793
0.369171 0.659867 -0.013236
0.325311 0.673730 -0.024902
0.283173 0.684180 -0.047937
0.243409 0.695952 -0.078298
0.205027 0.712387 -0.109789
0.165993 0.734463 -0.136427
0.124068 0.760804 -0.154297
-0.402206 0.536530 0.030930
-0.344520 0.277812 -0.561646
0.303248 0.455939 0.410254
0.225772 -0.001256 -0.027952
0.360321 -0.265843 -0.633058
0.192749 0.607225 0.250383
0.198535 0.430332 -0.083735
0.266854 0.384181 -0.406349
-0.169970 0.724490 -0.084389
-0.189502 0.694041 -0.239933
-0.418855 0.546035 0.042105
-0.363914 0.285019 -0.547447
0.242394 0.232601 0.253306
0.269457 -0.159757 -0.293071
0.193149 0.507038 0.107245
0.233726 0.385819 -0.237756
0.315498 0.403972 -0.515351
-0.136608 0.758185 -0.002241
-0.165216 0.700121 -0.161658
-0.178546 0.697076 -0.304371
-0.346555 0.266103 -0.637577
0.244295 0.087192 0.136581
0.328402 -0.251434 -0.446696
0.244020 0.639271 0.333815
0.230099 0.435374 0.016070
0.290878 0.354000 -0.321275
0.378397 0.412709 -0.557075
-0.091960 0.716414 -0.058402
-0.109047 0.680421 -0.220956
-0.116822 0.701029 -0.348769
-0.128521 0.503303 0.089119
-0.086979 0.197439 -0.483702
-0.000702 0.564024 0.269898
-0.007795 0.170216 -0.277443
-0.297455 0.645367 -0.028141
-0.278996 0.559541 -0.343856
0.538097 -0.311794 0.506798
0.636668 0.352364 0.255631
0.630838 0.332251 0.160839
0.637095 0.344290 0.078572
0.642701 0.386612 0.030999
0.636800 0.446321 0.024232
0.614201 0.505976 0.047985
0.576475 0.550963 0.081719
0.530234 0.574720 0.104201
0.483692 0.579944 0.101829
0.443239 0.575934 0.072387
0.411387 0.573924 0.023788
0.386564 0.582608 -0.030496
0.364389 0.605443 -0.076964
0.339682 0.640271 -0.106656
0.308377 0.680961 -0.117502
0.268720 0.720160 -0.113965
0.221443 0.752040 -0.104438
0.169027 0.774030 -0.097632
0.114470 0.787089 -0.099467
-0.448084 0.598913 0.113620
-0.409304 0.312855 -0.463973
0.228269 0.093657 0.110572
0.317845 -0.234599 -0.477862
0.215500 0.656555 0.320996
0.200890 0.454613 0.003487
0.259423 0.374711 -0.333423
-0.401707 0.370870 -0.284109
0.300934 0.336697 0.372547
0.263864 -0.104427 -0.109062
0.237860 0.524367 0.202463
0.264543 0.370964 -0.141500
0.345447 0.355791 -0.444305
-0.052361 0.748629 0.024319
-0.079681 0.685527 -0.138991
-0.088279 0.678817 -0.290923
-0.495653 0.423570 -0.176532
-0.406451 0.393142 -0.232422
0.306150 0.262060 0.348955
0.292341 -0.167922 -0.153622
0.272598 0.470985 0.174916
0.311750 0.332740 -0.171328
0.399695 0.336320 -0.458592
0.003854 0.709632 0.000116
-0.014011 0.658977 -0.168947
-0.016128 0.667316 -0.314846
-0.202405 0.468802 0.038679
-0.134777 0.178790 -0.583629
0.289913 0.142648 0.304373
0.330047 -0.264102 -0.259573
0.301836 0.394657 0.119282
0.362419 0.285271 -0.232565
0.460491 0.323667 -0.493213
0.086491 0.749938 0.124015
0.050426 0.662828 -0.035770
0.044111 0.629696 -0.209789
0.048491 0.658134 -0.344081
-0.086690 0.628546 0.282816
-0.095819 0.228490 -0.278599
-0.453808 0.560094 -0.233709
-0.519860 0.387371 -0.301266
0.199359 0.174408 0.139818
0.268967 -0.169602 -0.441525
0.137923 0.515751 0.036304
0.183413 0.416730 -0.304777
0.261158 0.454691 -0.564563
-0.275887 0.714259 -0.154079
0.658520 0.404816 0.159087
-0.408030 0.661342 0.194370
-0.389769 0.336704 -0.372318
0.272222 0.032687 0.138788
0.364632 -0.303553 -0.444158
0.291257 0.582553 0.335293
0.287250 0.383765 0.009884
0.356932 0.312522 -0.322930
0.449845 0.382802 -0.542628
0.032718 0.750984 0.078810
0.000637 0.674410 -0.082019
-0.006443 0.652861 -0.246219
-0.007275 0.689272 -0.364646
-0.170821 0.313088 -0.195561
0.166530 0.324986 0.257155
0.193213 -0.067376 -0.312318
0.062130 0.603437 0.130500
0.085715 0.465269 -0.217062
0.154091 0.462153 -0.518122
-0.326552 0.500771 -0.008134
-0.260643 0.250885 -0.603985
0.441984 0.243968 0.547886
0.363559 -0.273633 0.091490
0.465640 0.284693 0.332464
0.522864 0.118137 -0.034751
0.640809 0.112026 -0.331459
0.369799 0.575664 0.248062
0.351155 0.481653 0.068498
0.369086 0.450208 -0.118714
0.399378 0.489931 -0.252269
0.416901 0.583113 -0.296930
0.055887 0.776044 -0.006252
0.009474 0.742292 -0.086593
-0.024111 0.732513 -0.175426
-0.053572 0.750912 -0.246322
-0.399160 0.596127 0.117460
-0.359947 0.299607 -0.469424
0.673838 0.293056 0.240561
0.678795 0.290210 0.150557
0.688577 0.320382 0.088180
0.690692 0.374488 0.066364
0.560229 0.529945 0.148828
0.519630 0.527484 0.128002
0.487651 0.523001 0.084094
0.464127 0.526800 0.029473
0.445348 0.544547 -0.021553
0.425985 0.575983 -0.057996
0.401243 0.615956 -0.075503
0.368448 0.657022 -0.076890
0.327617 0.692464 -0.070045
0.280946 0.718553 -0.064274
0.231601 0.735344 -0.066729
0.182378 0.745944 -0.080241
0.134764 0.754827 -0.103071
0.088633 0.765986 -0.130237
0.042561 0.781596 -0.155622
-0.385939 0.403795 -0.199152
-0.599615 0.333955 -0.331788
-0.566350 0.445481 -0.188974
-0.524114 0.352093 -0.442839
0.506657 -0.551746 0.181144
0.684007 0.002403 0.419092
0.769761 -0.133898 0.094268
0.682770 0.179247 0.207403
0.727892 0.180591 0.062138
0.546388 0.468599 0.214874
0.525267 0.437750 0.125147
0.521014 0.433992 0.030788
0.522580 0.462446 -0.040042
0.518136 0.515715 -0.071563
0.499437 0.578452 -0.064433
0.464282 0.634190 -0.033405
0.416339 0.671658 0.000204
0.362749 0.688165 0.017607
0.310821 0.689113 0.009082
0.265305 0.684535 -0.024201
0.227172 0.684625 -0.072589
0.193976 0.696115 -0.122663
0.161293 0.720542 -0.162189
0.124516 0.754558 -0.183788
-0.384067 0.473628 -0.065323
-0.306777 0.252506 -0.665268
-0.308793 0.353247 -0.218374
0.480689 -0.358259 0.396816
0.724912 -0.116411 0.224626
0.676775 0.182854 0.288491
0.717536 0.152904 0.117631
0.768632 0.198107 0.013716
0.572499 0.471791 0.258484
0.543619 0.431937 0.176071
0.535623 0.414767 0.076405
0.538573 0.430971 -0.008500
0.539730 0.477392 -0.056513
0.528573 0.540290 -0.061915
0.500296 0.601949 -0.035478
0.456687 0.647889 0.001782
0.404344 0.671828 0.028163
0.351328 0.676656 0.029561
0.303882 0.671722 0.003262
0.264504 0.668233 -0.043216
0.231765 0.674915 -0.096527
0.201509 0.695401 -0.142860
0.168723 0.727825 -0.172433
0.129323 0.766302 -0.181967
-0.408108 0.486073 -0.051617
-0.334658 0.262688 -0.647053
-0.432561 0.584678 0.037549
-0.392989 0.328123 -0.509817
0.231320 0.141594 0.164974
0.299299 -0.211393 -0.411139
0.222929 0.683157 0.348386
0.198219 0.471403 0.041184
0.250923 0.376494 -0.299962
0.335097 0.421121 -0.552034
-0.407876 0.398123 -0.221618
0.319155 0.387364 0.404668
0.256937 -0.066341 -0.048678
0.240160 0.546607 0.235216
0.258598 0.380671 -0.105577
0.336241 0.350626 -0.418214
-0.047533 0.757751 0.039710
-0.077722 0.689468 -0.121773
-0.087395 0.676767 -0.277170
-0.497901 0.454116 -0.115335
0.337088 0.373746 0.415857
0.271114 -0.083249 -0.031103
0.267062 0.524146 0.243131
0.288224 0.358383 -0.098564
0.369012 0.329844 -0.409428
-0.002137 0.734916 0.035772
-0.027373 0.671078 -0.130119
-0.032617 0.664617 -0.285382
-0.250041 0.522926 0.079606
-0.195866 0.220603 -0.533045
0.518612 0.133695 0.587779
0.432296 -0.372243 0.174386
0.574360 0.166578 0.393324
0.639214 0.004788 0.044792
0.763570 0.002660 -0.225932
0.521863 0.428268 0.315203
0.518732 0.342542 0.134471
0.550001 0.323222 -0.038261
0.588990 0.374293 -0.145921
0.609912 0.473207 -0.162203
0.343691 0.663259 0.111071
0.300586 0.625837 0.039015
0.276049 0.606943 -0.056431
0.262287 0.617833 -0.144958
0.248523 0.657614 -0.202893
0.225083 0.715499 -0.219764
-0.508884 0.475304 -0.082702
0.460720 -0.187650 0.393163
0.627169 0.040191 0.213007
0.730942 -0.033911 -0.096517
0.550306 0.344924 0.232491
0.570786 0.296826 0.054388
0.610261 0.319526 -0.079901
0.641569 0.400704 -0.131118
0.414281 0.642480 0.147276
0.366335 0.604796 0.091047
0.338217 0.578533 0.001644
0.324273 0.579021 -0.090982
0.314310 0.609687 -0.160291
0.297825 0.662845 -0.191218
0.267610 0.724035 -0.183619
-0.534056 0.490363 -0.051502
-0.417477 0.579172 0.089536
-0.372946 0.298483 -0.494953
0.251482 0.267933 0.286864
0.261248 -0.138868 -0.244349
0.380029 0.519289 0.466927
0.249782 0.044652 0.101368
0.349420 -0.277032 -0.488669
0.250897 0.609677 0.315299
0.245652 0.413748 -0.009958
0.311971 0.344535 -0.342720
-0.502777 0.544374 0.038915
-0.447174 0.294351 -0.545523
0.217138 0.260622 0.237954
0.244976 -0.126561 -0.312417
0.146980 0.543484 0.104846
0.181555 0.418705 -0.239100
0.257932 0.431019 -0.522356
-0.251519 0.719024 -0.131065
-0.272189 0.702286 -0.273770
0.242742 0.156047 0.197346
0.299313 -0.210754 -0.369937
0.213804 0.467185 0.061517
0.265455 0.366093 -0.281089
0.351029 0.405438 -0.538139
-0.109713 0.734384 -0.031605
-0.131732 0.687966 -0.193950
-0.141529 0.697848 -0.329744
0.509907 -0.300196 0.461368
0.723691 -0.091681 0.288349
0.686095 0.190562 0.323283
0.720257 0.150472 0.154287
0.769191 0.183379 0.041841
0.592359 0.466758 0.269988
0.560678 0.427743 0.195783
0.549947 0.407733 0.100248
0.551464 0.419032 0.014659
0.553049 0.460546 -0.037855
0.543997 0.520265 -0.049396
0.518754 0.581298 -0.028290
0.478171 0.628923 0.006185
0.428111 0.655816 0.032780
0.376343 0.663579 0.036647
0.329278 0.660562 0.013672
0.289874 0.657565 -0.030039
0.257218 0.663505 -0.082093
0.227550 0.682609 -0.128989
0.196022 0.713726 -0.160667
0.158488 0.751560 -0.173190
-0.416068 0.392605 -0.238812
0.005199 0.391133 0.198876
0.060930 -0.022327 -0.475235
-0.154200 0.672489 0.155026
-0.136099 0.511357 -0.226749
-0.072106 0.494693 -0.567225
0.074142 0.238862 0.070437
0.167925 -0.085024 -0.571039
-0.063419 0.606901 0.044760
-0.031265 0.494031 -0.310651
0.033768 0.517522 -0.597716
0.150682 0.278939 0.218150
0.200555 -0.103527 -0.382657
0.059035 0.576689 0.099781
0.092130 0.449383 -0.257153
0.165878 0.461597 -0.553065
-0.351135 0.505078 -0.012444
-0.285689 0.260331 -0.604756
0.185783 0.246051 0.261336
0.232696 -0.171533 -0.353706
0.143399 0.503499 0.102387
0.192612 0.378970 -0.271810
0.282593 0.404797 -0.567190
-0.200701 0.762588 0.017627
-0.230444 0.695665 -0.151446
-0.243823 0.687051 -0.304441
0.250293 0.281024 0.292770
0.255818 -0.128513 -0.235034
0.189788 0.528267 0.139500
0.223358 0.394137 -0.205498
0.302934 0.398407 -0.494829
-0.138084 0.768802 0.013652
-0.169700 0.705057 -0.144143
-0.184300 0.695660 -0.290488
0.288574 0.466561 0.402455
0.213877 0.011770 -0.040419
0.348659 -0.248349 -0.646806
0.170636 0.624456 0.246178
0.174069 0.447122 -0.086460
0.239682 0.399328 -0.409955
-0.211406 0.736359 -0.071670
-0.234900 0.699975 -0.225269
-0.412961 0.428306 -0.158906
0.346227 0.488336 0.444886
0.240028 0.019821 0.045386
0.356357 -0.277046 -0.552805
0.228360 0.604819 0.286478
0.228896 0.417585 -0.043650
0.296912 0.359422 -0.371867
-0.069237 0.791034 0.069317
-0.108570 0.710947 -0.083206
-0.124018 0.682865 -0.242711
0.382836 0.261271 0.449113
0.334327 -0.195762 -0.011655
0.368624 0.405235 0.252592
0.409261 0.253859 -0.092659
0.505007 0.246613 -0.382836
0.206596 0.718005 0.174136
0.168176 0.625678 0.022725
0.163913 0.583501 -0.153241
0.174955 0.604194 -0.296348
0.180042 0.677467 -0.367482
-0.350121 0.592791 0.117592
-0.312800 0.292426 -0.465663
0.231257 0.324727 0.368720
0.229401 -0.138496 -0.202162
0.186853 0.508475 0.176624
0.227798 0.359278 -0.199221
0.319382 0.361283 -0.513832
-0.117614 0.750675 0.027963
-0.143917 0.683319 -0.146634
-0.151732 0.676346 -0.306433
0.688563 0.362750 0.185028
0.670429 0.385580 0.162056
0.650482 0.410705 0.142986
0.628046 0.436419 0.127051
0.603115 0.461180 0.112396
0.548108 0.505454 0.079270
0.519409 0.525842 0.058961
0.490386 0.546411 0.036706
0.460877 0.568060 0.013856
0.430397 0.591189 -0.008133
0.398338 0.615607 -0.028207
0.364175 0.640678 -0.045985
0.247208 0.712368 -0.090035
0.203707 0.733753 -0.103772
0.158204 0.753946 -0.117419
-0.417404 0.498658 -0.031589
0.331600 0.343721 0.403282
0.277989 -0.108198 -0.057382
0.272876 0.506464 0.228339
0.299145 0.347267 -0.115242
0.382506 0.326929 -0.420439
0.007429 0.724165 0.026701
-0.015027 0.664279 -0.140959
-0.018616 0.662576 -0.294022
-0.205614 0.531329 0.116901
-0.159708 0.208767 -0.492590
0.322601 0.114817 0.339163
0.355876 -0.304398 -0.214161
0.357619 0.345270 0.142229
0.424002 0.235750 -0.208579
0.528162 0.276684 -0.462917
0.172182 0.692867 0.135037
0.145584 0.610786 -0.034347
0.148517 0.586729 -0.209569
0.160212 0.625909 -0.336457
-0.275491 0.673440 0.231387
-0.270870 0.316911 -0.330865
0.447627 -0.355957 0.290210
0.618125 0.133324 0.480555
0.676736 -0.052015 0.130314
0.594588 0.362614 0.386839
0.593380 0.269603 0.205586
0.629649 0.244265 0.031226
0.675268 0.292437 -0.076873
0.454631 0.578319 0.176018
0.418276 0.539491 0.097754
0.401912 0.521354 -0.001601
0.396693 0.535136 -0.090387
0.390783 0.578951 -0.145133
0.373927 0.640517 -0.157290
0.340768 0.703029 -0.134296
0.111819 0.781032 -0.057624
0.059258 0.773157 -0.091537
0.012678 0.771805 -0.136261
-0.031020 0.781761 -0.178578
-0.407172 0.377038 -0.269041
-0.418823 0.562391 0.065850
-0.369003 0.291610 -0.521309
0.229373 0.456423 0.353771
0.182220 0.019352 -0.125505
0.099340 0.655586 0.212766
0.102103 0.485478 -0.119121
0.162482 0.443532 -0.438850
-0.504126 0.348634 -0.390457
0.233387 0.245757 0.249736
0.259602 -0.145656 -0.297241
0.175837 0.521904 0.107822
0.213824 0.398689 -0.236895
0.293497 0.413969 -0.517315
-0.165474 0.770148 0.006211
-0.197450 0.707931 -0.150238
-0.213534 0.699600 -0.293412
0.342002 0.506547 0.445087
0.232025 0.037688 0.049947
0.344491 -0.262194 -0.547940
0.215614 0.621623 0.289575
0.212696 0.431843 -0.038076
0.675140 0.375536 0.174961
0.636306 0.422661 0.130459
0.613719 0.448659 0.113676
0.588530 0.474090 0.098837
0.502492 0.540596 0.047640
0.472322 0.561153 0.026055
0.377130 0.629250 -0.038990
0.342079 0.654094 -0.057014
-0.411832 0.652560 0.183770
-0.390641 0.332734 -0.385014
0.089659 0.358840 0.152374
0.129307 0.006125 -0.418638
-0.082581 0.686997 0.113656
-0.075111 0.546378 -0.215302
-0.025553 0.530699 -0.512182
0.103650 0.299346 0.176682
0.163057 -0.068371 -0.439017
-0.020455 0.617661 0.096562
0.005823 0.487123 -0.258994
0.072048 0.493420 -0.559831
0.063960 0.250427 0.050338
0.156671 -0.056210 -0.577696
-0.097817 0.631711 0.049265
-0.072805 0.517365 -0.295177
-0.015115 0.534013 -0.578912
0.113467 0.159670 0.028003
0.226283 -0.141876 -0.613695
0.008857 0.551199 -0.007129
0.054590 0.461463 -0.359608
-0.033626 0.456790 0.161717
0.006549 0.106415 -0.436218
-0.311709 0.611626 -0.100087
-0.285246 0.552360 -0.410568
0.456095 -0.372082 0.225094
0.608365 0.154365 0.427199
0.665574 -0.013378 0.092696
0.566487 0.395940 0.343272
0.563210 0.310360 0.169517
0.594671 0.289007 0.002283
0.634525 0.336874 -0.102193
0.657025 0.432379 -0.117967
0.406037 0.618129 0.137864
0.366812 0.582478 0.064924
0.346092 0.565655 -0.029462
0.335884 0.578504 -0.115445
0.325303 0.619701 -0.170321
0.304748 0.678149 -0.184962
0.268966 0.738279 -0.165100
-0.522457 0.500692 -0.034576
