3 806
0.066302 0.791929 -0.142236
0.013789 0.809912 -0.150194
-0.225780 0.858389 -0.156777
-0.293668 0.862398 -0.149915
-0.365033 0.861872 -0.138501
-0.439986 0.855891 -0.121920
-0.518582 0.843353 -0.099579
-0.600800 0.822966 -0.070923
-0.686507 0.793229 -0.035459
-0.775430 0.752415 0.007210
-0.867110 0.698540 0.057319
-0.960833 0.629331 0.114831
-1.055543 0.542196 0.179264
1.098366 -0.175535 0.741926
1.043248 -0.084006 0.643916
1.035468 -0.071352 0.630944
1.027377 -0.058523 0.617788
0.963510 0.037366 0.517602
0.953178 0.052291 0.502436
0.942457 0.067491 0.487054
0.931343 0.082950 0.471410
0.919837 0.098673 0.455469
0.907937 0.114681 0.439220
0.895634 0.131006 0.422675
0.882904 0.147677 0.405862
0.869715 0.164712 0.388811
0.856029 0.182113 0.371541
0.841812 0.199872 0.354056
0.827030 0.217978 0.336347
0.811658 0.236420 0.318398
0.795673 0.255197 0.300197
0.779049 0.274315 0.281740
0.761759 0.293786 0.263037
0.743765 0.313622 0.244111
0.725027 0.333829 0.224988
0.705496 0.354405 0.205695
0.685121 0.375343 0.186257
0.663852 0.396628 0.166695
0.641635 0.418244 0.147027
0.618417 0.440171 0.127276
0.594143 0.462394 0.107469
0.568754 0.484894 0.087645
0.542183 0.507649 0.067854
0.514359 0.530631 0.048155
0.485204 0.553802 0.028619
0.454632 0.577116 0.009322
0.422554 0.600512 -0.009650
0.388876 0.623919 -0.028204
0.353497 0.647253 -0.046235
0.316314 0.670415 -0.063621
0.277214 0.693290 -0.080227
0.236081 0.715745 -0.095893
0.192788 0.737622 -0.110436
0.147204 0.758733 -0.123648
0.099189 0.778858 -0.135295
0.048600 0.797736 -0.145112
-0.004713 0.815057 -0.152803
-0.060901 0.830459 -0.158038
-0.120114 0.843516 -0.160449
-0.182500 0.853725 -0.159631
-0.248198 0.860497 -0.155134
-0.317332 0.863142 -0.146471
-0.390002 0.860847 -0.133117
-0.466273 0.852656 -0.114516
-0.546156 0.837449 -0.090099
-0.629588 0.813912 -0.059307
-0.716397 0.780509 -0.021630
-0.806266 0.735449 0.023333
-0.898672 0.676657 0.075784
-0.992810 0.601744 0.135585
-1.160591 -0.173759 -0.337058
-1.167842 -0.195874 -0.426800
-1.180812 -0.206460 -0.490285
-1.199562 -0.211835 -0.530800
-1.223776 -0.216988 -0.550935
-1.252919 -0.226208 -0.552687
-1.286211 -0.243555 -0.537969
-1.322459 -0.273091 -0.509310
-1.359827 -0.318845 -0.470634
-1.395595 -0.384511 -0.428011
-1.425931 -0.472902 -0.390365
-1.445704 -0.585133 -0.370109
-1.448380 -0.719513 -0.383686
0.135605 0.764379 -0.126569
-0.075644 0.833766 -0.158565
-0.135574 0.846021 -0.160544
-0.198676 0.855411 -0.159150
-0.265122 0.861310 -0.153847
-0.408599 0.859450 -0.129389
-0.485791 0.849750 -0.109200
-0.566619 0.832662 -0.083022
-0.650979 0.806809 -0.050359
-0.738651 0.770606 -0.010758
-0.829256 0.722216 0.036125
-0.922205 0.659512 0.090426
-1.016606 0.580048 0.151911
-1.111163 0.481038 0.219744
-1.204013 0.359381 0.292153
-1.292529 0.211724 0.365947
1.278222 -0.541197 1.146013
1.276014 -0.536000 1.139888
1.269265 -0.519659 1.121374
1.266886 -0.514024 1.115176
1.264431 -0.508352 1.108912
1.261919 -0.502661 1.102547
1.259370 -0.496942 1.096062
1.256800 -0.491171 1.089460
1.254210 -0.485320 1.082762
1.251594 -0.479368 1.075993
1.248934 -0.473306 1.069171
1.246216 -0.467145 1.062298
1.243430 -0.460899 1.055364
1.240577 -0.454584 1.048350
1.237661 -0.448207 1.041238
1.234692 -0.441765 1.034015
1.231676 -0.435247 1.026682
1.228614 -0.428637 1.019245
1.225501 -0.421925 1.011714
1.222330 -0.415105 1.004098
1.219092 -0.408179 0.996398
1.215780 -0.401151 0.988608
1.212394 -0.394028 0.980718
1.208933 -0.386813 0.972719
1.205401 -0.379501 0.964602
1.201798 -0.372089 0.956365
1.198124 -0.364566 0.948009
1.194375 -0.356926 0.939538
1.190548 -0.349165 0.930954
1.186634 -0.341279 0.922256
1.182631 -0.333271 0.913441
1.178534 -0.325140 0.904503
1.174342 -0.316887 0.895435
1.170053 -0.308507 0.886232
1.165667 -0.299998 0.876890
1.161180 -0.291352 0.867407
1.156588 -0.282564 0.857783
1.151888 -0.273630 0.848018
1.147073 -0.264545 0.838109
1.142139 -0.255309 0.828053
1.137081 -0.245918 0.817846
1.131895 -0.236370 0.807482
1.126576 -0.226662 0.796957
1.121122 -0.216788 0.786266
1.115526 -0.206743 0.775406
1.109785 -0.196522 0.764375
1.103891 -0.186119 0.753171
1.091622 -0.164752 0.730228
1.085232 -0.153779 0.718483
1.078663 -0.142606 0.706548
1.071908 -0.131231 0.694419
1.064961 -0.119646 0.682091
1.057813 -0.107846 0.669562
1.050456 -0.095825 0.656828
1.018751 -0.045414 0.603763
1.010204 -0.032201 0.589946
1.001388 -0.018731 0.575900
0.992289 -0.004999 0.561622
0.982896 0.009002 0.547108
0.973195 0.023278 0.532354
1.172180 -0.360496 0.794685
1.196177 -0.320530 0.787805
1.202152 -0.269131 0.813496
1.188422 -0.227010 0.852359
1.161934 -0.207517 0.882194
1.133866 -0.212048 0.888156
1.114155 -0.231487 0.867751
1.107553 -0.251876 0.829634
1.112557 -0.261038 0.788218
1.123056 -0.253280 0.756988
1.131569 -0.230706 0.743159
1.132551 -0.201166 0.745548
1.124413 -0.174101 0.756244
1.109569 -0.156332 0.764958
1.092777 -0.149588 0.763751
1.078762 -0.150617 0.749969
1.070261 -0.153364 0.726462
1.067221 -0.151940 0.699531
1.067276 -0.143017 0.675833
1.067085 -0.126783 0.659625
1.063854 -0.106317 0.651366
1.056398 -0.085866 0.648081
1.045369 -0.068899 0.645104
1.032697 -0.056797 0.638262
1.020572 -0.048608 0.625519
1.010510 -0.041817 0.607467
1.002833 -0.033632 0.586672
0.996730 -0.022167 0.566327
0.990768 -0.007064 0.548871
0.983564 0.010608 0.535112
0.974336 0.029012 0.524140
0.963121 0.046418 0.513957
0.950615 0.061894 0.502445
0.937784 0.075563 0.488244
0.925422 0.088381 0.471182
0.913848 0.101623 0.452153
0.902855 0.116317 0.432604
0.891864 0.132874 0.413869
0.880213 0.151023 0.396657
0.867422 0.170030 0.380867
0.853347 0.189068 0.365749
0.838171 0.207566 0.350302
0.822267 0.225395 0.333707
0.806011 0.242853 0.315622
0.789617 0.260476 0.296248
0.773069 0.278792 0.276167
0.756155 0.298113 0.256062
0.738560 0.318449 0.236442
0.719999 0.339549 0.217477
0.700298 0.361044 0.198991
0.679432 0.382605 0.180592
0.657487 0.404061 0.161858
0.634589 0.425435 0.142516
0.610830 0.446900 0.122533
0.586218 0.468681 0.102102
0.560660 0.490953 0.081551
0.533994 0.513774 0.061222
0.506032 0.537068 0.041356
0.476605 0.560662 0.022051
0.445594 0.584348 0.003272
0.412931 0.607943 -0.015086
0.378584 0.631326 -0.033111
0.342521 0.654443 -0.050813
0.304690 0.677280 -0.068084
0.264999 0.699816 -0.084709
0.223312 0.721987 -0.100400
0.179465 0.743658 -0.114847
0.084580 0.784561 -0.138848
0.033208 0.803170 -0.147900
-0.020981 0.820064 -0.154672
-0.338624 0.862891 -0.142895
-0.833407 0.719622 0.037987
-1.161891 -0.180132 -0.366929
-1.171077 -0.197829 -0.447759
-1.186142 -0.206224 -0.503145
-1.206988 -0.211247 -0.536227
-1.233194 -0.217687 -0.549460
-1.264115 -0.229784 -0.544869
-1.298800 -0.251621 -0.524637
-1.335804 -0.287259 -0.491835
-1.372954 -0.340617 -0.451195
-1.407110 -0.415074 -0.409849
-1.433954 -0.512838 -0.378004
-1.447831 -0.634023 -0.369555
-0.098325 0.734215 -0.395714
-0.033852 0.823899 -0.156157
-0.091754 0.838215 -0.159471
-0.284600 0.862463 -0.150478
-0.355594 0.862384 -0.139637
-0.430109 0.856961 -0.123884
-0.508208 0.845178 -0.102567
-0.797581 0.739196 0.016364
-0.889613 0.682517 0.068207
-1.163387 -0.144600 -0.414559
-1.183861 -0.152860 -0.458914
-1.211931 -0.160730 -0.475176
-1.246662 -0.175039 -0.467478
-1.286492 -0.201635 -0.440292
-1.329185 -0.245623 -0.398939
0.924224 0.092615 0.461420
0.912509 0.108550 0.445276
0.900377 0.124805 0.428876
0.874771 0.158303 0.395318
0.861250 0.175557 0.378163
0.847216 0.193152 0.360758
0.832644 0.211093 0.343104
0.817505 0.229382 0.325204
0.801771 0.248025 0.307061
0.785409 0.267024 0.288682
0.768386 0.286383 0.270076
0.750664 0.306103 0.251255
0.732206 0.326185 0.232233
0.712968 0.346624 0.213025
0.692907 0.367418 0.193649
0.671975 0.388558 0.174125
0.650121 0.410036 0.154477
0.627293 0.431839 0.134733
0.603432 0.453953 0.114928
0.578479 0.476358 0.095100
0.552366 0.499030 0.075295
0.525023 0.521940 0.055567
0.496376 0.545050 0.035975
0.466344 0.568315 0.016588
0.434841 0.591683 -0.002514
0.401776 0.615088 -0.021241
0.367052 0.638454 -0.039491
0.330565 0.661690 -0.057146
0.292205 0.684688 -0.074071
0.251856 0.707323 -0.090114
0.209395 0.729443 -0.105102
0.164692 0.750871 -0.118837
0.117610 0.771400 -0.131098
-0.039347 0.824898 -0.156365
-0.097401 0.838891 -0.159890
-0.158572 0.850237 -0.160346
-1.175225 -0.203482 -0.469223
-1.191798 -0.210180 -0.518111
-1.213981 -0.214875 -0.545735
-1.241317 -0.222049 -0.554271
-1.114521 0.477362 0.222234
-1.207328 0.354843 0.294965
-1.295690 0.206147 0.368915
-1.375885 0.027856 0.438683
-1.442771 -0.183156 0.495756
-1.489301 -0.429054 0.527172
-1.505919 -0.709833 0.513807
-1.479859 -1.021172 0.428477
-1.394530 -1.350772 0.234601
-1.229526 -1.672348 -0.112323
-0.770374 1.238796 0.615606
0.151785 0.756833 -0.122426
0.103976 0.777068 -0.134137
0.053607 0.796045 -0.144091
0.000541 0.813477 -0.152007
-0.055367 0.829027 -0.157546
-0.114269 0.842293 -0.160323
-0.176319 0.852791 -0.159910
-0.241666 0.859940 -0.155843
-0.310442 0.863052 -0.147626
-0.382756 0.861315 -0.134736
-0.458677 0.853776 -0.116631
-0.538220 0.839325 -0.092755
-0.621327 0.816665 -0.062559
-0.707834 0.784283 -0.025536
-0.983647 0.609775 0.129540
-1.078341 0.517961 0.195391
-1.172062 0.404587 0.266585
-1.262471 0.266371 0.340477
0.072031 0.789315 -0.140715
0.019971 0.807333 -0.149455
-0.153562 0.849373 -0.160518
-0.217708 0.857824 -0.157787
-0.590995 0.825853 -0.074157
-0.676300 0.797149 -0.039670
-0.764828 0.757636 0.001920
-0.856155 0.705379 0.050923
-0.949618 0.638139 0.107383
-1.044222 0.553352 0.170904
-1.138520 0.448126 0.240401
-1.230445 0.319267 0.313731
-1.317091 0.163375 0.387157
-1.394416 -0.022941 0.454586
-1.456842 -0.242647 0.506510
-1.496747 -0.497499 0.528566
-1.503824 -0.786641 0.499749
-1.464381 -1.104143 0.390551
-1.360811 -1.434815 0.162039
0.946308 0.062586 0.491727
0.935253 0.078200 0.476557
0.886913 0.142077 0.411563
-1.150700 0.432776 0.249825
-1.242132 0.300582 0.323450
-1.327829 0.140899 0.396526
-1.403572 -0.049638 0.462581
-1.463548 -0.273890 0.511562
-1.499822 -0.533370 0.528349
-1.501684 -0.826728 0.490926
-1.454951 -1.147107 0.368562
-0.843208 1.132130 0.670004
-0.991597 0.829324 0.683409
-1.084309 0.536477 0.565127
-1.132857 0.290178 0.380308
-1.152777 0.103139 0.178430
-1.157858 -0.027486 -0.010436
-1.158003 -0.111961 -0.171856
-1.159277 -0.162418 -0.301521
-1.164828 -0.189934 -0.400519
0.858532 0.179604 0.375100
0.844190 0.197125 0.357813
0.829382 0.214872 0.340007
0.814114 0.232971 0.321766
0.798344 0.251530 0.303236
0.781989 0.270597 0.284564
0.764953 0.290153 0.265842
0.747151 0.310130 0.247084
0.728529 0.330447 0.228238
0.709059 0.351041 0.209222
0.688732 0.371886 0.189966
0.667541 0.392998 0.170443
0.645460 0.414417 0.150686
0.622442 0.436183 0.130775
0.598415 0.458315 0.110810
0.573292 0.480800 0.090889
0.546983 0.503593 0.071084
0.519402 0.526630 0.051443
0.490468 0.549839 0.031993
0.460111 0.573153 0.012760
0.428259 0.596514 -0.006210
0.394836 0.619869 -0.024843
0.359752 0.643161 -0.043025
0.322903 0.666316 -0.060615
0.284172 0.689236 -0.077445
0.243430 0.711792 -0.093335
0.200546 0.733819 -0.108095
-0.236485 0.859551 -0.156207
-0.305000 0.862972 -0.148341
-0.377035 0.861615 -0.135866
-0.452666 0.854548 -0.118227
-0.531918 0.840675 -0.094858
-0.614740 0.818713 -0.065199
-0.700982 0.787164 -0.028736
-0.790354 0.744284 0.014954
-0.882372 0.688049 0.066111
-0.976285 0.616131 0.124666
-1.070984 0.525871 0.190055
-1.164862 0.414287 0.260934
-1.255640 0.278119 0.334770
-1.340124 0.113941 0.407250
-1.413882 -0.081569 0.471441
-1.470816 -0.311134 0.516625
-1.502615 -0.575950 0.526754
-1.498082 -0.874036 0.478597
-1.442455 -1.197362 0.339981
-0.068810 0.535651 -1.447894
-0.674775 1.350738 0.509061
-0.869726 1.087666 0.683367
-1.009343 0.782901 0.672466
-1.094434 0.495373 0.540240
-1.137650 0.257650 0.350216
-1.154523 0.079503 0.148870
-1.158309 -0.043510 -0.036455
-1.158284 -0.122208 -0.193235
-1.159990 -0.168677 -0.318270
-1.166226 -0.193680 -0.413159
-1.178075 -0.205824 -0.481245
-1.195706 -0.211702 -0.525897
-1.218855 -0.216463 -0.549817
-1.247037 -0.224459 -0.555048
-1.279544 -0.239749 -0.543424
-1.315293 -0.266386 -0.517251
-1.352609 -0.308427 -0.480080
-1.382190 -0.356214 -0.445729
-1.415235 -0.435286 -0.404621
-1.439931 -0.538066 -0.375479
-1.450300 -0.664152 -0.373108
-1.438941 -0.809468 -0.416564
-0.171285 0.852123 -0.160012
0.129162 0.766479 -0.128264
-0.207127 0.856792 -0.158370
-0.274133 0.862078 -0.152310
-0.344617 0.862929 -0.141903
-0.418662 0.858486 -0.126614
-0.496314 0.847742 -0.105878
-0.577559 0.829511 -0.079120
0.892455 0.136582 0.419034
0.879163 0.153079 0.402557
1.041932 -0.081586 0.639436
1.034245 -0.068173 0.626994
1.025948 -0.054756 0.614592
0.971082 0.025636 0.528457
0.961263 0.040528 0.513316
0.950961 0.055837 0.498284
0.940130 0.071388 0.483202
-1.260769 -0.229329 -0.549748
-1.294955 -0.249418 -0.531265
-1.087927 0.507529 0.202381
0.449097 0.581871 0.005963
0.346618 0.651532 -0.048908
0.309095 0.674419 -0.066454
0.269712 0.697100 -0.083245
0.228309 0.719466 -0.098994
0.184715 0.741334 -0.113432
0.090295 0.782532 -0.137483
0.039176 0.801248 -0.146702
-0.014721 0.818261 -0.153765
-0.330386 0.862946 -0.144453
-0.403664 0.859666 -0.130301
-0.480556 0.850339 -0.110742
-0.561071 0.833791 -0.085201
-0.645131 0.808648 -0.053134
-0.732540 0.773313 -0.014066
-0.822941 0.725937 0.032354
-0.915761 0.664387 0.086256
-1.010127 0.586219 0.147411
-1.104766 0.488664 0.215007
-1.197851 0.368639 0.287329
-1.286807 0.222809 0.361290
-1.368040 0.047751 0.431756
-1.436577 -0.159714 0.490595
-1.485598 -0.401898 0.525382
-1.505843 -0.679101 0.517723
-1.484912 -0.987588 0.441353
-1.406636 -1.316118 0.260686
-1.250969 -1.640226 -0.068193
-0.995759 -1.913650 -0.589061
-0.623452 -2.058344 -1.319461
-0.138095 -1.962030 -2.193910
0.404407 -1.508436 -2.985756
0.871453 -0.670954 -3.303631
0.124354 1.610947 0.363553
-0.230028 1.199843 0.554113
-0.400850 0.719123 0.258341
-0.401314 0.367888 -0.291537
-0.291949 0.244074 -0.876579
-0.146999 0.359411 -1.313163
-0.037930 0.657260 -1.462404
-0.019344 1.028360 -1.268601
-0.112716 1.342895 -0.798075
-0.298785 1.499402 -0.219165
-0.528981 1.462767 0.283697
-0.750230 1.265964 0.595805
-0.926462 0.979753 0.697790
-1.045634 0.675708 0.635590
-1.113982 0.403595 0.476123
-1.146038 0.186976 0.277776
-1.156903 0.029508 0.079924
-1.158466 -0.076300 -0.096033
-1.158577 -0.142158 -0.241518
-1.161669 -0.179861 -0.355499
-1.169814 -0.199423 -0.440479
0.905656 0.118270 0.436443
0.866881 0.167901 0.385657
-1.229052 -0.218323 -0.552647
-1.329677 -0.280557 -0.502440
-1.366980 -0.329898 -0.462445
-1.402035 -0.399787 -0.419987
-1.430769 -0.492779 -0.384620
-1.447786 -0.609544 -0.369500
-1.446275 -0.747685 -0.391892
-1.418054 -0.900118 -0.473344
-1.353901 -1.052882 -0.638969
-1.447792 -0.203062 0.499175
-1.492212 -0.451944 0.527849
-1.505761 -0.735615 0.509743
-1.475352 -1.049239 0.416883
-1.384038 -1.379587 0.211868
0.740878 0.316775 0.241261
-0.941136 0.948175 0.697641
-1.147551 0.168367 0.256289
-1.156970 0.016865 0.059944
-1.158109 -0.084059 -0.113046
-1.158430 -0.146288 -0.255090
0.509208 0.534728 0.044687
0.479820 0.557906 0.025130
0.416669 0.604666 -0.013079
0.382704 0.628096 -0.031534
1.328586 -0.666484 1.288450
1.327014 -0.662073 1.284187
1.320107 -0.645973 1.265424
1.318573 -0.641952 1.260326
1.317084 -0.637735 1.255267
1.315565 -0.633329 1.250308
1.313954 -0.628803 1.245441
1.312232 -0.624247 1.240600
1.310417 -0.619735 1.235701
1.308557 -0.615289 1.230675
1.306699 -0.610884 1.225501
1.304872 -0.606461 1.220202
1.303078 -0.601958 1.214832
1.301291 -0.597340 1.209444
1.299476 -0.592604 1.204070
1.297605 -0.587780 1.198708
1.295665 -0.582908 1.193331
1.293664 -0.578022 1.187897
1.291621 -0.573135 1.182373
1.289557 -0.568235 1.176746
1.287488 -0.563297 1.171024
1.285413 -0.558291 1.165230
1.283323 -0.553199 1.159388
1.281201 -0.548018 1.153514
1.274536 -0.532071 1.135646
1.272219 -0.526665 1.129552
0.159613 0.753187 -0.120267
0.112260 0.773601 -0.132350
-0.045609 0.826557 -0.156892
-0.103999 0.840282 -0.160099
-0.165523 0.851304 -0.160190
-0.370242 0.861993 -0.137180
-0.445548 0.855481 -0.120034
-0.524469 0.842270 -0.097224
-0.606965 0.821099 -0.068185
-0.692898 0.790495 -0.032389
-0.781992 0.748738 0.010600
-0.873786 0.693832 0.061049
-0.967560 0.623475 0.118927
-1.062242 0.535039 0.183724
-1.156279 0.425567 0.254183
-1.247461 0.291820 0.327902
-1.332693 0.130379 0.400760
-1.407671 -0.062105 0.466110
-1.466473 -0.288442 0.513640
-1.153520 0.093675 0.166794
-1.158066 -0.033936 -0.020714
-1.158127 -0.116116 -0.180322
-1.159560 -0.164985 -0.308169
-1.165372 -0.191499 -0.405555
-1.176770 -0.204483 -0.475749
0.872189 0.161614 0.392019
-0.108995 0.841310 -0.160232
-0.771258 0.754305 0.004903
-0.862764 0.701137 0.054518
-0.956365 0.632789 0.111614
-1.051033 0.546664 0.175732
-1.145273 0.439844 0.245708
-1.236962 0.309119 0.319292
-1.323117 0.151089 0.392600
-1.399596 -0.037620 0.459334
-1.460692 -0.259913 0.509688
-1.498607 -0.517412 0.528883
-1.502810 -0.808992 0.495357
1.090627 0.372114 -2.827871
0.968809 1.261574 -1.685576
0.582718 1.692412 -0.441549
0.440616 0.588034 0.000388
0.407692 0.611601 -0.017913
0.298633 0.680810 -0.070723
0.258641 0.703296 -0.087222
0.216629 0.725400 -0.102741
0.172429 0.746975 -0.116966
0.076758 0.787557 -0.140398
0.024956 0.805925 -0.149111
-0.147991 0.848690 -0.160198
-0.279161 0.862200 -0.151522
-0.349869 0.862633 -0.140938
-0.424127 0.857760 -0.125425
-0.501992 0.846556 -0.104381
-0.583456 0.827806 -0.077214
-0.668421 0.800081 -0.043372
-0.756659 0.761715 -0.002396
-0.847764 0.710774 0.046025
-0.941094 0.645035 0.101937
-1.035682 0.561960 0.164973
-1.130117 0.458685 0.234106
-1.222392 0.332046 0.307297
-1.309685 0.178665 0.380977
-1.347104 0.098304 0.413184
0.928099 0.087293 0.466811
0.582202 0.473259 0.097599
0.060020 0.793652 -0.143127
0.007332 0.811352 -0.151333
-0.786133 0.746514 0.012728
-0.878032 0.690960 0.063511
-0.971871 0.619843 0.121717
-1.066561 0.530520 0.186808
-1.160521 0.420019 0.257484
-1.251508 0.285087 0.331275
-1.336378 0.122303 0.403967
-1.410763 -0.071671 0.468769
-1.468655 -0.299603 0.515170
-1.501858 -0.562790 0.527413
-1.499328 -0.859452 0.482642
-1.446478 -1.181929 0.349129
-1.324769 -1.511976 0.085894
-1.112464 -1.813361 -0.352750
-0.788817 -2.021972 -0.999838
-0.106577 1.388867 0.547233
-0.354394 0.906944 0.422031
-0.418158 0.485878 -0.053326
-0.344547 0.264270 -0.648287
-0.204916 0.286131 -1.164746
-0.073403 0.520839 -1.442785
-0.013398 0.877826 -1.387024
-0.061534 1.230237 -1.012436
-0.214794 1.459136 -0.453680
-0.433890 1.500050 0.099043
-0.664397 1.360732 0.495694
-0.861602 1.101386 0.679652
-1.003886 0.797090 0.675945
-1.091258 0.507895 0.547749
-1.136049 0.267593 0.359143
-1.153813 0.086827 0.157536
1.236162 -0.444989 1.037572
1.233182 -0.438501 1.030288
1.230150 -0.431920 1.022910
1.227062 -0.425244 1.015441
1.223914 -0.418468 1.007884
1.220699 -0.411595 1.000235
1.217417 -0.404626 0.992489
1.214065 -0.397562 0.984641
1.210643 -0.390402 0.976684
1.207152 -0.383141 0.968616
1.203590 -0.375776 0.960435
1.199956 -0.368301 0.952141
1.196245 -0.360712 0.943735
1.192454 -0.353006 0.935214
1.188579 -0.345182 0.926578
1.184617 -0.337238 0.917822
1.180565 -0.329173 0.908942
1.176421 -0.320985 0.899933
1.172183 -0.312670 0.890792
1.167848 -0.304225 0.881517
1.163413 -0.295644 0.872104
1.158874 -0.286923 0.862554
1.154227 -0.278059 0.852862
1.149468 -0.269049 0.843027
1.144591 -0.259889 0.833045
1.139594 -0.250577 0.822912
1.134472 -0.241110 0.812624
1.129220 -0.231482 0.802176
1.123834 -0.221690 0.791566
1.118310 -0.211729 0.780790
1.112642 -0.201594 0.769846
1.106824 -0.191281 0.758729
1.100851 -0.180784 0.747437
1.094715 -0.170101 0.735966
1.088410 -0.159225 0.724312
1.081931 -0.148153 0.712470
1.075269 -0.136879 0.700436
1.068418 -0.125398 0.688206
1.061371 -0.113705 0.675777
1.054118 -0.101793 0.663145
1.046652 -0.089658 0.650306
1.038963 -0.077293 0.637256
1.031042 -0.064692 0.623991
1.022877 -0.051851 0.610508
1.014460 -0.038762 0.596802
1.005778 -0.025420 0.582869
0.996821 -0.011819 0.568706
0.987575 0.002049 0.554309
0.978028 0.016189 0.539674
0.968165 0.030608 0.524799
0.957973 0.045312 0.509680
-1.270132 -0.234207 -0.547021
1.175905 -0.213853 0.869662
1.147177 -0.207089 0.888547
1.122356 -0.220759 0.880698
1.109081 -0.242452 0.849737
1.108886 -0.258352 0.808055
1.117601 -0.259167 0.770400
1.127975 -0.243212 0.747585
1.133149 -0.215925 0.742603
1.129444 -0.186534 0.750447
1.117412 -0.163606 0.761376
1.100933 -0.151537 0.765772
1.085043 -0.149370 0.758166
1.073645 -0.152080 0.738826
1.068078 -0.153334 0.712701
1.066994 -0.148314 0.686668
1.067339 -0.135457 0.666448
1.065874 -0.116576 0.654442
1.060532 -0.095591 0.649225
1.051085 -0.076577 0.646695
1.038940 -0.062049 0.642176
1.026293 -0.052166 0.632435
1.015088 -0.045044 0.616782
1.006267 -0.037861 0.596946
0.999539 -0.028162 0.575995
0.993695 -0.014799 0.556894
0.987247 0.001807 0.541318
0.979064 0.020095 0.529168
0.968775 0.038175 0.518873
0.956788 0.054659 0.508249
0.943995 0.069148 0.495475
0.931323 0.082236 0.479772
0.919350 0.095116 0.461551
0.908120 0.109000 0.442068
0.897208 0.124634 0.422791
0.885955 0.142069 0.404784
-1.219897 -0.214094 -0.545357
-0.231341 0.859141 -0.156620
-0.299596 0.862890 -0.149071
-1.501303 -0.554282 0.527734
-1.500052 -0.849995 0.485104
-0.348208 0.267465 -0.630381
-0.209484 0.282018 -1.151806
-0.076707 0.511303 -1.438962
-0.013811 0.866333 -1.393819
-1.386857 -0.365738 -0.438914
-1.419012 -0.448137 -0.398947
-1.442045 -0.554312 -0.372837
-1.449784 -0.683417 -0.375958
-1.434642 -0.830704 -0.427955
-0.655422 0.804889 -0.048910
-0.743188 0.768240 -0.009030
-1.294484 -0.249906 -0.536336
0.557232 0.494494 0.078648
0.501921 0.540699 0.039189
0.472165 0.564105 0.019938
-1.375917 -0.345051 -0.451896
-1.409839 -0.420439 -0.410190
-1.436241 -0.519302 -0.378455
-1.449384 -0.641682 -0.370818
-1.442110 -0.784194 -0.405599
0.696446 0.363916 0.197087
0.204869 0.731824 -0.106561
-0.681986 0.794898 -0.037272
-1.164372 -0.189223 -0.394975
-1.307759 -0.259676 -0.522741
-1.344941 -0.298396 -0.487463
-0.070670 0.833089 -0.158514
-0.130482 0.845653 -0.160265
-0.193474 0.855224 -0.158815
-0.259770 0.861235 -0.153705
1.003491 -0.021931 0.579232
0.994460 -0.008262 0.565008
0.985138 0.005676 0.550550
0.975511 0.019887 0.535854
0.955284 0.049159 0.505735
-1.445360 -1.186254 0.346576
0.122518 0.769357 -0.129923
-1.455709 -0.237469 0.505720
-1.496207 -0.491570 0.528631
-1.504132 -0.780026 0.501210
-1.465873 -1.097053 0.394148
-0.102786 0.444062 -1.400727
-0.019461 0.780797 -1.434784
-0.815641 1.175519 0.652241
-0.972835 0.876114 0.691693
-1.073518 0.578685 0.589105
-1.127821 0.323917 0.410788
-1.151140 0.127686 0.209136
-1.157740 -0.011054 0.017031
-1.158147 -0.101861 -0.149073
-1.158958 -0.156822 -0.283669
-1.163693 -0.187267 -0.387278
-1.173863 -0.202494 -0.462946
-1.204893 -0.214467 -0.539863
