3 2943
6.802755 -0.613407 0.787370
6.685467 -0.426962 0.453187
6.685467 -0.690284 0.499768
6.685467 -1.148830 0.756113
5.629867 -0.486647 -0.022050
5.278000 -0.256610 -0.066482
5.160711 0.130888 -0.326980
5.160711 -0.037940 -1.047224
5.160711 -0.400471 -1.051345
5.160711 -0.133027 -0.729951
5.160711 0.080336 -0.943392
5.160711 0.462055 -1.143707
5.278000 0.431205 -0.643933
5.512578 0.208445 -1.007796
5.864444 -0.996116 -0.916654
6.568178 -0.933344 0.764755
6.802755 -0.090397 0.698217
6.568178 -0.781129 0.495876
6.450889 -0.655604 0.738011
6.333600 -0.909958 0.542661
6.333600 -0.828090 0.547293
6.333600 -0.763123 -0.321238
5.747156 -0.527429 -0.328713
5.747156 -0.526405 -0.503745
5.512578 -0.395206 -0.698734
5.512578 0.075447 -0.166325
5.160711 -0.140000 -0.801169
5.512578 0.076367 -0.412146
5.512578 -0.730692 -0.737383
5.629867 -0.996358 -0.947572
6.802755 -1.224710 0.332913
6.920044 -1.228914 0.600121
6.920044 -0.941811 0.691143
6.920044 -1.011148 0.747801
6.920044 -0.763050 1.032430
6.920044 -0.638408 1.069442
6.802755 -0.840891 1.311085
6.802755 -1.152045 0.873194
6.568178 -1.339358 0.393941
6.450889 -1.147951 -0.198187
6.216311 -0.453442 -0.496647
5.395289 -0.056391 -0.458578
5.395289 -0.242410 -0.862086
5.278000 -0.074239 -1.354222
5.278000 -0.074611 -0.953795
5.160711 0.557459 -0.219277
5.160711 0.904313 -0.576475
5.278000 0.695986 -0.963855
5.395289 -0.150675 -0.814295
5.864444 -1.031470 -0.281916
6.450889 -1.344072 0.187392
6.568178 -0.988308 0.314859
6.450889 -1.021179 0.206859
6.802755 -0.709428 0.455693
5.395289 -0.236264 -1.616562
5.278000 -0.307852 -1.531964
5.395289 -0.508933 -1.326232
5.629867 -0.295756 -0.696019
5.512578 -0.098857 -0.948982
5.395289 -0.116414 -1.143186
5.395289 0.021056 -1.109678
5.278000 -0.205958 -1.122088
5.278000 -0.071633 -0.731739
5.278000 0.260567 -0.832053
5.278000 0.315945 -0.497988
5.160711 0.365127 -0.840798
5.160711 0.678199 -1.087543
4.808844 0.791134 -0.459998
5.043422 0.847308 -0.499198
4.808844 0.648474 -0.829312
4.808844 0.684103 -0.692984
5.043422 0.314846 -0.640000
5.160711 0.209270 -0.188870
5.160711 0.683748 -1.367600
5.278000 0.100370 -1.485271
5.278000 0.249540 -1.377835
5.278000 0.012269 -1.194578
5.278000 -0.427019 -0.595591
5.278000 -0.240702 -0.798883
5.278000 0.158580 -1.205583
5.278000 0.004175 -1.504416
5.278000 -0.120635 -1.603746
5.278000 -0.214982 -0.985566
5.864444 -0.227147 -0.159973
6.685467 -0.485987 0.437031
6.802755 -0.919086 0.898535
5.278000 0.206997 -1.044501
5.278000 -0.548989 -1.335757
5.278000 -0.482225 -1.370455
5.278000 -0.390219 -1.617199
5.278000 0.008920 -1.414759
5.278000 0.271204 -1.237213
6.920044 -0.410465 0.352459
6.802755 -0.698318 0.512409
5.629867 -0.500296 -0.245110
5.512578 -0.104163 -1.016468
5.512578 -0.234844 -1.403881
5.278000 -0.093881 -1.338594
5.278000 0.267210 -1.428809
5.278000 0.623751 -1.249628
5.278000 0.539876 -1.113288
5.278000 0.634988 -0.855031
5.278000 0.309539 -0.803120
5.278000 -0.001106 -0.941958
5.278000 0.305466 -1.599302
5.278000 -0.251024 -1.323296
5.278000 0.336391 -1.430640
5.160711 0.538774 -1.364994
5.160711 0.106017 -0.744949
5.043422 0.675375 -1.061241
5.160711 0.396423 -0.402352
5.160711 0.371879 -0.281239
6.333600 -0.714584 0.159088
6.568178 -0.323766 0.456996
6.568178 -0.798507 0.007386
6.568178 -0.793798 0.097554
6.802755 -0.969975 0.322856
6.802755 -1.176821 0.820510
6.920044 -0.383702 0.571436
6.802755 -1.000381 0.910403
6.685467 -0.649236 0.740658
6.333600 -0.688259 -0.050002
6.450889 -0.946193 0.130701
6.333600 -0.464784 0.287330
6.920044 -0.320455 1.003318
7.037333 -0.381964 0.896773
7.037333 -0.679331 0.765554
7.037333 -0.257144 0.910796
5.160711 -0.266363 -0.628029
5.160711 0.061068 -0.508587
6.920044 -0.640453 0.607686
7.037333 -0.332989 0.831447
6.920044 -0.312616 0.943427
6.920044 -0.573985 0.347756
6.802755 -0.770539 0.291037
6.802755 -1.055553 0.355393
6.920044 -0.759249 0.639312
5.160711 0.230814 -0.764592
5.278000 0.311670 -1.100600
5.395289 -0.164089 -1.323271
5.864444 -0.951601 -0.674502
6.568178 -0.228520 0.960455
6.802755 -0.174197 1.220160
6.450889 -1.125294 0.570206
6.568178 -1.071053 0.274623
6.568178 -0.773053 0.659753
6.568178 -0.676130 0.423397
6.802755 -1.011935 0.832964
6.802755 -0.692789 0.422997
6.802755 -0.868488 0.958980
6.802755 -1.060778 1.185581
6.333600 -1.083864 -0.290206
6.216311 -0.735573 -0.495500
5.981733 -1.005631 -0.483345
5.747156 -0.931109 -0.642417
5.864444 -0.601346 -0.838390
5.864444 -0.657364 -0.961414
5.629867 -0.633747 -0.647915
5.278000 -0.674297 -0.616117
5.864444 -0.163044 -0.359230
5.864444 -0.283745 -0.219177
5.747156 -0.355319 -0.197817
5.747156 -0.577969 -0.523285
5.747156 -0.306061 -0.569246
6.685467 -0.152637 0.353804
6.685467 -0.900615 0.525033
6.802755 -0.930954 0.691351
6.802755 -1.187013 0.414263
6.802755 -1.060909 0.278816
6.802755 -0.828435 0.995509
6.920044 -0.134758 0.715586
5.629867 -1.103872 -0.737862
5.629867 -0.762931 -0.502082
5.629867 -0.660525 -0.092480
6.920044 -1.126557 0.630443
7.037333 -0.465978 0.997130
7.037333 -0.265434 0.987192
7.037333 -0.721312 1.076010
6.685467 -0.900131 0.972972
5.395289 -0.502714 -0.288111
5.395289 -0.522224 -1.145565
5.395289 0.216422 -0.832258
5.395289 -0.001868 -0.467521
7.037333 -0.812168 0.995147
6.920044 -0.327066 1.025053
6.333600 -1.049843 0.528898
6.920044 -0.464784 0.771283
6.920044 -0.298031 0.931123
6.920044 -0.092509 1.051313
7.037333 -0.373919 1.034402
7.037333 -0.487907 0.898454
6.920044 -0.477184 1.058545
6.920044 -0.322233 1.337874
5.395289 -0.319407 -0.662785
6.450889 -0.380363 0.152017
6.568178 -0.995548 0.330377
6.568178 -0.784123 0.050828
6.920044 -0.297689 1.147471
5.278000 -0.386759 -0.891817
5.278000 -0.203257 -0.961070
5.395289 -0.712143 -1.357252
5.747156 -0.874032 -0.504911
5.864444 -0.829109 -0.526599
5.864444 -0.556437 -1.142964
4.926133 0.605295 -0.393279
4.926133 0.509730 -1.195630
4.926133 0.267700 -0.916964
5.043422 0.648916 -0.486553
5.160711 0.692688 -0.526456
5.160711 0.774433 -0.847458
5.043422 0.614396 -0.999425
5.043422 0.508257 -0.909540
4.926133 0.608575 -0.627222
5.864444 -0.348039 -0.188824
6.920044 -0.460215 0.561714
6.802755 -0.671191 0.712950
6.802755 -1.143064 0.629612
6.802755 -1.044268 1.122620
6.920044 -0.812194 1.048586
6.685467 -0.580353 1.122658
6.216311 -1.075889 -0.295519
5.864444 -0.855287 -0.149493
6.685467 -0.966983 0.387485
6.685467 -1.203244 0.830294
6.568178 -0.862332 0.285833
5.864444 -0.807931 -0.374327
5.747156 -0.785511 -0.974298
5.747156 -0.454212 -1.242422
5.512578 0.127419 -0.806738
5.512578 -0.037766 -0.681393
5.278000 -0.048209 -0.718021
5.278000 -0.140667 -0.934377
5.278000 -0.029426 -1.180949
5.278000 -0.062847 -1.040345
5.278000 0.220416 -0.840772
5.278000 0.365520 -0.540380
5.160711 0.093923 -0.447148
5.160711 0.040801 -0.213928
5.160711 -0.127938 -0.085473
5.278000 0.287715 -0.298731
5.278000 0.340858 -0.290960
5.278000 -0.411900 -0.594074
5.395289 -0.471203 -0.726123
5.395289 -0.659962 -1.282726
5.395289 -0.871618 -1.097385
6.920044 -0.654535 0.564535
6.920044 -0.259110 0.915287
6.920044 -0.458476 0.781841
6.920044 -0.582848 0.995100
6.920044 -0.307370 1.169418
6.920044 -0.501484 1.055596
6.802755 -0.773356 1.195614
6.802755 -0.822778 0.829365
6.802755 -0.848907 0.692349
6.802755 -0.876586 1.167437
6.685467 -1.248943 0.517224
6.450889 -1.033179 -0.097116
6.450889 -1.178217 0.191438
6.333600 -1.030836 0.336625
5.864444 -0.799596 0.060843
5.981733 -0.261606 -0.114781
5.864444 -0.087859 -0.169975
5.747156 -0.643247 -0.319605
5.864444 -0.391736 -0.405278
5.864444 -0.257284 -0.056600
5.747156 -0.582150 -0.665375
5.747156 -0.274449 -0.583559
5.278000 -0.222632 -0.266520
5.278000 0.031191 -0.499552
5.278000 0.462083 -0.204426
5.160711 0.535379 -0.468747
5.395289 0.103518 -0.344403
5.747156 -0.589796 0.021902
6.802755 -0.924908 1.043614
6.920044 -0.795928 0.614854
6.920044 -0.668030 0.742473
6.920044 -1.070563 0.858894
5.512578 -0.962505 -0.844262
6.099022 -1.320497 -0.183119
6.099022 -1.005156 0.158215
6.099022 -0.415757 0.128166
5.747156 -0.463356 -0.096830
5.629867 -0.332676 0.011352
5.629867 -0.610100 -0.104170
5.629867 -0.689327 -0.375895
5.629867 -0.697109 -0.655075
5.629867 -0.217490 -0.413270
5.629867 -0.492690 -0.655983
5.278000 -0.527172 -0.924367
5.278000 -0.251437 -1.179248
5.278000 0.049881 -1.315210
5.278000 0.115545 -1.434010
5.278000 0.360804 -1.359380
5.160711 0.705244 -1.398210
5.278000 -0.348494 -1.387691
5.278000 -0.589740 -1.064723
5.278000 -0.487433 -1.427888
5.395289 -0.487930 -1.629747
5.278000 -0.620296 -1.197103
5.160711 0.882211 -1.123933
5.278000 0.482664 -1.353089
5.278000 0.088104 -1.062481
5.512578 -0.605702 -0.670138
5.629867 -0.729627 -0.464957
6.333600 -0.731698 -0.460781
6.333600 -0.900710 0.058320
6.802755 -0.514751 1.133330
6.920044 -0.511523 1.296555
6.802755 -0.631038 1.407982
6.685467 -1.031718 0.740515
7.037333 -0.615883 0.593837
6.802755 -0.433898 1.001895
6.802755 -0.470202 1.275195
6.802755 -0.423024 1.267164
6.802755 -0.560615 0.146534
6.802755 -0.337697 0.601508
6.920044 -0.795576 0.403788
6.685467 -0.463564 0.625882
7.037333 -0.432726 0.605027
6.920044 -0.859774 0.675630
6.685467 -0.380799 1.295196
5.864444 -0.668403 -0.775952
5.747156 -0.858069 -1.057963
5.512578 -0.688987 -1.072651
5.512578 -0.757283 -0.668218
5.512578 -0.228929 -0.410014
5.395289 -0.799166 -0.770770
5.395289 -0.568409 -0.873716
5.278000 -0.418871 -1.006934
5.278000 -0.354068 -0.977709
5.395289 0.126352 -0.801379
5.278000 0.771927 -1.012697
5.160711 0.777269 -1.336502
5.160711 0.786840 -1.171017
5.278000 0.445743 -1.017941
5.160711 0.187811 -1.113154
5.160711 -0.336799 -1.061814
5.160711 -0.254537 -0.908079
5.160711 -0.211877 -0.853014
5.160711 -0.193596 -0.938273
5.160711 0.577075 -0.942263
5.160711 0.849053 -0.558702
5.160711 0.832494 -0.477037
4.926133 0.489152 -0.503466
5.278000 0.126182 -0.050357
5.160711 0.266161 -0.885067
5.278000 0.034088 -0.608286
5.278000 -0.372680 -0.583455
5.160711 -0.400445 -0.547235
5.160711 -0.046970 -0.511960
5.043422 0.316732 -1.147452
5.043422 0.142420 -1.171986
5.043422 0.619020 -0.758378
4.808844 0.749483 -0.898746
4.926133 0.627171 -0.390595
4.926133 0.902570 -0.649296
5.278000 0.107266 -0.870203
5.278000 -0.069363 -0.661740
5.278000 -0.397769 -0.511298
5.278000 -0.320094 -0.308781
5.278000 0.108764 -0.474509
5.278000 -0.052886 -1.091705
5.395289 -0.369303 -1.345241
5.395289 -0.466603 -1.205928
5.512578 -0.839361 -0.706007
5.864444 -0.699554 -0.729152
6.216311 -0.551250 -0.230846
5.278000 0.317346 -0.432423
5.278000 -0.168672 -0.891570
5.278000 -0.461949 -1.301547
5.278000 -0.235229 -1.205205
5.512578 0.171852 -1.401992
5.512578 -0.220810 -1.145827
5.512578 -0.070635 -1.136199
5.864444 -1.287671 -0.467480
5.864444 -0.842228 -0.616440
5.747156 -0.669900 -0.927188
5.747156 -0.548564 -0.969157
5.512578 -0.566971 -0.725934
5.160711 -0.157449 -0.880761
5.043422 0.161971 -1.155764
5.160711 0.043965 -1.151376
5.278000 0.310716 -1.419745
5.278000 0.111360 -0.955026
5.278000 0.239421 -1.059357
5.278000 0.788300 -0.596946
5.981733 -0.593447 -0.484650
5.747156 -0.396726 -0.656694
5.629867 -0.387217 -0.286522
7.037333 -0.652876 0.692361
6.333600 -0.466691 0.512251
5.981733 -0.555385 -0.668281
6.450889 -1.090258 0.463978
6.685467 -1.296999 0.565806
6.920044 -0.988149 0.634208
6.450889 -0.309734 0.331666
6.568178 -0.676632 -0.040016
7.037333 -0.695980 0.574576
7.037333 -0.480343 0.961970
6.450889 -0.826464 0.742336
6.568178 -0.243791 0.228753
6.920044 -0.593827 1.092039
5.043422 0.645185 -0.374519
5.864444 -0.298537 0.081716
5.747156 -0.645438 0.068287
5.747156 -0.316217 -0.330809
5.864444 -0.379773 -0.800382
5.160711 -0.233411 -0.806833
5.160711 0.086376 -0.483757
5.160711 0.188946 -0.394311
5.043422 0.543142 -0.356442
5.160711 0.545809 -0.707089
5.160711 0.401804 -0.596734
5.160711 0.742375 -0.287025
5.160711 0.571353 -1.011275
5.395289 -0.110207 -1.497445
5.395289 -0.374177 -0.861247
5.278000 -0.322805 -0.435016
5.278000 -0.496305 -0.497625
5.278000 0.088498 -0.965211
5.278000 0.162332 -1.550264
5.278000 -0.335939 -1.328787
5.278000 -0.302844 -1.106587
5.278000 -0.614333 -1.143042
5.278000 -0.200182 -1.103332
5.160711 0.432504 -1.147905
5.160711 0.387339 -1.509100
5.160711 0.059248 -1.633850
5.160711 0.259528 -1.076612
5.160711 0.870008 -0.678949
5.160711 0.854977 -0.862526
5.278000 0.407751 -0.138754
5.278000 -0.241877 -0.559964
5.278000 -0.596028 -1.197099
5.278000 -0.499413 -1.154290
5.278000 0.180415 -1.024903
5.278000 0.575359 -1.327284
5.160711 0.818689 -1.254915
5.160711 0.709665 -1.064978
5.278000 -0.009013 -1.195441
5.278000 -0.072783 -1.246692
5.512578 -0.693912 -1.185660
5.512578 -0.281963 -1.264114
5.864444 -0.258224 -0.830950
5.864444 -0.386434 -0.704053
5.629867 -0.566533 -0.483469
5.864444 -0.468132 -0.056189
5.981733 -0.432431 -0.006825
5.981733 -0.257963 0.043936
6.685467 -0.947410 0.098851
5.629867 -0.087300 -0.633477
5.629867 -0.632203 -0.886978
5.512578 -0.738649 -1.201994
5.512578 -0.199320 -1.249047
5.278000 0.043146 -0.910516
5.278000 0.200646 -0.707224
5.278000 0.359372 -1.000877
5.278000 0.442030 -1.025467
5.278000 0.554233 -0.611450
5.278000 0.602853 -0.427142
5.278000 0.390553 -0.956493
5.160711 0.082838 -1.551724
5.160711 -0.116609 -1.501972
5.160711 0.081056 -1.332562
5.160711 0.577348 -1.025992
5.043422 0.681291 -0.574257
6.333600 -0.474455 -0.114598
5.160711 -0.189588 -0.353299
5.160711 0.462895 -0.384426
5.278000 -0.472521 -0.578538
5.278000 -0.208251 -1.482252
5.278000 -0.185178 -1.355180
5.278000 -0.204490 -1.006025
5.512578 -0.236671 -0.675423
5.864444 -0.295093 -0.387857
6.099022 -1.036036 -0.341899
6.333600 -1.219939 -0.219238
6.450889 -0.814207 0.607809
6.568178 -0.557062 0.258189
5.278000 0.391115 -0.930840
5.395289 -0.475062 -1.070439
5.395289 -0.567953 -1.354267
5.981733 -0.897391 -0.074802
6.450889 -1.292230 0.411500
6.568178 -1.027861 0.264597
5.981733 -0.284293 -0.259117
5.629867 -0.819247 -0.377897
5.864444 -0.699769 -1.083302
5.747156 -1.155040 -0.558927
5.864444 -0.703878 -1.130733
5.864444 -0.976007 -0.993779
5.512578 -0.789982 -0.757321
5.395289 -0.832374 -0.687292
6.568178 -0.388457 0.127922
6.568178 -0.413583 0.554703
6.802755 -0.715612 0.700209
6.802755 -0.361588 0.829184
6.685467 -0.274507 1.098601
5.278000 -0.024192 -0.705609
5.395289 0.005869 -0.402378
5.864444 -0.183949 -0.029588
5.629867 -0.666591 -0.007081
6.216311 -0.477904 0.280685
5.160711 0.450319 -0.655390
5.160711 0.029458 -0.900543
5.278000 -0.142206 -0.199785
5.747156 -0.245558 -0.013593
6.920044 -0.938944 0.460765
6.920044 -1.241646 0.757973
5.629867 -0.436110 -0.167612
5.629867 -0.872743 -0.441312
5.747156 -0.444259 -0.595453
6.802755 -0.185344 0.831300
6.568178 -0.378994 1.057131
6.568178 -0.533359 0.776144
5.043422 0.519133 -0.838649
5.043422 0.422133 -1.185276
5.160711 0.442914 -1.204897
5.278000 0.071568 -1.716331
5.395289 -0.772144 -1.311237
5.395289 -0.675214 -0.890112
5.395289 -0.667456 -0.505261
5.395289 -0.209778 -0.655951
5.395289 -0.408973 -0.631928
5.395289 -0.540087 -0.382312
5.395289 -0.728607 -0.382429
5.395289 -0.615618 -0.217512
5.395289 -0.495798 -0.265132
5.395289 -0.484742 -0.225565
5.512578 -0.813229 -0.699403
5.629867 -1.011726 -0.820344
6.450889 -0.874375 -0.191997
5.629867 -0.552859 -0.020552
5.160711 0.722985 -0.345200
5.043422 0.691573 -0.988418
4.926133 0.472261 -1.230997
5.160711 0.104663 -0.619175
5.160711 0.297032 -0.503599
5.278000 0.419167 -0.659864
5.278000 0.309959 -1.008839
5.278000 -0.011641 -1.107619
5.160711 0.364771 -1.011186
5.278000 0.331601 -1.468586
5.278000 -0.553389 -0.986725
5.395289 -0.703370 -0.332430
5.747156 -0.330058 0.009720
6.216311 -0.485849 0.107552
5.981733 -0.656972 -0.201772
5.981733 -0.660582 -0.626744
5.864444 -0.100987 -0.524459
5.864444 -0.085304 -0.424139
6.333600 -0.498587 -0.282359
5.512578 -0.372366 -0.331539
5.512578 -0.570999 -0.474649
5.278000 -0.109681 -0.538551
5.278000 0.506274 -0.593908
5.160711 0.738368 -1.107822
4.808844 0.666968 -0.810621
4.926133 0.477207 -1.016663
4.926133 0.740632 -0.906166
5.043422 0.606091 -1.132141
5.160711 0.603940 -1.252318
5.160711 0.331937 -1.287669
5.160711 -0.062308 -1.337533
5.160711 0.043235 -1.011648
5.160711 0.457866 -1.323613
5.160711 -0.041299 -1.190762
5.160711 -0.020632 -0.454438
5.160711 0.586103 -0.437083
5.278000 0.497649 -0.490399
6.450889 -0.399823 0.573296
5.981733 -0.401007 -0.886727
5.981733 -0.631652 -1.000125
5.864444 -1.260870 -0.606671
5.395289 -0.630140 -0.254902
5.395289 0.374400 -0.356850
5.278000 -0.156843 -0.744458
5.278000 -0.694985 -0.973177
5.278000 -0.515926 -1.137715
5.278000 0.095562 -1.307482
5.278000 0.281452 -1.420088
5.278000 -0.220435 -1.538146
5.278000 -0.363925 -1.222683
5.395289 -0.214586 -1.121825
5.512578 -0.479102 -0.898468
5.278000 -0.072990 -1.093801
5.160711 0.382763 -0.890322
5.160711 0.217058 -0.985803
5.160711 0.269071 -1.118268
5.160711 0.258933 -1.253100
5.160711 0.112770 -0.970051
5.160711 0.293337 -0.894280
5.160711 0.656306 -1.138974
5.160711 0.550075 -1.210867
5.160711 0.077517 -1.615412
5.278000 -0.098156 -0.786068
5.864444 -1.047221 -0.220884
5.864444 -1.177542 -0.200356
5.864444 -0.626615 -0.617010
5.747156 -0.374734 -0.835753
5.747156 -0.107969 -0.427770
5.864444 -0.453204 -0.334767
5.864444 -1.123590 -0.249639
5.981733 -0.955648 -0.034361
6.216311 -0.934233 -0.448651
6.333600 -1.224157 -0.093870
5.981733 -0.989447 -0.700899
5.512578 -0.715689 -1.057728
5.512578 -0.704261 -1.445422
5.512578 -0.728095 -1.466120
5.512578 -0.246120 -1.366184
5.512578 -0.356485 -1.486145
6.568178 -0.899716 0.210918
6.685467 -0.356313 0.295095
5.512578 -0.586221 -0.246667
5.512578 -0.425610 -0.305899
5.512578 -0.320475 -0.233156
5.395289 0.193680 -0.326441
5.512578 0.404612 -0.947858
6.685467 -0.622575 1.225545
6.920044 -0.893441 1.302602
6.920044 -0.479976 0.894545
6.920044 -0.357912 0.713817
6.568178 -0.450250 0.057394
6.568178 -0.697270 0.410944
6.568178 -0.390626 0.769247
6.568178 -0.207651 0.716699
5.395289 0.342418 -0.663632
5.278000 -0.082520 -0.643152
5.278000 -0.641832 -0.509799
5.395289 -0.296783 -0.380660
5.278000 -0.283846 -0.602619
5.278000 -0.440934 -0.528816
5.278000 -0.462252 -1.041261
5.278000 -0.260255 -1.059402
5.278000 0.305685 -0.653729
5.395289 0.492648 -0.374444
5.512578 0.304151 -0.554056
5.629867 -0.591364 -0.323599
6.802755 -1.199660 0.631169
6.802755 -1.031778 1.010175
6.685467 -0.961892 0.941483
6.568178 -0.471917 0.623418
4.808844 0.712990 -0.876598
5.160711 0.234799 -0.298194
6.920044 -0.370401 0.616356
6.920044 -0.235829 0.935727
6.920044 -0.900503 1.281512
6.333600 -0.293734 0.262548
6.450889 -0.446677 0.500819
6.568178 -0.315639 0.494498
6.568178 -0.267628 0.315840
6.568178 -0.714173 -0.079872
6.568178 -0.976382 0.956702
6.685467 -0.849116 0.723014
6.568178 -1.042604 0.534457
6.450889 -0.790647 0.397631
6.450889 -1.209529 0.487044
6.333600 -0.778249 0.043788
6.333600 -0.735549 0.092282
6.333600 -0.936350 0.112228
6.333600 -0.582771 0.100308
6.450889 -0.693852 0.053093
6.568178 -1.099449 0.222620
6.568178 -0.730973 0.455789
6.802755 -0.552802 0.671081
6.802755 -0.903121 0.611101
6.802755 -1.240592 0.557780
6.333600 -0.918375 0.435623
6.333600 -1.008801 0.320763
5.864444 -0.641153 -1.017962
5.278000 -0.395139 -1.178794
5.160711 0.297449 -1.429783
5.395289 -0.219424 -0.243324
5.512578 -0.333089 -0.770344
5.629867 -0.612419 -0.689911
5.629867 -0.563074 -0.692905
5.629867 -0.895833 -0.726551
5.512578 -0.544526 -1.499057
5.512578 0.003285 -1.453776
5.512578 0.008544 -1.428537
5.512578 0.189372 -0.925498
5.395289 0.156680 -0.951009
5.395289 -0.429544 -1.304702
5.395289 -0.785432 -1.241903
5.395289 -0.841819 -1.085330
6.802755 -0.591220 0.796322
6.920044 -0.256036 0.933417
5.160711 0.014252 -0.236915
5.278000 -0.506723 -0.615400
5.160711 -0.388992 -0.813228
5.160711 -0.105106 -1.537680
5.160711 -0.385809 -0.820420
5.747156 -0.615093 -0.429929
5.747156 -1.089556 -0.623176
5.278000 -0.552767 -0.753111
5.629867 -0.131715 -0.749667
5.629867 -1.069001 -0.631789
5.981733 -0.926909 -0.086061
6.216311 -0.842596 -0.324445
6.333600 -0.966112 -0.359900
6.450889 -1.151310 -0.212291
6.802755 -0.564927 0.417873
6.920044 -0.808861 1.301387
6.920044 -0.741316 0.461995
7.037333 -0.707015 0.632075
5.747156 -0.801437 -0.535300
5.747156 -0.664916 -0.507581
5.747156 -0.361245 -0.083359
5.629867 -0.006023 -1.254922
5.160711 0.710723 -1.215339
5.160711 0.392674 -1.116818
5.160711 0.417332 -1.178446
5.160711 0.365868 -0.639889
5.278000 0.062592 -1.633631
5.278000 0.064760 -1.297990
5.278000 0.254160 -1.428781
5.278000 0.221589 -1.609143
5.278000 0.523021 -1.347731
6.450889 -1.280493 0.184840
6.802755 -0.652650 0.533809
6.920044 -0.972020 0.664223
6.920044 -1.078823 0.490242
6.920044 -0.985804 0.395939
6.920044 -0.813450 0.787432
6.920044 -0.807025 1.079593
6.920044 -0.193150 1.271583
6.802755 -0.426808 0.773839
5.629867 -0.175210 -0.073403
5.512578 -0.449054 -0.233480
5.512578 -0.357389 0.058836
5.629867 -0.332928 0.044632
5.278000 -0.168782 -0.469550
5.278000 -0.152505 -1.051324
5.278000 0.300670 -1.544585
5.160711 0.034317 -1.490532
5.160711 0.331332 -1.170398
5.160711 0.768830 -1.175496
5.043422 0.863689 -0.609321
5.160711 0.513243 -0.596481
5.160711 0.621836 -0.640279
5.278000 0.782352 -1.060715
5.864444 -0.425483 -1.101598
5.981733 -1.290022 -0.399091
6.568178 -0.933081 1.044919
6.685467 -0.950216 0.795245
6.802755 -1.191413 0.943506
5.160711 0.410072 -1.391596
5.160711 -0.522721 -0.814651
6.802755 -0.696960 0.240159
6.920044 -0.574998 0.745080
6.920044 -0.278678 0.850635
6.920044 -0.345956 0.419517
5.395289 0.166440 -0.684662
5.395289 0.176812 -0.918727
5.160711 -0.332172 -0.552003
5.278000 -0.518890 -0.504201
5.278000 -0.197810 -0.106034
5.278000 0.348793 -1.519543
5.395289 -0.757264 -1.393560
5.512578 -0.519349 -1.027858
5.512578 -0.361158 -1.439569
5.864444 -0.352743 -0.800738
5.864444 -0.524377 -0.332852
5.981733 -0.596674 0.090156
6.802755 -0.834756 0.376214
6.802755 -0.754561 0.684441
6.802755 -0.757104 0.293491
6.920044 -0.375928 0.591605
6.920044 -0.649424 0.377201
6.920044 -0.621700 0.323135
5.278000 0.709810 -0.507671
5.278000 0.525107 -0.864489
5.395289 -0.072997 -0.746793
5.512578 -0.525309 -0.612654
5.629867 -0.993462 -0.591647
6.920044 -1.100056 0.411557
6.450889 -0.766229 0.160678
6.450889 -0.603573 0.086694
5.981733 -0.982699 -0.114500
5.629867 -1.022074 -0.438541
5.747156 -0.492398 -0.610635
5.747156 -0.233331 -0.942413
5.629867 0.255002 -0.798445
5.747156 -0.498755 0.094436
5.747156 -0.673636 0.004811
5.629867 -0.861941 -0.186626
5.629867 -0.720996 -0.823511
5.278000 0.389710 -1.044353
5.043422 0.471667 -0.168656
5.629867 -0.024959 -0.454550
5.629867 0.184354 -1.054151
5.629867 -0.224576 -1.324990
5.629867 -0.204950 -0.812660
5.512578 -0.344619 -1.054622
5.629867 -0.939130 -0.748807
5.512578 -0.379146 -0.160006
5.160711 0.346950 -0.892338
5.160711 0.273738 -1.442745
5.160711 0.213454 -1.216261
5.160711 0.195218 -0.249845
5.512578 0.238082 -0.763294
5.629867 0.096898 -0.889804
5.629867 -0.232892 -0.567469
5.278000 -0.238416 -0.459629
5.395289 0.615871 -0.900956
5.395289 0.075972 -0.932356
5.395289 0.454557 -1.369556
5.278000 -0.142472 -1.740466
5.278000 -0.105086 -1.423543
5.278000 -0.149748 -1.174019
5.278000 0.198211 -0.635873
5.160711 0.848640 -0.427268
5.160711 0.820023 -0.447470
5.278000 -0.179292 -0.828226
5.278000 -0.105320 -0.843364
5.395289 0.407291 -0.886606
5.395289 0.257211 -0.762637
5.395289 0.520011 -0.543609
5.512578 -0.206331 -0.870586
5.512578 -0.226670 -0.454708
5.864444 -0.635110 0.037090
6.802755 -1.009064 0.896644
6.802755 -0.909499 0.841200
6.920044 -0.980907 0.635159
6.802755 -0.430323 1.237333
6.802755 -0.812487 1.236469
6.802755 -0.754832 0.920658
6.685467 -0.687338 0.985059
6.568178 -0.152645 0.792363
6.568178 -0.430877 0.606087
6.568178 -0.707635 0.616384
6.450889 -0.341212 0.301492
6.450889 -0.879502 -0.110574
6.568178 -1.180221 -0.057944
6.450889 -1.279819 0.257411
6.450889 -1.064391 0.281993
6.333600 -1.062644 -0.433356
6.216311 -1.238009 -0.545236
6.216311 -1.093603 -0.446329
6.216311 -0.983724 -0.195194
6.216311 -0.624750 -0.128877
6.216311 -0.569657 0.071698
6.216311 -0.876228 0.243659
6.216311 -1.122534 0.070978
6.216311 -1.111092 -0.303671
6.099022 -0.911628 -0.567887
5.864444 -0.709929 -1.118984
5.864444 -0.620281 -0.930451
5.629867 -0.772448 -1.114163
5.629867 -0.967659 -1.040601
5.512578 -0.495442 -0.779092
5.512578 -0.094085 -0.606882
5.395289 0.137961 -0.717271
5.395289 -0.313830 -0.512429
5.395289 -0.117793 -0.072956
5.395289 -0.257934 -0.314966
5.512578 -0.299663 0.031515
5.160711 0.714628 -0.918865
6.685467 -0.801323 0.375587
5.512578 -0.431491 -0.458901
5.512578 -0.185696 -0.958328
5.512578 -0.056832 -0.854419
5.395289 0.194139 -0.669001
5.278000 -0.159669 -0.978754
5.278000 0.259320 -0.774315
6.568178 -0.202035 0.309793
6.450889 -0.255138 0.117966
6.450889 -0.946504 -0.011488
6.333600 -1.185435 -0.185290
6.216311 -1.199069 -0.320515
6.216311 -1.276696 -0.324440
6.099022 -1.310313 -0.269381
6.099022 -1.039626 -0.153530
6.099022 -0.467752 -0.413937
5.864444 -0.497449 -1.069054
5.395289 -0.619651 -1.410165
5.395289 -0.153527 -1.280245
5.278000 0.328199 -1.220225
5.278000 0.289962 -1.454479
5.278000 -0.132265 -1.095559
5.278000 -0.126134 -1.261446
5.395289 -0.688995 -1.273701
5.512578 -0.620027 -0.909621
5.629867 -0.653949 -0.959741
5.981733 -0.618479 -0.943049
5.981733 -1.256302 -0.233042
5.512578 -0.727430 -1.026724
5.629867 -0.408143 -1.050398
5.629867 0.037990 -1.058925
5.629867 0.014065 -0.897826
5.512578 -0.732188 -0.565056
6.920044 -0.838759 0.892044
6.920044 -0.840627 0.907133
6.920044 -0.865357 0.660603
6.802755 -1.306468 0.710147
6.802755 -0.928944 0.888467
6.685467 -0.670764 0.757054
5.864444 -0.467272 -0.770484
5.160711 0.451609 -0.733962
5.160711 0.697677 -0.296770
5.160711 0.505233 -0.132543
5.160711 0.150941 -0.103287
6.333600 -0.343231 0.397950
6.450889 -0.487341 0.694831
6.450889 -0.670074 0.750015
6.568178 -0.827028 0.887363
6.685467 -1.010090 0.565852
6.450889 -1.010966 -0.302292
5.629867 -0.556521 -0.282029
5.629867 -0.288298 -0.420960
5.629867 -0.522328 -0.719630
5.512578 -0.127365 -0.686647
5.278000 0.639091 -0.326622
6.685467 -0.468737 0.482202
5.864444 -0.648691 -0.393052
5.160711 -0.327800 -0.648188
5.160711 -0.049494 -0.708317
4.926133 0.495470 -0.554072
5.160711 0.546708 -1.410182
5.278000 -0.305447 -1.638837
5.278000 0.168124 -1.659251
5.512578 -0.511242 -1.511135
5.512578 -0.038543 -1.330869
5.512578 -0.330034 -1.261027
5.629867 -0.526530 -0.725981
5.747156 -0.829401 -0.332610
5.512578 -0.376197 -0.594016
5.512578 0.214419 -1.206981
5.278000 0.580614 -1.204537
5.278000 0.232261 -1.066805
5.278000 -0.439263 -1.315568
5.278000 -0.441162 -1.017381
5.278000 -0.292757 -1.199612
5.278000 -0.661120 -1.071946
5.278000 -0.632933 -0.487604
5.512578 -0.961920 -0.666180
5.512578 -0.332903 -0.711892
5.512578 0.075748 -0.737489
5.512578 -0.685501 -0.494691
5.160711 -0.277347 -1.518081
5.160711 0.068000 -0.709174
5.160711 0.763225 -0.574304
5.160711 -0.149253 -0.256090
5.395289 -0.348733 -0.003706
5.395289 -0.112765 -0.441737
5.278000 -0.125421 -0.415211
5.160711 0.282390 -0.693183
5.160711 0.623467 -0.761740
5.160711 0.498563 -0.650168
5.043422 0.450890 -0.287589
4.926133 0.605467 -0.482896
4.926133 0.350031 -1.022960
5.160711 0.841992 -1.010060
5.160711 0.814731 -0.365181
7.037333 -0.318844 0.866944
6.568178 -1.180654 0.670476
6.568178 -0.556603 0.815949
6.685467 -0.795192 1.197513
5.512578 0.023159 -0.320233
5.512578 0.338187 -0.965298
5.512578 0.182832 -1.213477
5.278000 -0.126007 -1.311465
5.278000 -0.632201 -1.221472
5.864444 -0.514203 -0.619254
6.450889 -0.676738 -0.188311
6.333600 -0.684603 0.317081
6.450889 -0.824117 0.700331
5.278000 -0.216727 -0.408816
5.278000 0.227335 -1.018472
5.278000 0.212322 -1.353665
5.278000 -0.226058 -1.375547
5.160711 -0.031833 -0.985862
5.160711 0.642668 -1.276772
6.450889 -1.020564 0.426646
6.450889 -0.441693 -0.182847
5.981733 -0.398533 -0.363677
5.864444 -0.452206 -0.153148
5.864444 -0.274794 -0.008091
5.278000 0.047229 -0.358924
5.278000 0.086700 -0.919245
5.864444 -0.584262 -1.016139
5.864444 -0.509467 -0.413480
5.864444 -0.645656 -1.056588
5.864444 -0.861632 -0.595425
5.747156 -0.444129 -0.249432
5.747156 -0.367601 0.057857
5.864444 -0.238506 -0.561202
5.629867 -0.521936 -0.294965
5.864444 -0.124383 -0.269037
5.981733 -0.858459 -0.381765
6.920044 -1.178876 0.886531
6.920044 -0.599913 0.433819
6.920044 -0.277350 0.956132
6.920044 -0.758248 1.278097
6.920044 -0.471309 0.806483
6.920044 -0.115801 0.886279
5.747156 -0.801415 -1.221866
5.864444 -0.691008 -0.760417
5.981733 -0.636172 -0.457230
6.333600 -0.558293 0.423850
5.864444 -0.710122 -0.825950
5.278000 -0.741768 -0.812816
5.278000 -0.139711 -1.209666
5.278000 0.151273 -0.879068
5.278000 -0.301148 -1.330670
5.512578 -0.812728 -0.806135
5.512578 -0.882699 -0.874990
5.160711 0.041385 -0.150734
5.864444 -0.708706 -0.239665
5.864444 -0.985066 -0.416515
5.629867 -0.998459 -0.650124
5.160711 0.343893 -0.606807
5.395289 0.072313 -0.768321
5.395289 -0.043344 -0.830640
5.395289 -0.160303 -0.105294
5.278000 0.417534 -0.886332
6.685467 -1.160952 0.856845
6.920044 -1.012841 0.725009
4.926133 0.434501 -0.478206
4.808844 0.861648 -0.421450
5.160711 0.201708 -1.071113
7.037333 -0.250407 1.117931
7.037333 -0.224386 0.934556
5.629867 -0.255735 -1.456447
5.981733 -0.493108 -0.575574
6.099022 -0.604284 -0.154295
6.099022 -1.071890 -0.275435
6.568178 -1.279576 0.389722
6.568178 -1.250985 0.044012
6.568178 -1.001387 0.165339
6.450889 -1.315423 -0.103891
5.981733 -1.050808 -0.265902
5.981733 -0.397104 -0.075866
5.512578 -0.124355 -0.183352
5.512578 0.204445 -0.889004
5.512578 -0.438437 -1.428691
5.512578 -0.549311 -1.259635
5.512578 -0.466627 -0.748408
5.512578 -0.188357 -0.833955
5.512578 -0.476180 -1.287532
5.512578 -0.528618 -0.822152
5.278000 -0.193682 -0.294896
6.568178 -1.012080 -0.050810
6.802755 -0.953958 0.338260
6.802755 -0.648602 0.301043
6.920044 -0.405163 0.814971
7.037333 -0.346605 1.117795
6.920044 -0.535966 1.280424
6.920044 -0.713533 1.220519
6.920044 -0.492602 1.109827
6.920044 -0.956593 1.271758
6.802755 -0.539593 1.130431
6.920044 -0.176293 0.879926
6.920044 -0.213114 0.712032
7.037333 -0.519737 0.941846
7.037333 -0.394371 1.055495
6.920044 -0.323288 0.962249
6.920044 -0.390451 0.533488
6.920044 -0.494434 0.647648
5.160711 0.750809 -1.354476
5.160711 0.354747 -1.284440
5.160711 0.671690 -1.218899
5.395289 -0.030218 -1.129779
5.278000 -0.390692 -0.572115
5.278000 -0.056075 -0.832557
5.278000 0.088016 -1.276837
5.278000 0.726620 -1.181741
5.160711 0.637669 -1.328282
5.278000 0.507336 -0.965460
5.278000 0.153212 -0.416144
6.685467 -0.628183 1.089675
6.920044 -0.324152 1.018464
6.568178 -1.181449 0.351312
6.568178 -0.775883 0.795140
6.568178 -0.148564 0.974711
7.037333 -0.550093 1.112519
6.920044 -0.475238 0.902414
6.920044 -0.970184 0.854493
6.920044 -0.449136 0.537903
6.920044 -0.321836 0.800617
5.395289 -0.185631 0.075017
5.395289 -0.258035 -0.449882
5.395289 -0.437022 -0.684356
5.395289 -0.410302 -0.350074
5.395289 -0.546216 -0.406398
5.512578 -0.400190 -0.861840
5.278000 -0.303684 -1.645870
5.278000 0.185165 -1.015235
5.278000 -0.159843 -1.264367
5.747156 -0.777262 -0.713730
5.747156 -0.624810 -0.452414
5.747156 -0.338729 -0.442018
5.512578 -0.520923 -0.746860
5.512578 -0.370030 -0.587965
5.278000 -0.155021 -0.299404
5.160711 0.724107 -0.808593
5.160711 0.413305 -0.227721
5.160711 0.817236 -0.678118
6.568178 -1.025151 0.836482
6.568178 -1.225585 0.727479
6.568178 -0.364426 1.010631
6.568178 -0.237321 1.069545
6.450889 -1.142461 -0.011757
5.747156 -0.636829 -0.924121
5.747156 -0.371384 -1.089730
6.685467 -0.912789 0.505803
6.802755 -1.221822 0.828450
6.216311 -1.358467 -0.370160
6.216311 -0.555117 -0.133310
5.747156 -0.907706 -0.440584
5.629867 -0.371613 -0.236389
5.512578 -0.306388 -0.462301
5.278000 -0.303929 -0.703277
5.278000 -0.700306 -0.597127
5.160711 -0.390999 -0.810927
5.278000 -0.040767 -1.105180
5.160711 -0.012130 -1.250211
5.160711 0.202942 -1.463470
5.160711 0.695342 -0.274119
5.981733 -0.401825 -0.575521
5.981733 -0.666000 -0.307356
5.160711 0.347514 -0.076791
4.808844 0.854259 -0.758105
5.629867 -0.125126 -0.100134
5.512578 -0.601308 -0.062449
5.512578 -0.034455 -0.724931
5.278000 0.621071 -0.750784
5.278000 0.148614 -0.629977
5.278000 0.067647 -0.415540
5.278000 -0.087070 -0.276971
5.747156 -0.855507 -0.476568
5.747156 -0.828904 -0.993797
5.629867 -0.298832 -1.405198
5.512578 -0.106392 -1.074298
5.278000 -0.052165 -0.968022
5.278000 -0.372312 -0.793193
5.278000 0.187149 -0.515516
5.278000 0.600143 -0.994071
5.512578 0.422676 -0.775347
5.981733 -0.881002 -0.286498
6.450889 -0.770402 0.461408
6.450889 -0.598045 0.031230
6.450889 -0.593675 0.348265
6.920044 -0.561619 0.386190
6.920044 -1.158856 0.623719
6.216311 -1.160102 -0.569522
6.216311 -0.778049 0.437459
6.333600 -0.529297 0.496857
6.568178 -0.814170 0.383586
6.685467 -0.617179 0.366106
6.568178 -0.609557 0.516624
6.568178 -0.458966 0.671787
6.333600 -0.971202 -0.148815
5.981733 -0.254660 -0.708688
5.981733 -1.131806 -0.646824
5.395289 -0.784164 -0.557345
5.395289 -0.760617 -1.002211
5.278000 -0.387247 -1.448805
5.278000 0.376449 -0.922202
5.160711 0.614559 -0.891345
5.160711 0.238508 -0.996460
5.160711 -0.099136 -1.147020
5.160711 -0.486128 -1.020179
6.920044 -0.234214 1.073591
6.802755 -0.295444 1.169250
6.802755 -0.559579 1.075681
5.278000 0.475923 -0.258497
5.512578 0.426293 -0.741731
5.395289 0.168853 -0.708826
5.278000 0.019262 -0.358375
5.160711 0.189010 -1.581213
5.160711 -0.173876 -1.019425
4.926133 0.715872 -0.524088
5.043422 0.827457 -0.737283
6.333600 -0.724667 0.462023
5.512578 -0.402533 -1.308120
5.512578 -0.556176 -1.315585
6.099022 -1.097995 -0.439018
6.216311 -1.022456 -0.394081
5.160711 -0.175787 -0.331134
5.278000 0.438597 -0.413575
5.278000 0.430730 -0.612769
5.278000 -0.486425 -0.364535
6.568178 -0.955422 1.020716
6.920044 -0.797745 0.753914
6.920044 -0.559139 0.565651
6.920044 -0.244488 1.090123
4.926133 0.588025 -0.525049
5.160711 0.396266 -0.579196
6.450889 -0.430886 0.557926
6.216311 -0.722200 -0.278033
5.864444 -1.211219 -0.522987
5.864444 -0.462454 -0.697611
5.864444 -0.524158 -0.700947
5.981733 -1.093115 -0.313825
6.920044 -0.502454 1.031323
5.160711 0.646363 -0.731986
5.160711 0.578444 -0.516336
5.160711 0.266054 -0.092203
6.216311 -0.444793 0.045205
6.216311 -0.363092 -0.441111
5.981733 -0.554600 -0.529030
5.864444 -0.675377 -0.278246
6.099022 -0.538923 -0.409076
6.920044 -0.804974 1.243026
6.920044 -0.899123 0.523506
6.568178 -0.583102 -0.019718
6.450889 -0.608701 -0.083085
6.450889 -0.282339 0.210269
6.568178 -0.212397 0.378298
6.568178 -0.197528 0.983701
6.920044 -0.352155 0.791264
6.920044 -0.399260 0.902475
6.920044 -0.288939 0.524742
6.802755 -0.721843 0.906746
5.864444 -1.179555 -0.495138
5.629867 -0.385498 -0.434445
5.512578 -0.424185 -1.078102
5.512578 -0.351211 -0.886956
5.512578 -0.147890 -0.449220
5.395289 -0.358521 -0.663559
5.512578 -0.961756 -0.687916
5.512578 -0.826145 -0.671212
5.395289 -0.706035 -0.344492
5.512578 -0.236699 -0.920049
5.512578 -0.300192 -1.093630
5.395289 -0.425635 -0.376366
6.333600 -0.343670 0.134393
6.568178 -0.519875 0.487319
6.920044 -0.614619 0.596083
5.864444 -0.187712 -0.206209
5.160711 0.373003 -1.196258
5.278000 -0.076552 -1.277841
5.395289 -0.194551 -1.192778
5.512578 -0.368424 -1.189458
5.512578 -0.268867 -0.387851
6.450889 -0.804209 -0.156482
6.450889 -0.988125 0.264550
6.920044 -1.076061 0.744070
5.278000 0.697300 -0.381140
5.278000 0.770515 -0.756156
5.160711 0.735218 -0.836110
5.160711 0.729303 -0.768202
5.160711 0.360048 -0.893880
5.160711 0.028761 -1.135971
5.160711 0.874460 -0.541912
5.395289 0.061321 -0.491473
5.512578 -0.240983 -0.011901
5.512578 -0.103947 -0.412625
5.629867 -0.694547 -0.641782
5.629867 -0.844252 -0.981957
5.512578 -0.819342 -1.340601
5.512578 -0.166893 -1.512054
5.512578 -0.012469 -1.397060
6.333600 -0.662368 -0.128805
6.333600 -1.187490 -0.159098
6.333600 -0.816408 -0.085198
6.333600 -0.950699 0.372828
6.333600 -1.106758 0.009465
6.450889 -0.841916 -0.092992
6.450889 -0.721418 0.081337
7.037333 -0.962916 1.038571
7.037333 -0.852547 0.994825
7.037333 -0.904868 0.972997
7.037333 -0.833135 0.822177
7.037333 -1.053896 0.682307
6.568178 -0.827306 0.668827
6.685467 -0.448817 0.248067
6.099022 -0.892667 -0.403618
6.333600 -0.680742 -0.298094
6.450889 -1.083075 0.448445
7.037333 -0.736565 1.103710
6.920044 -0.276877 0.827136
5.395289 0.383736 -1.256027
5.512578 -0.678276 -0.740324
5.747156 -0.786271 -0.258293
6.333600 -0.740128 0.154689
6.450889 -0.380860 0.603669
6.450889 -0.441383 0.021600
6.450889 -1.012664 -0.071662
6.099022 -0.708244 -0.816400
5.981733 -0.482815 -0.813859
5.981733 -0.715742 -0.548641
5.981733 -0.335572 -0.172499
5.981733 -0.389362 -0.264460
6.568178 -0.571420 1.065342
6.568178 -0.465882 1.020041
6.685467 -0.332898 1.037428
6.802755 -0.404538 1.281403
6.685467 -0.567167 0.479170
7.037333 -0.915178 0.717509
7.037333 -0.855709 0.903518
5.629867 -0.134725 -0.698226
5.512578 -0.004025 -0.241253
5.395289 -0.476909 -0.419760
5.278000 -0.260248 -0.932084
5.278000 0.070248 -0.763064
5.278000 -0.143910 -0.454527
5.278000 -0.204938 -0.223988
5.278000 -0.136296 -0.857652
5.395289 -0.107878 -1.426933
6.099022 -0.606227 -0.699478
6.333600 -0.612412 0.016617
6.450889 -1.048435 0.221092
6.802755 -1.031437 1.058652
6.920044 -0.739290 0.775222
6.920044 -0.903909 1.051852
6.099022 -0.856157 0.003235
5.981733 -0.246575 -0.043441
5.160711 0.559629 -0.380198
5.160711 0.406977 -0.496760
5.160711 0.589523 -0.341845
5.160711 0.445147 -0.901434
5.160711 0.735371 -0.986035
5.278000 0.801429 -0.840918
5.278000 0.446590 -0.920512
5.395289 -0.095198 -1.009764
5.512578 -0.496171 -0.713091
5.395289 -0.484480 -1.021580
5.629867 -0.929446 -0.923518
5.747156 -0.938910 -0.831610
5.629867 -0.603998 -0.989638
5.629867 -0.308299 -0.599185
5.512578 0.035041 -0.331589
6.920044 -0.745479 0.822660
6.920044 -0.331131 0.743350
6.568178 -0.419081 0.484861
6.920044 -0.287414 0.531782
5.278000 0.075840 -1.194562
5.160711 -0.182302 -0.902510
5.160711 -0.003429 -0.907147
5.160711 -0.054102 -0.622762
5.278000 -0.024948 -0.233432
5.747156 -0.681317 -0.265762
5.512578 -0.077217 -1.066695
5.160711 0.397541 -1.487940
5.160711 0.020840 -1.132251
5.160711 -0.128636 -0.578821
5.043422 0.161828 -0.225474
5.160711 0.399210 -0.374321
5.512578 -0.704702 -0.580698
6.216311 -0.912862 -0.457716
5.512578 -0.757647 -1.270684
5.629867 -0.402751 -1.321725
5.629867 -0.082196 -0.643648
6.333600 -0.408171 -0.261113
6.333600 -0.871589 -0.098886
6.450889 -0.980160 0.320690
5.747156 -0.687875 -1.173226
5.864444 -0.876626 -0.969678
5.747156 -0.810194 -0.681223
5.864444 -0.290471 -0.972586
5.512578 0.107275 -0.882541
5.278000 0.671590 -0.738315
6.216311 -0.964753 0.260118
5.981733 -0.680969 -0.389393
5.864444 -1.126841 -0.790615
5.864444 -0.740757 -0.892929
5.864444 -0.672220 -0.438560
5.864444 -1.145068 -0.277393
5.512578 0.093000 -0.816002
5.278000 -0.148052 -1.542088
5.278000 -0.317374 -0.573405
5.160711 0.130952 -0.043487
5.160711 0.510252 -0.149884
5.160711 -0.004219 -0.154732
5.160711 0.772572 -1.097540
5.160711 0.105638 -0.679702
5.278000 0.443304 -0.934460
5.278000 0.724575 -0.967120
5.278000 0.787825 -0.807686
6.802755 -0.135417 0.995467
6.450889 -0.527301 0.245051
6.450889 -1.113173 -0.027047
6.450889 -0.940724 -0.286815
5.629867 -0.758624 -1.149505
5.864444 -1.161870 -0.524948
5.864444 -1.256779 -0.438227
6.216311 -1.357435 -0.125447
5.629867 -0.519487 -1.252058
5.512578 -0.738844 -1.025330
5.278000 -0.349674 -0.973497
5.160711 0.165190 -1.076073
5.160711 0.010176 -1.373432
5.981733 -0.998242 -0.776653
6.216311 -0.717978 -0.384573
6.216311 -0.640175 -0.393939
5.981733 -0.393004 -0.050840
5.981733 -0.592874 -0.713664
5.864444 -1.056068 -0.688148
5.043422 0.017738 -0.216249
5.160711 -0.146050 -0.654259
5.160711 -0.023986 -0.746187
5.160711 0.177328 -0.889636
4.926133 0.452481 -0.696542
4.926133 0.774206 -0.959858
5.981733 -0.279908 -0.433258
5.981733 -0.189191 -0.576891
6.216311 -0.674361 0.066989
6.920044 -0.936153 0.873395
6.920044 -1.212377 0.815176
6.685467 -1.098800 0.836479
6.802755 -0.909573 0.582498
6.802755 -0.677629 0.478813
6.802755 -1.057080 0.577612
6.802755 -1.254958 0.860252
6.920044 -0.554720 0.901739
6.920044 -0.750192 0.608385
6.920044 -0.253528 0.646256
6.920044 -0.297395 0.838892
5.512578 0.349777 -0.570003
6.216311 -1.040220 -0.207625
6.333600 -0.641101 -0.022242
6.333600 -0.680614 -0.193370
6.450889 -0.927048 -0.200230
7.037333 -1.040062 0.827603
7.037333 -0.837989 1.065496
6.920044 -0.359091 0.446045
6.802755 -0.169850 1.184208
6.802755 -0.758850 0.924726
6.802755 -1.064681 1.048507
6.802755 -1.284372 0.647266
6.802755 -0.870515 0.443969
6.685467 -0.337712 0.188109
6.216311 -1.258617 -0.205618
6.216311 -1.177221 -0.394483
6.333600 -0.437955 -0.313868
6.216311 -0.296040 -0.216382
6.333600 -0.705904 0.288965
5.981733 -0.675135 -0.119861
5.864444 -0.725490 -0.780095
5.043422 0.580815 -0.976059
6.450889 -0.853481 -0.293387
6.450889 -0.283367 0.309967
6.568178 -0.482175 0.007735
6.450889 -0.995629 0.073819
6.450889 -0.941708 0.170074
5.981733 -0.321854 -0.034837
5.395289 0.113182 -0.120275
5.278000 0.092045 -0.148964
5.395289 0.011001 -0.575432
5.395289 -0.437942 -0.762408
5.278000 -0.607659 -1.004780
5.278000 0.334924 -1.595956
5.278000 -0.010595 -1.314724
5.629867 -0.351589 -1.167920
5.512578 0.072670 -0.845516
5.395289 0.241833 -1.046958
5.395289 0.163723 -0.949570
5.160711 -0.050101 -0.205174
5.043422 0.530573 -0.575095
5.160711 0.388634 -1.157910
5.160711 0.652416 -0.936562
5.160711 0.332829 -0.574453
5.160711 -0.119642 -0.411088
5.160711 -0.125257 -0.404940
6.920044 -1.013796 1.222446
6.920044 -0.738003 0.674935
6.920044 -0.616821 0.411110
6.802755 -0.865308 0.589192
6.802755 -0.737892 0.856260
6.802755 -0.633900 0.873763
6.802755 -0.495160 0.368950
5.278000 -0.680720 -0.918625
5.278000 -0.430249 -0.931273
5.278000 0.478253 -0.593452
5.160711 0.446197 -0.163562
5.747156 -0.225383 -0.182982
5.512578 -0.027163 -0.543130
5.512578 0.063401 -0.739361
5.512578 0.421957 -0.619356
5.512578 0.259115 -0.589360
5.512578 -0.586447 -0.684970
5.512578 -0.639593 -0.709424
5.160711 -0.374436 -1.192808
6.333600 -1.268731 -0.012657
6.216311 -0.678883 -0.617941
5.864444 -1.017017 -0.458595
5.747156 -0.689392 -0.899653
5.747156 -0.619997 -0.587622
5.629867 -1.091262 -0.432786
5.512578 -0.789492 -1.419356
5.512578 -0.600199 -1.363768
5.512578 -0.666396 -1.269238
5.395289 -0.799705 -1.047061
5.395289 -0.169725 -0.259847
5.981733 -0.272503 -0.651325
6.920044 -0.485676 0.451695
7.037333 -0.584845 0.556594
7.037333 -0.802045 0.550344
6.685467 -0.622524 1.098142
6.685467 -0.242396 1.119091
6.685467 -0.741239 0.707266
6.568178 -1.169407 0.417285
6.450889 -0.816538 0.760442
6.450889 -0.712025 0.411275
5.512578 -0.209451 -0.163357
5.629867 -0.420633 -0.610941
5.629867 -0.405474 -0.866534
5.629867 -0.858814 -0.928372
5.747156 -1.028540 -0.333438
5.629867 -0.833927 -0.560218
5.864444 -1.220883 -0.291068
6.450889 -1.256702 0.087690
6.216311 -0.388757 -0.259254
6.216311 -0.405943 -0.305853
6.099022 -0.579455 -0.497589
5.981733 -0.932995 -0.018839
5.395289 -0.334013 -0.414146
5.395289 -0.387212 -0.812639
6.802755 -0.152983 0.692328
6.333600 -0.592242 0.325071
6.450889 -0.579914 0.445413
6.568178 -0.413213 0.256952
6.333600 -0.793449 0.236797
5.981733 -0.904439 -0.559388
5.864444 -0.454312 -0.682226
5.864444 -0.955882 -0.661753
5.864444 -1.130957 -0.729794
5.864444 -0.724057 -0.420348
5.864444 -0.207261 -0.565370
5.864444 -0.789225 -0.745536
5.864444 -1.164995 -0.282748
6.568178 -0.246304 0.778431
6.568178 -0.391540 -0.006159
6.450889 -0.381239 -0.080597
6.568178 -0.256740 0.258480
6.568178 -0.333123 1.077792
6.920044 -0.590246 0.599358
6.920044 -0.821346 1.146231
6.568178 -0.288384 0.840308
6.568178 -0.410464 0.217625
6.333600 -0.507723 -0.095917
6.216311 -0.462393 -0.364663
6.333600 -0.703344 -0.291901
6.216311 -0.699506 0.105335
6.216311 -0.616560 0.268795
6.333600 -0.504873 -0.268846
6.450889 -0.686475 0.043904
6.450889 -0.372908 0.473317
6.920044 -0.890124 0.417120
6.920044 -0.597186 0.356396
6.920044 -0.559305 0.474661
6.920044 -0.230742 0.897937
5.160711 -0.082703 -0.193021
5.160711 -0.048610 -0.387125
5.160711 -0.291082 -0.513870
5.160711 0.281540 -0.726955
6.216311 -0.551673 0.013219
5.981733 -0.943508 -0.412744
6.333600 -0.920559 -0.502078
6.685467 -1.016816 0.755099
6.685467 -0.949781 0.331201
6.920044 -1.245616 0.857904
6.568178 -0.714064 0.336232
5.864444 -0.188469 -0.803889
5.864444 -0.212538 -0.447926
5.864444 -0.554357 -0.359882
5.278000 -0.382698 -0.457136
5.278000 -0.053423 -1.002776
5.278000 -0.220205 -1.307741
5.160711 0.279620 -0.554899
6.920044 -0.390102 0.861438
6.920044 -0.305682 1.262674
6.802755 -0.429161 1.380084
5.278000 -0.296392 -0.717976
5.278000 -0.058376 -0.973540
5.278000 0.161342 -1.411571
5.278000 -0.054096 -1.713537
5.278000 0.123174 -1.413140
5.278000 0.055819 -0.512309
5.864444 -0.321504 0.058205
5.981733 -0.974711 -0.036454
6.099022 -0.900423 -0.399088
6.216311 -0.767299 -0.379717
6.450889 -1.090007 0.069043
5.864444 -0.828169 -0.903253
5.864444 -0.890095 -0.367830
5.864444 -0.390423 -0.253784
5.864444 -0.568882 -0.519539
5.864444 -0.477958 -0.987891
5.864444 -0.301139 -1.017192
5.981733 -0.410385 -0.640319
6.685467 -1.015067 0.323552
6.568178 -0.707119 0.253102
6.568178 -1.030389 0.113244
6.568178 -1.065978 0.310210
6.568178 -0.736546 0.591155
6.568178 -0.367633 0.528624
5.043422 -0.004336 -0.480437
4.926133 0.849529 -0.726772
5.278000 0.749101 -0.428349
5.278000 -0.160189 -0.660506
6.568178 -0.327110 0.734981
6.568178 -0.249587 0.113673
6.685467 -1.018580 0.070571
6.099022 -0.634021 -0.525853
6.216311 -1.177348 0.175758
4.926133 0.628785 -0.440796
5.160711 0.750722 -1.240508
5.160711 0.075544 -1.623952
5.278000 0.006020 -1.284014
5.278000 -0.408869 -1.299048
5.278000 -0.633396 -1.060409
6.685467 -0.806411 0.375129
6.802755 -1.038458 0.857744
6.802755 -1.099466 1.062481
6.685467 -0.156092 0.758430
5.160711 0.761132 -0.730671
5.278000 0.439819 -0.718600
5.278000 -0.343044 -0.657903
5.512578 -0.528677 -0.190426
5.981733 -0.211489 -0.187407
6.216311 -0.251278 -0.035083
6.333600 -0.461107 0.413341
6.216311 -0.702306 -0.186000
6.450889 -0.811807 0.660547
6.450889 -0.494052 0.116602
6.216311 -1.079340 0.022622
6.216311 -0.554300 -0.531067
5.512578 -0.437342 -0.338173
5.512578 -0.243200 0.025385
5.629867 -0.356519 -0.326998
5.278000 -0.130291 -0.053380
5.278000 0.013675 -0.320241
5.278000 -0.284890 -0.705806
5.278000 -0.226302 -0.570703
5.278000 0.482146 -0.759216
5.278000 -0.183478 -1.630575
5.278000 0.212035 -1.101668
5.278000 0.741905 -1.204076
5.278000 0.311019 -1.173300
5.395289 0.165963 -1.102094
6.099022 -0.895153 -0.832987
6.450889 -0.796834 -0.305370
6.568178 -1.136602 -0.055841
6.802755 -0.388165 0.388814
6.920044 -0.450396 0.691323
6.920044 -0.726358 1.173502
7.037333 -0.490333 0.966825
5.864444 -1.079500 -0.456924
5.747156 -1.004530 -0.761203
5.747156 -0.866362 -0.905549
5.747156 -0.420830 -0.831206
5.864444 -0.758984 -1.153669
5.160711 0.425032 -1.582754
5.160711 0.115424 -1.565965
5.160711 0.484407 -1.246511
5.160711 0.647079 -0.728212
5.160711 0.834107 -0.401501
5.981733 -0.738877 -0.121700
5.747156 -1.119331 -0.690180
5.629867 -0.521246 -1.324370
6.920044 -0.671397 0.937836
6.450889 -1.118425 -0.096532
6.685467 -0.380170 0.130754
6.802755 -0.870625 0.753963
6.920044 -1.153550 1.069708
6.920044 -1.011828 1.052038
7.037333 -0.463259 0.791528
5.160711 0.195422 -0.684019
5.278000 0.711795 -0.485091
5.629867 -1.109558 -0.662379
5.981733 -0.959979 -0.046537
6.568178 -0.491574 0.257885
7.037333 -0.549254 0.737793
5.747156 -0.053367 -0.483448
5.278000 -0.494225 -0.633769
5.278000 -0.197686 -1.167633
5.278000 -0.247761 -1.721026
5.160711 0.601665 -0.755775
5.864444 -0.501441 -1.071673
5.981733 -1.008555 -0.019854
5.160711 0.866553 -0.740566
4.926133 0.769625 -0.440368
4.926133 0.853098 -1.005009
7.037333 -0.287222 1.013580
4.926133 0.759339 -0.512299
6.450889 -0.579215 0.000340
6.920044 -0.727950 1.266180
6.802755 -0.925427 0.678507
6.802755 -0.686648 0.687191
6.568178 -0.458267 0.246611
6.802755 -0.423961 0.489213
5.160711 -0.379562 -0.880299
5.160711 -0.124959 -0.920810
5.160711 0.076093 -0.945421
5.160711 0.396274 -0.815326
5.747156 -0.060329 -0.101606
5.747156 -0.253267 -0.047128
5.864444 -0.611109 -0.146946
5.747156 -1.106146 -0.722934
5.747156 -1.136643 -0.781173
5.747156 -0.564291 -0.881368
5.747156 -0.586610 -1.047190
5.747156 -0.758511 -0.999382
5.747156 -0.208306 -1.157184
5.278000 -0.081315 -1.657070
5.160711 0.288668 -0.621468
5.160711 0.350070 -0.793990
4.926133 0.539503 -0.699854
5.043422 0.758752 -0.655643
5.981733 -0.947471 -0.749974
6.099022 -0.649941 -0.587158
6.099022 -0.380563 -0.377366
6.099022 -0.392175 -0.089700
5.160711 0.067904 -0.476876
5.629867 -0.292833 -0.291214
5.864444 -0.769985 0.065824
5.864444 -0.697831 -0.044131
5.864444 -0.676729 -0.290232
6.802755 -0.670308 0.464227
6.920044 -1.067246 1.056800
6.920044 -0.859854 1.290328
6.920044 -0.310716 0.871015
6.568178 -0.108826 0.822016
6.568178 -0.261979 1.066815
6.450889 -1.124492 0.550141
5.864444 -0.973626 -1.070308
5.629867 -0.151721 -0.520061
5.512578 0.071304 -0.679736
5.512578 0.301423 -1.188643
5.512578 -0.416488 -1.485299
5.512578 -0.409565 -1.253878
5.512578 -0.001150 -1.009345
5.512578 0.322952 -0.739113
5.512578 -0.750289 -0.382153
5.395289 0.320611 -0.241070
5.395289 0.226068 -0.273119
5.395289 0.006013 -0.430301
5.278000 0.249891 -0.907023
5.278000 0.280057 -1.329905
5.278000 0.191634 -1.467117
5.278000 0.371668 -1.314614
5.278000 0.692159 -1.294836
5.278000 -0.202628 -1.523041
5.512578 0.149085 -1.343224
5.512578 -0.242525 -0.924355
5.747156 -0.073928 -0.758923
6.333600 -0.645406 -0.050423
6.450889 -0.411980 0.074630
5.395289 0.044873 -0.092273
5.395289 0.403813 -0.282584
5.512578 -0.274944 -0.968446
5.629867 -0.614872 -0.543847
5.981733 -0.897813 -0.477901
4.926133 0.692834 -0.544178
6.450889 -0.694865 0.416269
5.512578 -0.263028 -0.172046
5.512578 -1.005887 -0.590180
5.747156 -0.428210 -0.914071
5.747156 -0.296402 -0.898210
5.981733 -0.390353 -0.689560
5.629867 -0.736551 -1.181160
5.629867 -0.943068 -0.950150
5.629867 -0.747650 -1.017825
5.629867 -0.550419 -0.629933
5.747156 -0.012081 -0.947208
5.981733 -1.068643 -0.551305
6.568178 -0.884476 0.358980
6.568178 -1.191675 0.434594
6.802755 -0.992542 0.280800
6.802755 -1.241051 0.863938
6.802755 -1.049630 0.905108
6.920044 -0.528799 0.680571
6.920044 -0.377491 0.629815
6.333600 -0.277474 0.254787
6.450889 -1.252908 0.399726
6.450889 -1.091473 0.722505
6.450889 -0.949259 0.173297
6.333600 -0.886787 0.151561
6.802755 -0.440198 0.549781
5.160711 0.353156 -0.412480
5.160711 0.114375 -0.483903
5.160711 0.212123 -1.250157
5.160711 0.759137 -0.944420
5.160711 -0.011592 -0.258511
5.160711 -0.106079 -0.271468
5.043422 0.222983 -0.264005
5.160711 0.342125 -0.177002
5.160711 -0.027641 -0.168451
5.864444 -0.758791 -0.174564
5.864444 -1.001723 -0.213494
5.864444 -0.897753 -0.332456
5.512578 0.066758 -1.402061
5.395289 -0.158361 -0.276006
6.920044 -0.246835 0.715665
6.568178 -0.916437 0.372249
6.450889 -1.197692 0.521372
6.450889 -1.174987 0.083413
6.920044 -0.979271 0.682713
6.920044 -0.891905 0.859088
6.568178 -0.512819 0.796009
6.568178 -0.783970 0.784881
6.450889 -0.858292 0.384209
6.450889 -1.021673 -0.153416
6.333600 -0.704566 -0.416568
5.981733 -0.964173 -0.232820
6.099022 -0.876133 -0.012274
6.099022 -0.636773 0.242318
6.450889 -0.834113 0.781476
6.450889 -1.092009 0.305927
6.099022 -0.838764 -0.653059
5.981733 -1.090716 -0.871728
5.981733 -1.056529 -0.779592
5.512578 -0.113463 -1.547572
5.278000 -0.342158 -1.457287
5.512578 -0.116594 -1.241264
5.512578 -0.082342 -0.960733
5.512578 -0.758370 -1.037011
5.864444 -0.479310 -1.037546
6.216311 -0.289938 0.147741
5.864444 -1.154284 -0.446302
5.747156 -0.679562 -0.848899
5.747156 -0.265800 -0.605775
5.629867 0.109147 -0.941108
5.160711 -0.338057 -1.007688
5.278000 0.739478 -0.728481
5.160711 0.284262 -1.061365
5.278000 0.569136 -1.051580
5.278000 0.609067 -0.494028
5.278000 0.708586 -0.373264
5.278000 0.151233 -0.768281
5.395289 -0.514635 -1.421903
5.512578 -0.327370 -1.573378
5.512578 -0.431996 -1.506605
5.512578 0.027885 -0.895312
5.278000 0.610651 -0.435257
5.160711 0.744320 -0.683421
4.926133 0.658594 -0.654108
4.926133 0.849948 -0.845523
5.278000 0.381137 -1.125157
5.278000 0.613288 -0.763745
5.278000 0.634126 -0.963147
6.685467 -0.831623 -0.002149
5.981733 -0.865513 -0.214816
5.981733 -0.906343 -0.600725
5.981733 -0.771995 -0.906920
5.981733 -0.456048 -0.594706
5.981733 -0.587936 -0.517802
6.099022 -1.033859 -0.343622
6.216311 -1.051610 0.139621
6.568178 -1.084708 0.376652
6.568178 -0.663580 0.788091
6.802755 -0.693981 0.888296
6.450889 -0.462645 0.603067
6.450889 -0.411704 -0.172738
5.864444 -0.437338 -0.463919
5.864444 -0.418515 -0.613980
5.512578 -0.462745 -0.736830
5.512578 -0.776397 -0.439810
5.278000 -0.217177 -0.099508
5.278000 0.037329 -0.925943
5.278000 0.142215 -1.391692
5.395289 0.494786 -1.336285
5.395289 -0.049747 -1.682607
5.512578 -0.198224 -1.560511
5.864444 -0.156711 -0.581773
6.333600 -0.813763 -0.125306
6.450889 -1.114322 0.072443
6.802755 -1.137959 1.126687
5.512578 -0.044850 -0.471629
5.512578 0.144169 -0.949481
5.512578 -0.109735 -1.017756
5.512578 0.106501 -0.800904
6.333600 -1.364134 -0.174042
6.450889 -1.088136 0.241556
6.450889 -0.892102 0.565474
6.450889 -0.895124 0.553380
5.864444 -0.647751 0.093043
5.747156 -0.182576 -0.679897
5.747156 -0.021991 -0.880049
5.629867 -0.365631 -0.829427
5.512578 -0.153236 -0.935865
5.512578 0.201557 -1.188595
5.395289 0.060873 -0.604366
5.395289 -0.066975 -0.532014
5.512578 0.183514 -0.437539
5.512578 -0.142256 -0.680224
5.864444 -0.469037 -0.931163
5.864444 -0.436282 -0.542468
5.864444 -0.340001 -0.449997
5.981733 -0.557697 -0.568639
6.216311 -1.021630 -0.296431
6.450889 -0.855058 0.494800
6.802755 -0.902514 1.041872
6.802755 -0.782959 1.308392
6.920044 -0.651728 1.396882
6.920044 -1.064319 1.121197
6.802755 -0.913635 0.712535
6.802755 -1.077414 0.552174
6.685467 -1.301714 0.656843
6.802755 -1.256377 0.606004
6.568178 -1.040094 0.780263
6.685467 -0.773396 1.181376
6.685467 -0.675466 1.254393
6.099022 -0.291885 -0.481006
5.512578 -0.211356 -0.236802
5.512578 0.207513 -0.420773
5.512578 -0.341528 -0.148922
5.512578 -0.820992 -0.380148
5.278000 -0.740925 -0.784495
5.278000 -0.449823 -1.424173
5.278000 0.320476 -1.383959
5.278000 0.495890 -0.316266
4.926133 0.608441 -0.726718
6.568178 -0.395663 0.201141
6.802755 -1.259727 0.815413
6.920044 -1.000920 0.509027
6.920044 -0.874443 0.866378
6.920044 -0.872285 0.521876
5.747156 -1.103508 -0.614376
5.747156 -0.401997 -1.093039
5.629867 -0.126467 -0.637752
5.629867 -0.622481 -0.330453
5.629867 -0.108863 -0.412394
5.747156 -0.128152 -0.654592
6.216311 -0.393306 -0.366344
6.450889 -0.892168 -0.183731
6.333600 -0.837319 -0.087925
7.037333 -0.578398 0.625659
5.278000 0.121489 -1.070413
5.278000 0.666589 -0.631224
5.278000 0.554692 -0.879801
5.278000 -0.289485 -1.507969
5.864444 -0.965509 -0.844325
5.981733 -0.801727 -0.434380
6.450889 -0.724567 -0.145799
5.747156 -0.149323 -0.005175
5.981733 -1.191727 -0.576198
5.864444 -0.868279 -0.466286
6.685467 -0.581788 0.563753
5.981733 -0.444930 -0.433083
6.216311 -0.917502 -0.517729
6.333600 -1.209666 0.132329
6.450889 -0.968669 0.794786
6.568178 -0.179347 0.907082
6.802755 -0.489587 1.141960
6.568178 -0.782885 -0.021461
6.568178 -0.843110 -0.024422
6.685467 -0.799519 0.149826
6.802755 -0.297178 0.763472
4.926133 0.316094 -0.802590
5.160711 0.502699 -1.381251
5.160711 0.245030 -1.201214
5.278000 0.028122 -0.380297
5.278000 0.191129 -0.032847
6.920044 -0.497644 1.030934
6.333600 -0.949055 -0.012330
6.450889 -0.841292 -0.150858
6.450889 -0.614545 0.728326
6.568178 -0.472105 1.058287
6.920044 -0.391149 0.820539
5.864444 -0.515197 -0.184289
4.926133 0.815926 -1.072330
5.160711 0.067470 -1.411851
5.278000 -0.579342 -1.094280
5.278000 -0.005891 -1.097636
5.278000 -0.195872 -1.073087
5.278000 -0.420293 -1.268611
5.278000 -0.307494 -0.937103
5.981733 -0.805863 -0.911180
5.981733 -1.205172 -0.693141
5.864444 -0.791463 -0.442726
5.747156 -0.327491 -0.003138
5.160711 0.818291 -0.927984
5.160711 0.238893 -1.289979
5.278000 -0.285069 -1.016576
5.278000 -0.405912 -0.245362
7.037333 -0.443291 0.568713
5.278000 0.319735 -0.678350
5.278000 0.080482 -0.855194
5.160711 -0.105574 -1.122985
5.278000 -0.554617 -0.929393
5.981733 -0.723679 -0.950252
5.864444 -1.040329 -0.447333
5.629867 -0.708420 -1.274426
5.512578 -0.328359 -1.562792
4.926133 0.640323 -0.367840
5.043422 0.253189 -0.327902
6.802755 -0.738638 0.268831
5.160711 0.160400 -0.450084
5.160711 0.516366 -0.533348
5.160711 0.313127 -0.293304
5.160711 -0.003674 -0.253278
6.920044 -1.138318 0.473074
6.920044 -0.846513 0.412009
6.920044 -0.771216 0.427369
7.037333 -0.475093 0.917823
5.160711 0.170575 -0.540315
5.160711 -0.000887 -1.006689
5.160711 -0.036217 -1.324864
5.278000 0.047294 -1.167236
5.864444 -0.523777 -1.096062
5.864444 -0.848068 -0.387928
5.981733 -0.926256 0.099848
6.333600 -0.967431 0.090202
6.333600 -0.704760 0.266885
6.333600 -0.564216 0.240510
6.450889 -0.506897 0.719388
6.450889 -0.626973 0.227299
6.568178 -0.983374 0.066672
6.450889 -1.151527 0.160645
6.450889 -0.478682 0.878535
6.450889 -0.964025 0.331278
6.568178 -1.014656 0.419555
6.568178 -0.993319 0.906413
6.568178 -0.567377 0.625781
6.685467 -0.526840 0.916239
6.685467 -1.124299 0.933477
6.920044 -0.548463 0.685286
6.920044 -0.554241 0.837791
6.920044 -0.580472 1.194427
6.920044 -0.794921 0.775365
6.216311 -0.596607 -0.377382
5.981733 -0.223732 -0.458965
6.802755 -0.586070 0.812092
6.802755 -0.774435 0.299155
6.568178 -0.886689 0.297465
6.568178 -0.962824 0.748677
6.568178 -1.136867 0.843719
6.685467 -0.624431 1.147484
6.568178 -0.564303 0.498366
6.450889 -0.770571 0.620641
6.333600 -0.505209 0.150079
6.216311 -0.399810 -0.148236
5.864444 -0.426083 -0.692715
5.629867 -0.315301 -0.079666
5.278000 -0.524077 -0.685827
5.278000 0.214470 -0.974711
5.160711 -0.227552 -1.445370
5.278000 -0.070054 -1.516583
5.629867 -0.383322 -1.479476
5.747156 -0.912549 -1.012263
5.864444 -0.894089 -0.239126
5.981733 -0.640763 -0.435235
5.864444 -0.833308 -0.241427
5.981733 -0.321686 -0.264646
5.864444 -0.638987 -0.715734
5.278000 0.021824 -1.549166
5.278000 0.005017 -1.345364
5.278000 0.208458 -1.115400
5.160711 0.358189 -1.327131
5.160711 0.811903 -1.047829
5.278000 0.154986 -1.615005
5.512578 0.199638 -1.257075
5.512578 0.076214 -0.484567
5.512578 -0.494525 -0.471632
6.333600 -0.319243 0.273337
6.568178 -0.945718 0.668676
6.802755 -1.147845 0.750568
6.920044 -0.586774 0.858264
6.920044 -0.202483 0.951645
6.920044 -0.322097 1.330997
6.920044 -0.157786 0.882441
6.802755 -1.165763 0.414566
6.685467 -0.928537 0.512573
6.685467 -1.067356 0.559572
6.568178 -1.043148 0.542787
6.568178 -0.982214 0.494762
6.802755 -1.127758 0.466409
6.802755 -1.124352 0.283656
6.802755 -0.337487 0.403282
6.920044 -1.159645 0.910090
6.685467 -0.688751 0.469610
6.568178 -0.401475 0.419698
6.450889 -0.319097 0.733072
5.160711 0.055711 -0.919470
5.278000 0.519744 -1.177717
5.278000 0.515878 -0.916845
5.278000 0.358549 -1.168297
5.278000 -0.051371 -1.449118
5.278000 -0.177624 -1.260573
5.278000 -0.399193 -1.511911
5.278000 0.247585 -1.080717
5.160711 0.191239 -1.234463
5.160711 0.318162 -1.108911
4.926133 0.756128 -1.225637
5.160711 0.709339 -1.220108
5.278000 0.401992 -1.000113
6.920044 -0.768341 0.380577
6.920044 -0.816290 0.371903
6.920044 -0.611622 0.441363
5.747156 -0.366755 -0.518363
6.920044 -0.349321 0.717678
6.920044 -1.056469 0.887841
6.920044 -0.854419 0.495374
6.920044 -0.980972 0.762706
7.037333 -0.561483 1.024876
5.747156 -0.109375 -0.673667
5.981733 -0.586377 -0.204242
6.450889 -0.240712 0.458306
6.450889 -0.336345 -0.079075
6.450889 -0.738712 0.427577
6.568178 -0.381323 0.802798
6.568178 -0.411054 0.791076
5.278000 0.078663 -1.321495
5.278000 0.524134 -0.853940
5.160711 0.348334 -0.160935
5.160711 0.496819 -0.260350
5.160711 0.679632 -0.430211
5.395289 0.291741 -0.811654
5.864444 -0.534310 -0.661873
6.920044 -1.127346 0.591456
6.568178 -0.764300 1.032934
4.926133 0.435675 -0.718664
5.160711 0.443432 -0.839351
5.278000 -0.229268 -1.107831
5.278000 0.334005 -1.390817
5.278000 0.247752 -1.124843
5.278000 -0.130072 -0.047103
5.278000 -0.161823 -0.312026
5.043422 0.464145 -0.870222
5.278000 0.458762 -1.369979
5.278000 0.601663 -0.789341
5.278000 0.369149 -0.690784
5.278000 0.294422 -0.961059
5.278000 0.259527 -1.047782
5.278000 0.343133 -1.023704
5.160711 0.537826 -1.093847
5.160711 0.289541 -1.030951
5.512578 -0.432225 -0.497280
5.629867 -0.448439 0.072505
5.747156 0.046971 -0.389168
6.685467 -1.250265 0.693725
6.685467 -1.215281 0.813763
6.333600 -0.298216 0.335031
6.333600 -0.539331 0.288864
6.333600 -0.806787 0.529267
6.333600 -1.072426 0.467286
6.333600 -1.087078 0.509008
6.568178 -1.250182 0.284059
6.802755 -0.364378 0.258552
6.333600 -0.790061 0.137020
6.333600 -0.837755 -0.375754
5.395289 -0.462157 -1.384626
5.395289 -0.540959 -1.046436
5.395289 -0.516774 -1.006243
5.395289 0.303316 -1.427947
5.395289 0.459721 -1.072300
5.395289 -0.158311 -0.762556
5.395289 -0.322095 -0.676377
5.395289 -0.424885 -0.772193
5.512578 -0.335806 -0.601367
5.629867 0.120523 -0.585699
5.629867 -0.245646 -0.333433
5.160711 0.519153 -0.852162
5.160711 0.607982 -1.213841
5.160711 0.640780 -1.281040
5.160711 0.787853 -1.162144
5.278000 0.581877 -0.541395
6.802755 -0.585097 0.594578
5.864444 -0.341537 -0.911262
5.747156 -0.148524 -0.499477
5.747156 -0.301504 -0.177179
6.920044 -0.108467 0.998544
5.747156 -0.641692 -0.259919
5.512578 -0.127291 -0.538878
5.395289 -0.204864 -1.317100
5.395289 -0.386955 -1.569888
5.395289 -0.447151 -1.519733
6.568178 -0.940688 0.902941
6.685467 -0.780225 0.464232
5.278000 0.266990 -0.185671
5.278000 0.553362 -0.559558
5.160711 -0.002450 -0.257482
5.160711 -0.188655 -0.323891
5.512578 0.219728 -0.347671
5.864444 -0.296776 -0.089227
6.099022 -0.680262 0.180029
6.920044 -0.400797 1.054904
5.278000 -0.309953 -0.122334
5.160711 0.422623 -0.319160
5.395289 0.387407 -1.351448
5.512578 0.067152 -1.367248
5.512578 0.268354 -0.785897
5.278000 0.303833 -0.847135
5.278000 -0.111016 -0.454732
5.629867 -0.175199 -0.038972
6.450889 -0.780143 0.369697
6.685467 -0.750608 1.076246
5.395289 -0.204896 -0.654294
5.747156 -0.130746 -0.612308
5.864444 -1.002970 -0.786217
5.864444 -0.928311 -0.966724
5.981733 -1.303790 -0.555341
6.333600 -0.544006 -0.375858
6.333600 -0.850805 0.491204
6.333600 -0.755345 0.666305
6.802755 -0.495073 1.402454
5.864444 -0.721730 -0.340573
5.864444 -0.632493 -0.113734
5.864444 -0.291254 -0.561405
6.333600 -0.747902 -0.338571
6.333600 -0.786333 0.450583
6.450889 -0.713383 0.832687
6.568178 -0.590630 0.903062
6.568178 -0.306923 0.916079
6.568178 -0.205171 0.380714
6.568178 -0.123688 0.543300
6.568178 -0.521035 0.527371
6.568178 -1.009486 0.326573
6.568178 -1.242462 0.504242
6.568178 -0.961981 0.475919
6.568178 -1.155284 0.109006
6.685467 -0.918962 0.764689
6.920044 -0.406595 0.896590
6.920044 -0.898381 0.711870
7.037333 -0.648866 0.669748
6.920044 -0.256943 0.910115
6.802755 -0.217409 1.314670
5.278000 0.467721 -1.497984
5.278000 0.273244 -1.209757
5.278000 -0.009151 -0.623312
5.278000 0.341090 -0.512588
5.160711 0.358153 -0.735318
5.160711 -0.105415 -1.166776
5.160711 0.005768 -1.380076
5.160711 0.369865 -1.222468
5.160711 0.613765 -1.277950
5.160711 0.372140 -1.040128
5.043422 0.356607 -0.144469
5.160711 0.559688 -0.925140
5.160711 0.298473 -0.937266
5.160711 0.534962 -0.592321
5.278000 0.282883 -1.250292
5.395289 -0.176253 -0.892043
6.333600 -0.401703 0.538839
6.568178 -1.122084 0.903813
6.450889 -0.715215 0.263823
6.450889 -0.896551 -0.209887
5.395289 0.372176 -0.778036
5.395289 0.446628 -1.055073
5.395289 -0.141306 -0.591027
5.395289 -0.867248 -0.720642
5.864444 -1.019645 -0.362592
5.278000 -0.407453 -0.620622
5.160711 -0.305762 -0.953720
5.043422 0.169464 -0.266987
5.160711 0.551230 -0.567861
5.160711 0.140852 -0.411070
5.160711 -0.206592 -0.171980
5.160711 -0.119960 -0.542081
5.160711 0.200165 -1.368887
5.278000 0.025348 -1.375193
5.278000 -0.224090 -1.594030
6.568178 -0.337601 0.910818
6.685467 -0.041161 0.920105
5.512578 -0.499575 0.010401
5.512578 -0.365969 -0.677381
5.864444 -0.817221 -0.402630
6.568178 -0.756512 0.293051
6.568178 -1.164959 0.123494
6.685467 -0.832258 0.179185
6.568178 -0.910013 0.301262
6.802755 -0.895027 0.823724
6.802755 -0.145386 0.844918
6.450889 -1.199505 -0.063032
6.099022 -1.322474 -0.473660
5.981733 -0.746382 -0.827385
6.568178 -0.301248 0.585977
6.802755 -0.702858 0.875089
6.920044 -0.394361 0.685542
6.333600 -0.305994 0.168546
6.333600 -0.344835 -0.084159
6.216311 -0.998590 0.344963
6.216311 -1.114669 0.164467
5.512578 -1.005536 -0.508441
5.278000 0.227346 -0.772391
5.278000 0.666304 -0.762779
6.099022 -1.183259 -0.391589
6.920044 -0.768155 0.299724
5.160711 -0.284696 -0.389468
5.160711 -0.121541 -0.371437
5.160711 -0.206943 -0.731414
5.512578 -0.540345 -0.793019
5.512578 -0.095075 -0.845422
5.512578 -0.379177 -1.222614
5.981733 -1.175720 -0.194270
6.802755 -0.661489 1.263187
6.685467 -0.755360 1.268108
6.568178 -0.946013 0.792441
6.450889 -0.645970 0.418194
6.099022 -0.350061 0.020819
5.981733 -0.359548 -0.119002
5.864444 -0.276774 -0.241890
5.981733 -0.373727 -0.300365
7.037333 -0.291694 1.070990
5.395289 0.214122 -0.597055
5.395289 0.059413 -0.943323
5.395289 -0.342582 -1.012897
5.395289 -0.574839 -0.727766
5.395289 -0.589561 -0.719336
6.685467 -0.655257 0.743998
6.802755 -0.634596 1.299397
6.920044 -0.584944 0.644276
6.802755 -0.503442 0.281405
6.333600 -0.379114 0.269339
6.333600 -0.737928 0.425135
6.216311 -1.197741 0.049541
6.216311 -1.191250 -0.362114
5.864444 -0.370673 -0.597833
5.160711 0.802566 -0.883816
5.629867 0.159796 -0.889390
5.747156 -0.136683 -0.836498
5.747156 -0.310291 -0.032702
6.920044 -0.546232 0.400990
6.920044 -0.953657 0.314738
6.802755 -0.780068 0.547127
6.685467 -0.836307 0.518608
6.685467 -0.780050 0.491039
6.685467 -0.825224 0.042272
6.685467 -1.027874 0.201969
5.043422 0.215369 -0.332000
5.043422 0.383188 -0.281762
5.160711 0.227344 -0.361126
5.160711 0.090878 -0.430534
5.160711 0.600560 -1.064704
5.395289 0.381787 -1.286048
5.395289 0.505400 -0.834942
5.747156 -0.003360 -0.290924
5.981733 -0.487924 -0.725253
5.864444 -0.618126 -0.214519
5.747156 -0.389107 -0.678053
5.160711 0.706642 -1.237421
5.278000 0.130024 -0.004792
5.278000 -0.023525 -0.890610
5.395289 0.182898 -1.361648
5.278000 -0.391107 -0.601078
5.395289 -0.133546 -1.318630
5.512578 0.148203 -1.309839
5.629867 -0.233340 -1.230310
6.333600 -0.630758 -0.442299
5.747156 -0.689201 -1.263201
6.450889 -0.681656 -0.178074
6.099022 -0.680375 -0.571497
5.278000 -0.339879 -0.147305
5.395289 -0.272444 -0.464129
5.747156 -0.246874 -0.981601
5.512578 -0.441565 -0.859128
5.512578 -0.488682 -0.602651
5.512578 -0.264337 -0.814897
5.512578 -0.877819 -0.915582
5.512578 -0.986673 -0.827381
6.920044 -0.577330 0.965544
7.037333 -0.997854 0.645574
5.864444 -0.356218 -0.171608
5.043422 0.313273 -0.449209
4.926133 0.639103 -0.613243
4.926133 0.629516 -1.108943
4.926133 0.313078 -1.205071
5.043422 0.624179 -1.267881
5.512578 -0.219029 -1.392999
5.278000 0.602630 -1.067110
5.278000 0.023647 -1.414724
5.278000 -0.394472 -1.463620
5.512578 -0.945660 -0.572245
5.747156 -0.376592 -1.131962
6.450889 -0.773835 0.844459
5.629867 -0.553863 -0.188123
5.629867 -0.353230 -0.233195
5.512578 -0.289544 -0.367718
5.160711 0.221658 -0.817267
5.160711 0.769615 -1.006461
4.926133 0.671079 -0.382134
5.160711 0.701570 -0.552209
5.278000 -0.233396 -1.650645
5.512578 -0.008717 -1.446415
5.512578 -0.396548 -0.936039
5.981733 -0.876977 -0.721787
5.864444 -0.546905 -0.752403
6.802755 -0.325381 0.759841
6.802755 -0.507451 1.331042
7.037333 -0.443227 0.646840
5.747156 -0.604031 -0.732511
5.747156 -0.845114 -0.824952
6.802755 -0.722658 0.873194
6.920044 -0.803611 1.074676
6.685467 -0.325368 1.134525
6.685467 -0.671642 1.085283
6.685467 -0.199057 1.132296
6.568178 -1.035450 0.504065
6.450889 -1.295081 0.454834
6.450889 -1.115364 -0.078717
5.864444 -0.243999 -0.340578
5.981733 -0.224172 -0.044805
5.864444 -0.474091 -0.092613
5.747156 -0.487058 -0.448519
6.216311 -0.472363 -0.198306
6.216311 -0.579564 -0.521892
6.920044 -1.139753 0.548586
6.450889 -0.942223 0.589033
6.568178 -1.177034 0.802323
6.450889 -0.213875 0.341380
5.043422 0.021825 -1.215264
6.802755 -0.667933 0.777341
6.802755 -0.667572 0.748856
6.685467 -0.652381 0.519363
6.450889 -0.711303 0.092458
6.450889 -0.907296 -0.009056
5.160711 0.133110 -1.638197
5.160711 0.232004 -1.318933
5.160711 0.518268 -1.276429
5.160711 0.256740 -1.090766
5.160711 0.079767 -0.922346
5.160711 0.578030 -0.918551
5.278000 0.189674 -1.032136
5.395289 -0.311901 -0.574126
5.512578 -0.594957 -0.433488
6.216311 -0.961295 -0.588265
6.333600 -1.141419 -0.119053
6.333600 -0.765569 -0.119770
6.333600 -0.395346 -0.310683
5.981733 -1.032308 -0.092551
5.981733 -1.157395 -0.437539
5.278000 -0.143874 -1.087869
5.278000 -0.278907 -1.609396
5.160711 0.071440 -1.415535
5.160711 0.107243 -1.384958
5.512578 0.027653 -1.089899
5.512578 -0.621680 -1.000221
5.512578 -0.168272 -0.653606
5.512578 -0.137024 -0.751425
5.395289 -0.620573 -1.001253
5.395289 -0.096550 -1.085663
5.278000 -0.149520 -1.486056
5.278000 -0.197556 -1.016840
5.278000 0.129482 -0.785721
5.278000 -0.202386 -0.537755
5.395289 -0.675239 -0.453541
6.802755 -0.336459 1.214659
6.802755 -0.247959 0.626662
6.802755 -0.161120 0.572668
6.802755 -0.621958 1.350552
6.685467 -0.895795 1.105785
6.568178 -1.030250 0.010896
5.981733 -0.866340 -0.959393
5.278000 -0.197254 -1.023144
5.278000 0.296303 -0.439290
5.278000 0.327118 -0.535924
5.278000 0.156885 -0.116933
5.395289 -0.232468 -0.076221
5.512578 -0.221299 -0.087170
6.802755 -0.197939 1.044336
6.450889 -0.269454 0.184316
5.629867 -0.301430 0.106243
5.629867 -0.215632 -0.222015
5.512578 -0.614103 -0.189496
5.629867 -0.285547 -0.107813
5.747156 -0.811138 -0.436811
5.747156 -0.459584 -0.481355
5.512578 -0.264728 0.095098
5.512578 -0.621582 -0.549997
5.512578 0.286707 -1.091496
5.160711 0.318215 -1.007036
5.043422 0.550437 -1.054287
5.043422 -0.006934 -1.310416
5.160711 -0.436694 -0.981899
5.043422 -0.056877 -0.758723
4.926133 0.659313 -0.662626
6.802755 -0.129303 1.245480
6.802755 -0.261531 1.294480
6.920044 -0.169089 1.051370
6.920044 -0.443408 1.312527
6.920044 -0.610271 1.247874
6.685467 -0.621539 1.219152
6.333600 -0.894276 -0.235999
6.920044 -0.544640 0.942185
6.920044 -0.862036 1.031287
6.920044 -0.266816 1.011537
6.920044 -0.978344 0.553746
6.568178 -1.148493 0.495280
6.450889 -0.521442 0.585000
6.802755 -0.280650 0.555240
6.802755 -0.281669 0.793232
6.920044 -0.142642 0.829739
6.920044 -0.351538 1.167816
6.920044 -0.169377 1.148556
5.278000 -0.565268 -0.685743
5.160711 -0.534119 -0.784956
5.278000 -0.305109 -1.139678
5.512578 -0.202242 -1.372402
6.099022 -0.806770 -0.444602
6.568178 -0.938881 0.218388
6.568178 -0.996710 0.936172
6.450889 -0.889248 0.034909
6.216311 -0.462463 -0.515946
6.216311 -0.563574 -0.351102
5.864444 -0.219952 -0.473870
5.864444 -0.432182 -0.786894
5.160711 0.213230 -1.249859
5.160711 0.278344 -1.298409
5.160711 0.489801 -1.296506
5.160711 0.522298 -1.081540
5.278000 -0.573975 -0.418711
6.802755 -0.769785 0.481068
6.568178 -0.486641 0.750672
6.568178 -0.273263 0.478084
6.568178 -0.318203 0.375679
6.568178 -0.972316 0.378901
6.685467 -0.817082 0.606676
6.802755 -0.962176 0.871913
7.037333 -0.564460 0.691941
6.920044 -0.386701 1.169154
6.920044 -0.617274 0.789529
6.920044 -0.998715 0.608936
6.216311 -0.888311 -0.404316
6.216311 -0.309292 -0.253015
6.333600 -0.829742 -0.025688
6.333600 -0.772002 0.041134
6.450889 -0.628605 0.539871
6.920044 -0.427000 0.455188
6.920044 -0.251382 0.843634
6.920044 -0.455883 0.904877
6.920044 -0.691204 0.291561
6.920044 -0.992971 0.604033
6.920044 -1.167942 0.881840
6.216311 -1.200108 -0.232725
6.333600 -1.218570 -0.398750
5.512578 -0.902639 -1.144975
5.629867 -0.854156 -0.750080
5.747156 -0.543234 -0.365712
5.981733 -0.702883 -0.589943
5.747156 -0.745070 -0.872508
5.629867 -0.797037 -0.459700
5.629867 -0.584772 -1.043693
5.512578 -0.505832 -0.767744
5.395289 -0.324364 -1.350732
5.395289 -0.045009 -1.397654
5.278000 -0.111104 -1.630885
5.160711 0.464657 -1.449186
5.278000 -0.615626 -1.300100
5.278000 -0.335097 -0.858566
5.512578 0.065514 -0.630683
6.216311 -0.553544 0.125232
6.216311 -1.034276 -0.093301
5.981733 -1.225199 -0.676361
6.099022 -0.710437 -0.253423
5.981733 -1.203529 -0.430780
5.864444 -0.889034 -1.082680
5.629867 -0.394647 -1.427201
5.395289 -0.389756 -1.271932
5.512578 -0.208178 -0.957383
5.512578 -0.558165 -0.463140
5.512578 -0.214609 -0.168514
5.160711 -0.203511 -0.525667
4.808844 0.696150 -0.685476
5.160711 0.774134 -0.742366
5.160711 0.573452 -0.326397
5.160711 0.152122 -0.426959
5.160711 -0.491525 -0.781001
5.278000 -0.171676 -1.182568
5.278000 -0.322516 -0.833453
6.450889 -0.226929 0.368847
6.450889 -0.677082 0.501612
6.450889 -0.966374 0.441451
6.450889 -1.176283 -0.224817
6.568178 -1.012223 0.097761
6.568178 -0.616581 -0.026202
6.450889 -0.581768 -0.081295
6.920044 -0.992633 0.826762
5.747156 -0.191449 -1.023776
5.278000 0.168042 -1.513652
5.278000 -0.145247 -0.281500
5.278000 -0.602876 -0.642978
5.512578 -0.908410 -0.880184
6.450889 -0.982629 0.260732
6.450889 -1.177001 -0.243207
5.395289 -0.697718 -1.326924
5.160711 0.211871 -1.021878
5.160711 0.688230 -0.988049
5.512578 0.307131 -1.191755
5.512578 -0.289483 -1.052900
5.512578 0.397162 -0.615775
5.278000 -0.108501 -0.941953
5.747156 -0.755475 -1.161276
5.864444 -1.016028 -1.008743
5.864444 -1.218567 -0.465046
5.160711 0.339030 -0.687252
5.160711 -0.435279 -0.847101
6.920044 -0.659288 0.611294
6.920044 -0.790759 1.252048
5.043422 0.377756 -1.198409
5.160711 0.129920 -0.177290
5.512578 -0.983617 -0.474332
5.512578 -0.133451 -0.312337
5.278000 -0.605415 -0.609667
5.278000 -0.407087 -0.769304
5.395289 -0.180514 -0.653703
5.629867 0.163692 -0.864244
5.981733 -0.207103 -0.115545
6.802755 -0.787184 0.849566
6.568178 -1.336072 0.179619
6.568178 -0.404717 0.459513
6.685467 -0.173835 0.850279
5.278000 0.601175 -0.427436
6.920044 -0.930772 1.258847
7.037333 -0.722621 0.599285
7.037333 -0.569157 0.737943
6.920044 -0.911690 0.417862
5.864444 -1.086588 -0.338157
5.864444 -1.015341 -0.296550
5.981733 -1.185519 -0.585180
5.864444 -1.097189 -0.483674
5.981733 -1.167355 -0.598816
5.278000 -0.109186 -1.097279
5.395289 -0.198760 -0.951561
5.512578 -0.831539 -0.720408
5.395289 -0.358868 -1.681630
5.629867 -0.162775 -0.697647
5.512578 -0.753740 -0.882628
5.160711 0.086301 -1.006130
5.278000 -0.452212 -1.136240
5.747156 -0.503195 -0.524383
5.864444 -0.084666 -0.559419
5.747156 -0.116028 -0.836378
5.629867 -0.189245 -1.000379
5.512578 0.227550 -0.293170
5.160711 0.422442 -0.351218
5.160711 0.372868 -0.781345
5.278000 0.298179 -0.887418
5.278000 0.058083 -0.454859
5.278000 0.154753 -0.696241
5.160711 0.812432 -1.102046
5.160711 0.765440 -0.368728
6.568178 -1.075086 0.666426
6.568178 -1.010498 0.250580
6.568178 -0.492208 0.047517
6.568178 -0.815356 0.024454
6.568178 -0.511702 0.684710
6.450889 -0.241177 0.151610
6.568178 -0.309250 0.420779
6.568178 -0.434458 0.084737
6.685467 -0.792440 0.388521
6.802755 -0.813679 1.100540
5.278000 0.301710 -0.602628
5.512578 -0.570725 -0.931529
5.512578 -0.954984 -0.980494
5.629867 -0.678949 -0.984514
5.747156 -0.337706 -1.190140
5.747156 -0.446417 -0.849590
5.864444 -0.184398 -0.682788
5.747156 -0.777126 -0.705193
5.629867 -0.347724 -0.240037
5.629867 -0.659416 -0.478659
5.629867 -0.975242 -0.315763
5.747156 -0.754369 -0.227731
5.747156 -0.305807 -0.426806
5.864444 -0.717259 -0.584573
5.278000 -0.025852 -1.118393
5.278000 -0.140827 -1.461674
5.278000 0.024003 -0.993832
5.629867 -0.353775 -0.348952
5.864444 -0.863534 -0.567151
5.981733 -0.637993 -0.087847
5.981733 -1.082265 -0.028331
5.864444 -0.455074 -0.641158
5.747156 -0.552304 -0.229090
5.747156 -0.669206 -0.310404
5.864444 -0.586157 -0.505388
6.099022 -0.712934 -0.409757
6.450889 -0.976419 0.269482
6.450889 -0.394885 0.404330
6.920044 -0.277073 0.956958
6.920044 -0.584172 0.976982
6.920044 -0.843909 1.030324
6.920044 -0.349361 0.554835
6.920044 -0.450474 0.670899
6.920044 -0.884295 1.235089
6.920044 -0.932210 0.869537
6.216311 -1.091331 -0.342457
6.333600 -0.726740 0.530533
6.099022 -0.824114 -0.010845
5.864444 -1.224217 -0.538295
5.981733 -0.778269 -0.467661
5.864444 -0.502298 -0.531528
5.864444 -0.271329 -0.677706
5.512578 -0.077833 -0.498138
5.512578 -0.244904 -0.287211
5.512578 -0.428832 -0.682652
5.512578 -0.688987 -0.862109
5.512578 -0.830167 -1.207092
5.864444 -0.434507 -0.958910
6.216311 -0.525616 0.107103
6.450889 -0.715292 -0.289549
6.450889 -1.307089 -0.042523
6.802755 -1.285376 0.478325
6.920044 -0.565802 0.381970
6.450889 -0.802956 0.290752
6.333600 -0.423485 0.194481
6.333600 -0.271013 0.143579
6.216311 -1.290411 -0.462452
6.216311 -0.979327 -0.655765
5.864444 -0.957748 -0.691138
5.864444 -0.264456 -0.677061
5.864444 -0.495002 -0.497074
5.864444 -0.844469 -0.232133
5.864444 -0.702221 -0.223597
5.864444 -0.925077 -0.517693
5.981733 -1.078803 -0.105534
5.160711 0.869156 -0.462339
5.395289 -0.156465 -1.502454
5.395289 -0.630341 -1.038610
5.512578 -0.965495 -0.813438
5.512578 -0.645315 -0.677624
5.395289 -0.282784 -1.199891
5.278000 0.077462 -0.873711
5.160711 0.546594 -0.797293
5.043422 0.716382 -0.748677
4.926133 0.410651 -1.138904
5.160711 -0.290274 -0.991109
5.160711 0.381394 -0.639607
5.043422 0.005622 -0.559282
5.043422 -0.050484 -0.457276
5.160711 -0.272051 -0.694627
5.160711 0.261794 -0.956203
5.160711 0.782421 -0.790572
5.160711 0.011517 -0.909040
5.278000 -0.466099 -0.566138
5.395289 -0.665912 -0.241319
6.920044 -0.859851 0.734851
7.037333 -0.710681 0.921174
6.802755 -0.076636 0.866722
5.629867 -1.060262 -0.572368
6.920044 -0.407003 0.543643
4.926133 0.877592 -0.429863
5.043422 0.101393 -0.405463
7.037333 -0.713482 0.787577
7.037333 -0.580305 0.574508
5.278000 0.382223 -0.641346
5.278000 -0.562340 -1.234185
5.160711 0.065551 -1.560825
5.160711 0.432444 -1.314446
5.278000 -0.128969 -1.684025
5.278000 -0.109995 -1.239104
5.278000 0.210360 -1.306576
5.395289 -0.464984 -1.269429
5.512578 -0.547106 -1.139940
5.512578 -0.144396 -1.156639
5.981733 -0.283783 -0.022556
6.685467 -1.103419 1.013161
6.216311 -1.193303 0.156375
6.099022 -0.880699 0.018132
6.099022 -0.562361 -0.499941
6.216311 -0.563372 -0.575593
6.333600 -0.357656 0.154088
5.278000 -0.621786 -1.388210
5.864444 -0.778950 -0.063808
5.747156 -0.649786 -0.074356
6.099022 -0.897721 0.153271
6.099022 -1.032530 -0.470856
5.864444 -0.828081 -0.521198
5.629867 -0.668786 -0.720648
5.512578 -0.106020 -1.181201
5.512578 0.073586 -0.631241
5.629867 -0.567697 -0.358450
5.864444 -0.887996 -0.498062
6.568178 -1.237478 0.548803
6.216311 -0.968561 -0.484203
6.216311 -0.451903 -0.307579
5.864444 -0.754787 -0.200692
5.512578 -0.151289 -0.681438
5.512578 -0.736714 -0.904182
5.160711 -0.052284 -0.205957
6.685467 -0.590531 0.276568
6.802755 -0.749902 0.849903
6.802755 -0.226168 1.158620
5.864444 -0.696394 -0.396449
5.864444 -0.184556 -0.550656
5.747156 -0.426076 -0.059247
5.747156 -0.418208 -0.087661
5.747156 -0.580090 -0.029899
5.864444 -0.179790 -0.034422
5.747156 -0.454549 0.026169
5.278000 -0.244684 -0.002634
5.278000 0.443117 -0.701312
5.278000 0.425071 -1.561698
5.278000 -0.307952 -1.663072
5.278000 -0.391212 -1.500599
5.278000 -0.248415 -1.398474
5.278000 0.199422 -0.967963
5.278000 0.698265 -1.035912
5.278000 0.542147 -0.620293
5.160711 0.530998 -0.292185
5.160711 0.065906 -0.319223
5.160711 0.120534 -0.769422
5.395289 -0.136823 -0.553272
5.512578 -0.369768 -0.489181
5.512578 -0.179857 -0.422060
5.512578 0.015838 -0.035166
6.450889 -0.430540 0.579628
6.450889 -0.805378 0.571161
6.568178 -1.026996 0.351015
6.685467 -1.025078 0.417858
6.568178 -0.738242 0.006321
6.685467 -0.751779 0.369327
6.802755 -0.054540 0.771595
6.920044 -0.765932 0.747317
5.864444 -1.112497 -0.585861
5.981733 -0.675552 -1.019277
5.981733 -0.793754 -0.796584
5.981733 -0.639624 -0.729265
6.216311 -0.943450 -0.502148
6.920044 -0.263677 0.706822
6.920044 -0.826399 1.033955
6.920044 -0.260072 0.970765
6.920044 -0.596117 0.797564
5.747156 -0.130217 -0.326891
5.629867 -0.031921 -0.204549
5.629867 -0.318489 -0.651873
5.981733 -0.602538 -0.724494
6.333600 -0.579684 0.481479
6.920044 -0.868623 1.255988
6.802755 -1.060042 1.084846
6.802755 -0.733415 0.788838
6.685467 -0.457838 0.950981
6.685467 -0.107057 0.685902
6.685467 -0.362886 0.309983
5.160711 0.035222 -0.105531
5.160711 -0.401763 -0.747602
5.747156 -0.967652 -1.046232
5.629867 -0.781676 -0.652834
5.864444 -0.787189 -0.333710
6.685467 -0.864932 0.167811
6.802755 -0.714726 0.259647
6.450889 -0.726674 0.403942
5.864444 -1.102567 -0.546326
5.747156 -0.653845 -0.564428
5.864444 -0.588212 -0.694082
5.864444 -0.988064 -0.341795
6.333600 -1.296788 -0.272026
6.333600 -1.290765 -0.358382
6.333600 -1.216750 0.061050
6.568178 -0.874183 0.702784
6.685467 -0.423445 0.953373
6.802755 -0.235881 1.115867
6.920044 -0.152938 1.247158
6.920044 -0.189973 1.205578
5.629867 -0.248787 -0.856188
5.512578 -0.297378 -1.180890
5.395289 -0.479727 -1.581138
5.278000 0.023421 -1.097580
5.278000 0.271612 -0.419435
5.395289 -0.342006 -1.688784
5.981733 -1.116777 -0.825836
6.216311 -1.273320 -0.439566
5.981733 -0.945384 -0.491060
6.568178 -0.623911 0.714399
6.685467 -0.196327 0.817155
6.802755 -0.094014 1.159210
6.920044 -0.347594 0.929970
7.037333 -0.401078 0.778552
5.160711 0.573685 -1.006473
5.512578 -0.584220 -0.540508
5.512578 -0.871098 -1.074400
5.629867 -0.597453 -1.008421
5.864444 -1.021665 -0.521407
5.864444 -0.803546 -0.215631
6.920044 -0.082789 1.003678
6.802755 -0.382508 0.738975
6.802755 -0.589642 0.715126
6.802755 -0.746149 0.476720
6.685467 -0.750786 0.779721
5.043422 0.664310 -1.185744
5.160711 0.580104 -1.438897
5.278000 0.787442 -0.865560
5.160711 0.105190 -1.625095
5.512578 0.401120 -0.789275
5.512578 -0.286112 -1.283530
5.747156 -0.660225 -0.942750
5.864444 -0.464913 -0.591637
5.864444 -0.646943 -0.232996
5.864444 -0.170015 -0.150585
6.802755 -0.422295 0.765005
6.685467 -0.549799 0.562794
6.685467 -1.011502 0.356624
6.099022 -1.354546 -0.306395
6.216311 -1.304648 -0.435455
6.099022 -1.196027 -0.132042
5.278000 -0.588582 -0.450543
5.160711 0.123297 -0.348462
5.160711 0.697582 -1.085455
5.160711 -0.168991 -1.418484
5.278000 -0.661434 -1.295527
5.512578 -0.524473 -1.338900
5.395289 -0.219200 -1.209154
5.395289 -0.031840 -1.287328
5.278000 0.146277 -1.111171
5.278000 -0.006363 -1.447132
5.278000 0.254935 -1.488024
5.278000 0.230259 -1.393288
5.278000 0.101773 -1.267077
5.278000 -0.492911 -0.596698
5.747156 -0.360137 -0.124126
6.568178 -1.087383 0.465955
5.512578 -0.932689 -0.350169
5.512578 -0.900442 -0.689359
5.395289 0.213192 -1.324469
5.395289 0.313026 -1.264761
5.395289 -0.159310 -0.635785
6.685467 -0.306411 0.338450
7.037333 -0.776126 1.011921
6.450889 -0.474865 0.557799
6.450889 -1.314732 0.230126
6.450889 -1.240685 0.090708
6.450889 -0.442433 0.129785
6.450889 -0.832674 -0.082112
5.747156 -0.628058 -1.063255
6.099022 -0.916350 -0.511744
6.568178 -0.918780 -0.125688
6.802755 -0.982277 0.197503
6.802755 -0.650001 0.449512
6.920044 -0.927866 1.067800
5.512578 -0.643710 -0.850553
5.629867 -0.059926 -1.006508
5.629867 0.024284 -0.987537
5.512578 -0.724430 -1.400947
5.160711 -0.046411 -1.555306
5.160711 0.328329 -0.475062
5.160711 -0.079469 -0.781289
5.278000 -0.075554 -0.941912
5.278000 0.459513 -1.139537
5.278000 0.365115 -0.766614
5.160711 0.361932 -0.223537
7.037333 -0.443748 0.680159
6.920044 -0.365160 0.657740
6.920044 -0.754626 0.798571
6.802755 -0.754860 0.602137
6.333600 -0.735715 0.165935
6.216311 -0.768736 0.212937
5.278000 -0.463977 -1.207465
5.278000 -0.206730 -0.939386
5.278000 -0.142958 -1.030340
5.278000 0.055677 -1.423992
5.278000 0.072248 -1.541862
5.278000 -0.257846 -1.346088
5.278000 0.123360 -1.398205
5.160711 -0.207787 -1.589470
5.395289 0.586251 -0.836991
6.685467 -0.092278 0.885533
5.160711 0.464146 -0.621945
5.043422 0.817618 -0.863422
