3 1863
0.255600 0.403074 1.198605
0.281847 0.446865 1.171473
0.311147 0.495858 1.147571
0.343867 0.550618 1.127360
0.380408 0.611748 1.111422
0.407105 0.656352 1.103522
0.637765 -0.385477 3.654128
0.595225 -0.393491 3.607834
0.554027 -0.400005 3.562412
0.514183 -0.405176 3.517878
0.475695 -0.409152 3.474240
0.438563 -0.412071 3.431498
0.402776 -0.414062 3.389646
0.368322 -0.415245 3.348674
0.335182 -0.415732 3.308566
0.303333 -0.415625 3.269306
0.243402 -0.414002 3.193241
0.188286 -0.411041 3.120301
0.137707 -0.407303 3.050292
0.091364 -0.403250 2.983025
0.048941 -0.399261 2.918315
0.010117 -0.395647 2.855994
-0.025429 -0.392657 2.795906
-0.058015 -0.390491 2.737917
-0.087946 -0.389310 2.681906
-0.115522 -0.389240 2.627772
-0.141024 -0.390381 2.575427
-0.164723 -0.392811 2.524802
-0.186875 -0.396593 2.475839
-0.207720 -0.401777 2.428492
-0.227484 -0.408406 2.382730
-0.255563 -0.421134 2.317011
-0.282345 -0.437300 2.254781
-0.308430 -0.457009 2.196056
-0.334364 -0.480372 2.140905
-0.360645 -0.507513 2.089443
-0.387734 -0.538571 2.041839
-0.416058 -0.573705 1.998318
-0.446017 -0.613085 1.959168
-0.477990 -0.656892 1.924745
-0.512335 -0.705309 1.895488
-0.549394 -0.758505 1.871922
-0.589490 -0.816623 1.854672
-0.618057 -0.858150 1.847038
-0.648193 -0.901915 1.842781
-0.679972 -0.947906 1.842170
-0.960715 -0.166523 3.635593
-0.900230 -0.138101 3.567664
-0.842143 -0.115321 3.499219
-0.786744 -0.097596 3.430745
-0.734244 -0.084349 3.362628
-0.340330 -0.115611 2.629072
-0.324808 -0.125623 2.576077
-0.311385 -0.136114 2.524295
-0.299939 -0.147043 2.473708
-0.290356 -0.158388 2.424302
-0.282529 -0.170142 2.376062
-0.273868 -0.188555 2.305865
-0.268641 -0.207977 2.238240
-0.266599 -0.228528 2.173176
-0.267538 -0.250370 2.110676
-0.271301 -0.273702 2.050763
-0.277778 -0.298751 1.993479
-0.286900 -0.325775 1.938891
-0.298644 -0.355054 1.887092
-0.313025 -0.386895 1.838206
-0.330100 -0.421626 1.792398
-0.349961 -0.459599 1.749876
-0.372739 -0.501183 1.710903
-0.398598 -0.546766 1.675807
-0.427735 -0.596746 1.644991
-0.460376 -0.651528 1.618952
-0.496774 -0.711507 1.598290
-0.523262 -0.754566 1.587855
-0.551628 -0.800201 1.580380
-0.745012 -1.099985 1.606404
-0.787597 -1.163328 1.626553
-0.950155 -0.004285 3.758404
-0.912686 0.013276 3.718393
-0.875940 0.028954 3.678346
-0.839970 0.042863 3.638350
-0.804822 0.055114 3.598483
-0.770536 0.065817 3.558809
-0.737147 0.075081 3.519384
-0.704680 0.083012 3.480256
-0.673158 0.089711 3.441465
-0.613006 0.099804 3.365017
-0.556763 0.106095 3.290231
-0.504435 0.109245 3.217217
-0.455970 0.109844 3.146028
-0.411273 0.108405 3.076672
-0.370214 0.105375 3.009127
-0.332635 0.101135 2.943350
-0.298361 0.096006 2.879285
-0.267205 0.090258 2.816870
-0.238970 0.084112 2.756038
-0.213460 0.077749 2.696725
-0.190476 0.071314 2.638866
-0.169826 0.064920 2.582402
-0.151323 0.058654 2.527276
-0.134786 0.052583 2.473436
-0.120047 0.046752 2.420834
-0.106943 0.041193 2.369426
-0.095324 0.035925 2.319171
-0.085050 0.030956 2.270031
-0.071879 0.024061 2.198340
-0.061049 0.017812 2.128977
-0.052214 0.012160 2.061850
-0.045076 0.007046 1.996872
-0.039377 0.002397 1.933965
-0.034899 -0.001860 1.873057
-0.031457 -0.005801 1.814079
-0.028900 -0.009500 1.756969
-0.027100 -0.013029 1.701666
-0.025954 -0.016459 1.648111
-0.025380 -0.019858 1.596249
-0.025313 -0.023293 1.546029
-0.025933 -0.028041 1.481533
-0.027293 -0.033119 1.419751
-0.029354 -0.038686 1.360574
-0.032109 -0.044902 1.303902
-0.035580 -0.051945 1.249641
-0.039820 -0.060007 1.197704
-0.044905 -0.069306 1.148014
-0.052614 -0.083051 1.088960
-0.062086 -0.099694 1.033206
-0.073675 -0.119928 0.980686
-0.087834 -0.144604 0.931389
-0.105129 -0.174765 0.885375
-0.126266 -0.211691 0.842815
-0.146522 -0.247148 0.811467
-0.170332 -0.288897 0.782805
-0.198335 -0.338069 0.757228
-0.222536 -0.380600 0.740408
-0.249879 -0.428669 0.725974
-0.280772 -0.482971 0.714352
-0.315672 -0.544267 0.706092
-0.341414 -0.589421 0.702794
0.309321 0.623681 2.772157
0.340678 0.626463 2.726314
0.369945 0.630929 2.682699
0.397433 0.637126 2.641243
0.435960 0.649727 2.583010
0.472030 0.666336 2.529456
0.506443 0.686958 2.480589
0.539904 0.711570 2.436494
0.573038 0.740124 2.397327
0.606387 0.772551 2.363309
0.640424 0.808758 2.334721
0.675554 0.848621 2.311903
0.712118 0.891977 2.295253
0.750393 0.938605 2.285218
0.790591 0.988214 2.282290
0.832858 1.040418 2.286995
0.877264 1.094718 2.299881
0.908055 1.131774 2.313286
0.939769 1.169253 2.330725
0.972361 1.206893 2.352342
0.785128 0.370164 3.136883
0.757317 0.368170 3.088404
0.731570 0.368390 3.040292
0.707913 0.370641 2.992685
0.686358 0.374758 2.945702
0.666902 0.380593 2.899444
0.641614 0.392283 2.831611
0.620919 0.407181 2.765872
0.604693 0.425007 2.702451
0.592798 0.445558 2.641555
0.585087 0.468704 2.583377
0.581420 0.494373 2.528116
0.581664 0.522548 2.475975
0.585703 0.553250 2.427178
0.593440 0.586536 2.381966
0.604796 0.622480 2.340615
0.619714 0.661174 2.303431
0.638152 0.702704 2.270760
0.660087 0.747150 2.242996
0.685506 0.794563 2.220577
0.714399 0.844954 2.203997
0.746760 0.898275 2.193801
0.782567 0.954397 2.190584
0.821782 1.013087 2.194987
0.864329 1.073982 2.207686
0.894486 1.115553 2.221103
0.926019 1.157675 2.238717
0.672735 0.312660 3.000499
0.648762 0.316618 2.950114
0.627060 0.322301 2.900538
0.607599 0.329556 2.851847
0.590339 0.338254 2.804110
0.575235 0.348284 2.757384
0.556503 0.365639 2.689305
0.542313 0.385572 2.623778
0.532478 0.407942 2.560954
0.526814 0.432678 2.500984
0.525157 0.459773 2.444028
0.527361 0.489269 2.390263
0.533307 0.521252 2.339889
0.542902 0.555837 2.293132
0.556080 0.593162 2.250257
0.572801 0.633379 2.211567
0.593049 0.676638 2.177413
0.616831 0.723084 2.148200
0.644168 0.772833 2.124392
0.675093 0.825966 2.106518
0.709642 0.882502 2.095174
0.747842 0.942378 2.091026
0.789705 1.005424 2.094803
0.819640 1.049069 2.102113
0.851175 1.093854 2.113540
0.560881 0.256403 2.862783
0.540731 0.264461 2.811291
0.522899 0.273789 2.760866
0.507314 0.284278 2.711544
0.493900 0.295841 2.663355
0.477689 0.315062 2.593257
0.465947 0.336414 2.525862
0.458441 0.359834 2.461261
0.454960 0.385330 2.399556
0.455321 0.412966 2.340866
0.459376 0.442858 2.285330
0.467009 0.475158 2.233116
0.478139 0.510050 2.184424
0.492722 0.547743 2.139493
0.510744 0.588457 2.098609
0.532225 0.632423 2.062110
0.557209 0.679862 2.030395
0.585766 0.730984 2.003932
0.617981 0.785965 1.983267
0.653951 0.844932 1.969029
0.693773 0.907938 1.961937
0.722504 0.952168 1.961577
0.753006 0.998127 1.965016
0.434469 0.189932 2.707043
0.418283 0.200363 2.655086
0.404299 0.211599 2.604320
0.392414 0.223583 2.554748
0.382533 0.236275 2.506374
0.371265 0.256601 2.436065
0.364011 0.278472 2.368480
0.360521 0.301947 2.303655
0.360584 0.327142 2.241642
0.364032 0.354216 2.182514
0.370739 0.383371 2.126369
0.380621 0.414838 2.073337
0.393636 0.448877 2.023579
0.409782 0.485772 1.977299
0.429096 0.525824 1.934748
0.451649 0.569346 1.896232
0.477547 0.616655 1.862126
0.506924 0.668069 1.832878
0.539939 0.723886 1.809025
0.576771 0.784375 1.791203
0.603539 0.827407 1.783039
0.632144 0.872659 1.778137
0.662644 0.920157 1.776777
0.695089 0.969900 1.779262
0.729528 1.021858 1.785923
0.766000 1.075959 1.797117
0.804533 1.132086 1.813226
0.845140 1.190067 1.834654
0.887814 1.249663 1.861820
0.932527 1.310561 1.895156
0.979218 1.372359 1.935095
1.027794 1.434561 1.982056
1.078119 1.496563 2.036434
1.103883 1.527268 2.066515
1.130010 1.557643 2.098575
1.156471 1.587581 2.132647
1.501219 0.651616 4.114009
1.470591 0.603998 4.099585
1.439062 0.558223 4.082573
1.406754 0.514388 4.063163
1.373785 0.472571 4.041544
1.340274 0.432826 4.017907
1.306337 0.395192 3.992438
1.272085 0.359688 3.965320
1.237627 0.326317 3.936729
1.203066 0.295068 3.906835
1.168502 0.265915 3.875800
1.134029 0.238822 3.843776
1.099734 0.213742 3.810908
1.065699 0.190619 3.777329
1.032002 0.169390 3.743163
0.998712 0.149985 3.708525
0.965895 0.132331 3.673518
0.933608 0.116351 3.638239
0.870831 0.089091 3.567198
0.810737 0.067555 3.495988
0.753594 0.051092 3.425072
0.699595 0.039076 3.354805
0.648864 0.030912 3.285453
0.601465 0.026054 3.217206
0.557410 0.024004 3.150195
0.516670 0.024315 3.084505
0.479181 0.026595 3.020184
0.444850 0.030503 2.957253
0.413565 0.035743 2.895715
0.385198 0.042068 2.835559
0.359610 0.049271 2.776765
0.336658 0.057180 2.719307
0.316195 0.065658 2.663157
0.298074 0.074599 2.608285
0.282153 0.083921 2.554663
0.268293 0.093565 2.502261
0.256363 0.103492 2.451054
0.246237 0.113681 2.401018
0.237801 0.124126 2.352131
0.228081 0.140287 2.280913
0.221599 0.157104 2.212184
0.218082 0.174690 2.145902
0.217305 0.193194 2.082040
0.219086 0.212797 2.020584
0.223294 0.233705 1.961537
0.229839 0.256153 1.904918
0.238673 0.280396 1.850766
0.249787 0.306713 1.799142
0.263214 0.335406 1.750135
0.279021 0.366800 1.703866
0.297313 0.401246 1.660491
0.318228 0.439118 1.620218
0.341942 0.480815 1.583306
0.368661 0.526757 1.550082
0.398626 0.577384 1.520955
0.432107 0.633149 1.496428
0.469404 0.694505 1.477120
0.496547 0.738733 1.467513
0.525630 0.785764 1.460818
0.556756 0.835708 1.457331
0.590029 0.888660 1.457383
0.625553 0.944692 1.461347
0.663429 1.003844 1.469639
0.703751 1.066117 1.482719
0.746606 1.131463 1.501090
0.792065 1.199770 1.525304
0.840180 1.270848 1.555954
0.890982 1.344412 1.593670
0.917390 1.382008 1.615384
0.944465 1.420066 1.639113
0.972200 1.458518 1.664942
1.000585 1.497282 1.692956
1.029606 1.536269 1.723239
1.059248 1.575379 1.755873
1.089487 1.614498 1.790937
1.120299 1.653505 1.828508
1.151653 1.692262 1.868656
1.183513 1.730621 1.911447
1.215838 1.768420 1.956936
1.248580 1.805486 2.005173
1.281686 1.841631 2.056193
1.315095 1.876655 2.110020
1.348742 1.910345 2.166665
1.382550 1.942480 2.226119
1.416439 1.972823 2.288357
1.450320 2.001134 2.353331
1.484095 2.027160 2.420973
1.517661 2.050645 2.491187
1.040107 -0.018002 3.907082
0.997966 -0.041797 3.864669
0.956460 -0.063226 3.822053
0.915669 -0.082418 3.779362
0.875662 -0.099506 3.736707
0.836500 -0.114622 3.694186
0.798235 -0.127899 3.651883
0.760913 -0.139465 3.609869
0.724569 -0.149448 3.568205
0.689236 -0.157972 3.526940
0.654935 -0.165154 3.486116
0.621684 -0.171110 3.445764
0.589494 -0.175948 3.405912
0.558372 -0.179772 3.366576
0.499334 -0.184762 3.289505
0.444532 -0.186797 3.214606
0.393872 -0.186506 3.141877
0.347215 -0.184431 3.071278
0.304391 -0.181040 3.002742
0.265203 -0.176726 2.936189
0.229437 -0.171818 2.871529
0.196870 -0.166592 2.808673
0.167273 -0.161271 2.747531
0.140419 -0.156037 2.688018
0.116082 -0.151036 2.630056
0.094042 -0.146383 2.573570
0.074089 -0.142167 2.518494
0.056019 -0.138457 2.464768
0.039641 -0.135303 2.412336
0.024775 -0.132744 2.361150
0.011249 -0.130805 2.311165
-0.001093 -0.129504 2.262342
-0.017711 -0.128776 2.191209
-0.032453 -0.129537 2.122503
-0.045726 -0.131800 2.056135
-0.057893 -0.135581 1.992025
-0.069275 -0.140898 1.930108
-0.080164 -0.147785 1.870326
-0.090821 -0.156286 1.812632
-0.101487 -0.166470 1.756989
-0.112385 -0.178423 1.703371
-0.123724 -0.192256 1.651760
-0.135708 -0.208109 1.602155
-0.148537 -0.226148 1.554567
-0.162412 -0.246571 1.509024
-0.177538 -0.269607 1.465578
-0.194130 -0.295521 1.424304
-0.212416 -0.324616 1.385307
-0.232639 -0.357233 1.348732
-0.255062 -0.393755 1.314768
-0.279970 -0.434607 1.283661
-0.307675 -0.480255 1.255729
-0.338516 -0.531206 1.231372
-0.372862 -0.588004 1.211096
-0.411114 -0.651220 1.195535
-0.438995 -0.697218 1.188160
-0.468937 -0.746500 1.183505
-0.501078 -0.799235 1.181886
-0.535560 -0.855578 1.183668
-0.572530 -0.915668 1.189266
-0.612130 -0.979619 1.199149
-0.654504 -1.047509 1.213847
-0.699788 -1.119366 1.233954
-0.748106 -1.195157 1.260130
-0.799568 -1.274764 1.293101
-0.826505 -1.315934 1.312381
-0.854259 -1.357966 1.333661
-0.882835 -1.400812 1.357051
-0.912235 -1.444415 1.382661
-0.942461 -1.488705 1.410605
-0.973508 -1.533604 1.441000
-1.005370 -1.579019 1.473963
-1.038037 -1.624844 1.509609
-1.071491 -1.670958 1.548057
-1.105712 -1.717224 1.589420
-1.140675 -1.763492 1.633809
-1.176345 -1.809589 1.681331
-1.212683 -1.855330 1.732083
-1.249642 -1.900507 1.786156
-1.287169 -1.944895 1.843627
-1.325198 -1.988250 1.904562
-1.363659 -2.030307 1.969007
-1.402470 -2.070787 2.036990
-0.748292 0.306920 3.731582
-0.704867 0.318698 3.684867
-0.662656 0.328677 3.638835
-0.621689 0.337020 3.593529
-0.581986 0.343883 3.548982
-0.543563 0.349413 3.505215
-0.506424 0.353750 3.462241
-0.470572 0.357024 3.420068
-0.435999 0.359359 3.378694
-0.402696 0.360869 3.338116
-0.370648 0.361660 3.298322
-0.310235 0.361476 3.221038
-0.254567 0.359508 3.146713
-0.203410 0.356350 3.075193
-0.156500 0.352499 3.006316
-0.113551 0.348369 2.939919
-0.074268 0.344299 2.875845
-0.038351 0.340566 2.813948
-0.005501 0.337394 2.754095
0.024575 0.334962 2.696168
0.052163 0.333414 2.640063
0.077537 0.332863 2.585689
0.100960 0.333400 2.532969
0.122680 0.335095 2.481837
0.142935 0.338006 2.432241
0.161944 0.342178 2.384136
0.179918 0.347650 2.337490
0.205363 0.358368 2.270204
0.229526 0.372192 2.206098
0.252961 0.389227 2.145164
0.276176 0.409588 2.087433
0.299635 0.433406 2.032978
0.323769 0.460836 1.981913
0.348983 0.492056 1.934398
0.375658 0.527269 1.890648
0.404163 0.566698 1.850935
0.434854 0.610587 1.815603
0.468079 0.659191 1.785075
0.504180 0.712763 1.759864
0.543493 0.771543 1.740589
0.571648 0.813726 1.731396
0.601469 0.858361 1.725416
0.633046 0.905480 1.722928
0.666465 0.955087 1.724238
0.701801 1.007163 1.729682
0.739123 1.061651 1.739627
0.778488 1.118448 1.754467
0.819935 1.177401 1.774624
0.863485 1.238291 1.800543
0.909136 1.300825 1.832684
0.956853 1.364620 1.871519
1.006569 1.429197 1.917513
1.058174 1.493965 1.971115
1.194261 1.651720 2.140933
1.222436 1.681632 2.181326
1.250833 1.710683 2.223911
1.279402 1.738724 2.268691
1.308086 1.765597 2.315656
1.336825 1.791137 2.364785
1.365553 1.815174 2.416045
1.394199 1.837533 2.469386
1.422687 1.858036 2.524743
1.450934 1.876501 2.582032
1.478855 1.892747 2.641155
1.506359 1.906593 2.701991
1.533350 1.917862 2.764403
1.559727 1.926381 2.828232
1.585389 1.931987 2.893300
1.610227 1.934525 2.959409
1.634134 1.933852 3.026341
1.656997 1.929844 3.093860
1.678707 1.922390 3.161713
1.699150 1.911403 3.229631
1.718215 1.896818 3.297330
1.735795 1.878594 3.364518
1.751782 1.856717 3.430890
1.766076 1.831201 3.496137
1.778579 1.802093 3.559950
1.789203 1.769466 3.622018
1.797863 1.733426 3.682037
1.804488 1.694110 3.739712
1.809013 1.651683 3.794760
1.811385 1.606339 3.846914
1.811561 1.558299 3.895928
1.809512 1.507806 3.941580
1.805221 1.455127 3.983672
1.798684 1.400543 4.022037
1.789909 1.344351 4.056537
1.778919 1.286857 4.087065
1.765750 1.228375 4.113550
1.750449 1.169219 4.135951
1.733077 1.109701 4.154261
1.713705 1.050127 4.168504
1.692417 0.990794 4.178734
1.669304 0.931985 4.185032
1.644469 0.873967 4.187508
1.618019 0.816991 4.186292
1.590071 0.761283 4.181536
1.560744 0.707051 4.173407
1.530165 0.654476 4.162089
1.498459 0.603718 4.147775
1.465756 0.554912 4.130665
1.432185 0.508167 4.110966
1.397876 0.463572 4.088885
1.362955 0.421192 4.064631
1.327548 0.381070 4.038408
1.291776 0.343229 4.010416
1.255755 0.307676 3.980849
1.219598 0.274398 3.949893
0.903766 0.069335 3.634600
0.839204 0.043615 3.560928
0.777598 0.023615 3.487441
0.719192 0.008632 3.414567
0.664155 -0.002002 3.342625
0.612582 -0.008910 3.271844
0.564509 -0.012662 3.202380
0.519923 -0.013771 3.134334
0.478768 -0.012690 3.067759
0.440956 -0.009816 3.002680
0.406371 -0.005494 2.939096
0.374880 -0.000014 2.876989
0.346337 0.006378 2.816333
0.320585 0.013477 2.757092
0.297464 0.021118 2.699228
0.276815 0.029169 2.642703
0.258477 0.037524 2.587478
0.242297 0.046108 2.533514
0.228127 0.054864 2.480777
0.215825 0.063754 2.429234
0.205258 0.072759 2.378854
0.196303 0.081872 2.329609
0.185646 0.095759 2.257816
0.178015 0.109962 2.188446
0.173117 0.124580 2.121436
0.170704 0.139745 2.056735
0.170577 0.155616 1.994302
0.172580 0.172372 1.934108
0.176601 0.190215 1.876138
0.182567 0.209364 1.820386
0.190442 0.230058 1.766864
0.200228 0.252554 1.715600
0.211962 0.277133 1.666643
0.225713 0.304095 1.620066
0.241584 0.333769 1.575971
0.259709 0.366507 1.534496
0.280257 0.402692 1.495822
0.303427 0.442737 1.460181
0.329454 0.487082 1.427871
0.358603 0.536197 1.399266
0.391172 0.590577 1.374834
0.427491 0.650731 1.355154
0.453964 0.694296 1.345023
0.482376 0.740804 1.337570
0.512843 0.790399 1.333081
0.545487 0.843212 1.331882
0.580429 0.899358 1.334341
0.617791 0.958926 1.340872
0.657691 1.021977 1.351940
0.700242 1.088523 1.368062
0.745549 1.158523 1.389811
0.793699 1.231865 1.417814
0.844760 1.308347 1.452749
0.871396 1.347674 1.473041
0.898772 1.387660 1.495342
0.926888 1.428246 1.519747
0.955740 1.469363 1.546356
0.985321 1.510931 1.575266
1.015622 1.552861 1.606576
1.046627 1.595049 1.640385
1.078319 1.637380 1.676788
1.110674 1.679726 1.715880
1.143663 1.721943 1.757749
1.177252 1.763875 1.802478
1.211401 1.805349 1.850143
1.246064 1.846176 1.900812
1.281186 1.886154 1.954540
1.316707 1.925063 2.011370
1.352557 1.962669 2.071329
1.388659 1.998725 2.134426
1.424928 2.032966 2.200650
1.461269 2.065120 2.269967
1.497580 2.094901 2.342319
1.533747 2.122014 2.417617
1.569650 2.146162 2.495744
1.605160 2.167040 2.576552
1.640136 2.184349 2.659857
1.674434 2.197790 2.745439
1.707898 2.207076 2.833044
1.740369 2.211933 2.922378
1.771680 2.212106 3.013112
1.801660 2.207365 3.104881
1.830137 2.197508 3.197287
1.856934 2.182370 3.289899
1.881877 2.161825 3.382259
1.904794 2.135793 3.473887
1.925516 2.104242 3.564285
1.943881 2.067194 3.652943
1.959736 2.024727 3.739347
1.972938 1.976973 3.822986
1.983357 1.924126 3.903359
1.990879 1.866433 3.979984
1.995406 1.804198 4.052408
1.996858 1.737776 4.120210
1.995178 1.667568 4.183012
1.990327 1.594016 4.240482
1.982290 1.517597 4.292343
1.971074 1.438813 4.338376
1.956708 1.358185 4.378420
1.939247 1.276245 4.412378
1.918763 1.193524 4.440213
1.895353 1.110548 4.461950
1.869131 1.027825 4.477671
1.840229 0.945842 4.487514
1.808798 0.865057 4.491665
1.774999 0.785894 4.490354
1.739007 0.708736 4.483850
1.701007 0.633925 4.472452
1.661189 0.561758 4.456484
1.619750 0.492485 4.436288
1.576888 0.426313 4.412218
1.532803 0.363402 4.384633
1.487691 0.303868 4.353892
1.441748 0.247789 4.320347
1.395162 0.195201 4.284344
1.348115 0.146108 4.246213
1.300783 0.100483 4.206270
1.253331 0.058268 4.164810
1.205916 0.019384 4.122110
1.158684 -0.016268 4.078425
1.111771 -0.048805 4.033990
1.065302 -0.078358 3.989015
1.019389 -0.105068 3.943692
0.974137 -0.129080 3.898188
0.929637 -0.150550 3.852655
0.885970 -0.169632 3.807221
0.843208 -0.186481 3.762000
0.801412 -0.201255 3.717088
0.760635 -0.214104 3.672566
0.720919 -0.225178 3.628500
0.682299 -0.234621 3.584947
0.644803 -0.242573 3.541949
0.608451 -0.249166 3.499541
0.573256 -0.254529 3.457748
0.539225 -0.258780 3.416588
0.506360 -0.262033 3.376072
0.474658 -0.264397 3.336207
0.414707 -0.266845 3.258428
0.359263 -0.266849 3.183217
0.308168 -0.265029 3.110500
0.261223 -0.261918 3.040175
0.218202 -0.257963 2.972125
0.178862 -0.253538 2.906231
0.142946 -0.248952 2.842373
0.110193 -0.244459 2.780435
0.080343 -0.240265 2.720312
0.053138 -0.236535 2.661905
0.028328 -0.233402 2.605126
0.005671 -0.230969 2.549895
-0.015063 -0.229318 2.496143
-0.034095 -0.228513 2.443809
-0.051633 -0.228604 2.392839
-0.067871 -0.229628 2.343188
-0.082995 -0.231616 2.294815
-0.103962 -0.236463 2.224582
-0.123339 -0.243613 2.157062
-0.141609 -0.253135 2.092191
-0.159209 -0.265108 2.029927
-0.176541 -0.279625 1.970250
-0.193971 -0.296800 1.913166
-0.211842 -0.316771 1.858703
-0.230478 -0.339708 1.806916
-0.250191 -0.365809 1.757893
-0.271283 -0.395308 1.711756
-0.294058 -0.428472 1.668672
-0.318820 -0.465604 1.628856
-0.345881 -0.507038 1.592585
-0.375564 -0.553137 1.560207
-0.408203 -0.604289 1.532155
-0.444145 -0.660897 1.508968
-0.470120 -0.701868 1.496531
-0.497833 -0.745561 1.486773
-0.527397 -0.792086 1.479955
-0.558923 -0.841542 1.476369
-0.592522 -0.894012 1.476346
-0.628305 -0.949557 1.480254
-0.666377 -1.008207 1.488507
-0.706834 -1.069953 1.501558
-0.749765 -1.134736 1.519907
-0.795243 -1.202435 1.544098
-0.843320 -1.272849 1.574714
-0.894025 -1.345688 1.612375
-0.920362 -1.382894 1.634049
-0.947351 -1.420545 1.657728
-0.974985 -1.458570 1.683496
-1.003253 -1.496888 1.711434
-1.032142 -1.535409 1.741625
-1.061634 -1.574031 1.774148
-1.091708 -1.612644 1.809079
-1.122338 -1.651124 1.846493
-1.153492 -1.689335 1.886458
-1.185136 -1.727129 1.929035
-1.217226 -1.764346 1.974278
-1.249717 -1.800814 2.022232
-1.282555 -1.836347 2.072931
-1.315678 -1.870746 2.126395
-1.349022 -1.903804 2.182632
-1.382510 -1.935300 2.241630
-1.416064 -1.965003 2.303362
-1.449592 -1.992674 2.367777
-1.483001 -2.018068 2.434804
-1.516186 -2.040934 2.504348
-1.549037 -2.061017 2.576286
-1.581436 -2.078065 2.650470
-1.613257 -2.091828 2.726721
-1.644372 -2.102060 2.804833
-1.674642 -2.108528 2.884569
-1.703927 -2.111012 2.965661
-1.732081 -2.109310 3.047814
-1.758957 -2.103242 3.130703
-1.784403 -2.092656 3.213978
-1.808271 -2.077428 3.297265
-1.830412 -2.057471 3.380169
-1.850677 -2.032734 3.462279
-1.868927 -2.003207 3.543171
-1.885024 -1.968926 3.622414
-1.898842 -1.929971 3.699576
-1.910261 -1.886466 3.774229
-1.919175 -1.838584 3.845956
-1.925490 -1.786544 3.914356
-1.929127 -1.730606 3.979051
-1.930021 -1.671072 4.039691
-1.928126 -1.608283 4.095963
-1.923413 -1.542608 4.147591
-1.915872 -1.474447 4.194340
-1.905511 -1.404220 4.236026
-1.892358 -1.332361 4.272510
-1.876459 -1.259313 4.303703
-1.857878 -1.185519 4.329568
-1.836696 -1.111420 4.350114
-1.813012 -1.037443 4.365399
-1.786938 -0.963999 4.375525
-1.758601 -0.891477 4.380635
-1.728140 -0.820238 4.380907
-1.695703 -0.750614 4.376554
-1.661448 -0.682903 4.367813
-1.625537 -0.617369 4.354945
-1.588139 -0.554237 4.338227
-1.549425 -0.493698 4.317948
-1.509567 -0.435904 4.294403
-1.468735 -0.380974 4.267890
-1.427099 -0.328991 4.238705
-1.384824 -0.280006 4.207139
-1.342072 -0.234043 4.173474
-1.298995 -0.191095 4.137982
-1.255744 -0.151133 4.100920
-1.212456 -0.114107 4.062530
-1.169265 -0.079948 4.023041
-1.126294 -0.048570 3.982662
-1.083657 -0.019876 3.941586
-1.041460 0.006244 3.899987
-0.999798 0.029906 3.858026
-0.958758 0.051232 3.815844
-0.918418 0.070350 3.773566
-0.878847 0.087387 3.731305
-0.840106 0.102474 3.689157
-0.802247 0.115738 3.647205
-0.765315 0.127309 3.605522
-0.729346 0.137308 3.564167
-0.694370 0.145858 3.523192
-0.660412 0.153074 3.482638
-0.627489 0.159070 3.442537
-0.595613 0.163951 3.402916
-0.535023 0.170772 3.325187
-0.478642 0.174288 3.249548
-0.426409 0.175160 3.176030
-0.378211 0.173967 3.104615
-0.333897 0.171206 3.035255
-0.293288 0.167303 2.967882
-0.256183 0.162615 2.902415
-0.222368 0.157440 2.838768
-0.191622 0.152025 2.776854
-0.163720 0.146570 2.716590
-0.138441 0.141238 2.657897
-0.115565 0.136157 2.600699
-0.094881 0.131427 2.544929
-0.076186 0.127127 2.490524
-0.059287 0.123313 2.437428
-0.044000 0.120029 2.385590
-0.030153 0.117304 2.334963
-0.017585 0.115160 2.285506
-0.000806 0.113058 2.213432
0.013892 0.112312 2.143794
0.026922 0.112931 2.076494
0.038649 0.114918 2.011447
0.049398 0.118276 1.948578
0.059459 0.123019 1.887821
0.069091 0.129171 1.829122
0.078528 0.136771 1.772429
0.087982 0.145878 1.717704
0.097653 0.156571 1.664913
0.107729 0.168951 1.614033
0.118390 0.183145 1.565052
0.129816 0.199304 1.517970
0.142186 0.217610 1.472799
0.160472 0.245729 1.415603
0.181233 0.278639 1.361995
0.198732 0.306889 1.324272
0.218141 0.338576 1.288820
0.239716 0.374086 1.255813
0.432324 0.694552 1.127572
0.462583 0.744738 1.123840
0.495102 0.798498 1.123147
0.530030 0.856002 1.125867
0.567519 0.917403 1.132430
0.607723 0.982826 1.143325
0.650791 1.052362 1.159103
0.696868 1.126051 1.180383
0.746090 1.203867 1.207857
0.771917 1.244293 1.224153
0.798573 1.285700 1.242289
0.826069 1.328059 1.262372
0.854413 1.371330 1.284512
0.883613 1.415464 1.308825
0.913672 1.460402 1.335428
0.944592 1.506074 1.364441
0.976369 1.552397 1.395988
1.008998 1.599276 1.430193
1.042467 1.646600 1.467182
1.076761 1.694242 1.507078
1.111859 1.742061 1.550004
1.147733 1.789897 1.596078
1.184350 1.837570 1.645416
1.221669 1.884882 1.698121
1.259642 1.931616 1.754292
1.298210 1.977533 1.814013
1.337310 2.022375 1.877354
1.376864 2.065861 1.944367
1.416788 2.107693 2.015082
1.456985 2.147552 2.089507
1.497348 2.185102 2.167622
1.537760 2.219992 2.249373
1.578090 2.251856 2.334674
1.618196 2.280319 2.423401
1.657927 2.305003 2.515387
1.697117 2.325523 2.610422
1.735593 2.341502 2.708251
1.773169 2.352571 2.808567
1.809652 2.358378 2.911018
1.844841 2.358595 3.015202
1.878527 2.352922 3.120669
1.910498 2.341099 3.226923
1.940541 2.322913 3.333426
1.968440 2.298201 3.439603
1.993983 2.266861 3.544850
2.016964 2.228858 3.648538
2.037183 2.184225 3.750022
2.054452 2.133073 3.848656
2.068599 2.075585 3.943795
2.079465 2.012023 4.034815
1.929463 0.954884 4.644511
1.894642 0.860999 4.649629
1.857004 0.769089 4.648199
1.816760 0.679643 4.640569
1.774134 0.593093 4.627127
1.729357 0.509810 4.608293
1.682669 0.430105 4.584512
1.634311 0.354226 4.556239
1.584524 0.282361 4.523938
1.533550 0.214644 4.488068
1.481623 0.151150 4.449078
1.428971 0.091909 4.407405
1.375815 0.036905 4.363463
1.322362 -0.013919 4.317643
1.268812 -0.060653 4.270310
1.215348 -0.103416 4.221802
1.162145 -0.142352 4.172424
1.109359 -0.177624 4.122455
1.057135 -0.209408 4.072142
1.005604 -0.237893 4.021704
0.954883 -0.263274 3.971333
0.905076 -0.285751 3.921195
0.856272 -0.305522 3.871431
0.808549 -0.322786 3.822159
0.761974 -0.337739 3.773478
0.716601 -0.350570 3.725468
-0.564185 -0.786815 1.823432
-0.899045 -1.264181 1.895167
-0.944124 -1.323916 1.929512
-0.991044 -1.384401 1.970472
-1.039708 -1.445112 2.018441
-1.089974 -1.505422 2.073783
-1.141652 -1.564593 2.136806
-1.167945 -1.593489 2.171274
-1.685592 -1.837550 3.290849
-1.701803 -1.820242 3.353012
-1.716525 -1.799628 3.414386
-1.729667 -1.775727 3.474697
-1.741145 -1.748582 3.533670
-1.750880 -1.718265 3.591031
-1.758798 -1.684870 3.646510
-1.764836 -1.648522 3.699848
-1.768937 -1.609369 3.750793
-1.771056 -1.567581 3.799111
-1.771155 -1.523355 3.844584
-1.769209 -1.476906 3.887014
-1.765203 -1.428466 3.926226
-1.759134 -1.378284 3.962068
-1.751011 -1.326621 3.994417
-1.740853 -1.273745 4.023174
-1.728692 -1.219932 4.048270
-1.714570 -1.165458 4.069664
-1.698541 -1.110600 4.087343
-1.680669 -1.055628 4.101322
-1.661026 -1.000806 4.111640
-1.639695 -0.946386 4.118363
-1.616765 -0.892609 4.121579
-1.592333 -0.839698 4.121395
-1.566502 -0.787861 4.117938
-1.539379 -0.737288 4.111350
-1.511076 -0.688146 4.101787
-1.481707 -0.640585 4.089413
-1.451388 -0.594733 4.074403
-1.420235 -0.550696 4.056935
-1.388365 -0.508564 4.037190
-1.355893 -0.468401 4.015352
-1.322932 -0.430259 3.991602
-1.289594 -0.394167 3.966117
-1.255986 -0.360139 3.939073
-1.222212 -0.328176 3.910636
-1.188370 -0.298263 3.880968
-1.154555 -0.270372 3.850222
-1.120856 -0.244467 3.818543
-1.087357 -0.220500 3.786067
-1.054136 -0.198416 3.752920
-1.021265 -0.178154 3.719219
-0.988811 -0.159645 3.685073
-0.925393 -0.127601 3.615832
-0.864302 -0.101681 3.545882
-0.805872 -0.081262 3.475779
-0.697931 -0.054463 3.336769
-0.648714 -0.046920 3.268455
-0.602762 -0.042571 3.201201
-0.560084 -0.040944 3.135138
-0.520650 -0.041613 3.070347
-0.484395 -0.044207 3.006878
-0.451230 -0.048400 2.944756
-0.421046 -0.053915 2.883986
-0.393719 -0.060516 2.824562
-0.369117 -0.068006 2.766467
-0.347100 -0.076226 2.709681
-0.239002 -0.188187 2.186642
-0.237669 -0.207588 2.122158
-0.239079 -0.228163 2.060149
-0.243089 -0.250118 2.000624
-0.249598 -0.273684 1.943613
-0.258550 -0.299118 1.889164
-0.269930 -0.326703 1.837353
-0.573458 0.146909 3.355303
-0.516155 0.151992 3.279402
-0.462946 0.154127 3.205510
0.017989 0.081119 1.965074
0.026571 0.082645 1.903358
0.034451 0.085239 1.843653
0.041847 0.088903 1.785899
0.048954 0.093648 1.730041
0.055946 0.099502 1.676027
0.062983 0.106511 1.623813
0.070213 0.114734 1.573359
0.077777 0.124253 1.524630
0.088620 0.139138 1.462298
0.100622 0.156807 1.402945
0.114117 0.177639 1.346558
0.129460 0.202094 1.293163
0.147040 0.230729 1.242836
0.167290 0.264210 1.195717
0.190706 0.303319 1.152032
0.217852 0.348976 1.112124
0.241046 0.388148 1.084960
0.267012 0.432104 1.060476
0.296092 0.481400 1.039032
0.328668 0.536640 1.021091
0.365158 0.598475 1.007236
0.391883 0.643699 1.000627
-0.190771 -0.454054 2.615850
-0.216298 -0.457291 2.566422
-0.240215 -0.462020 2.518795
-0.262779 -0.468291 2.472925
-0.294613 -0.480676 2.407350
-0.324696 -0.496733 2.345614
-0.353710 -0.516556 2.287729
-0.382269 -0.540233 2.233765
-0.410931 -0.567856 2.183852
-0.440204 -0.599523 2.138175
-0.470548 -0.635339 2.096982
-0.502390 -0.675411 2.060588
-0.536119 -0.719845 2.029378
-0.572093 -0.768731 2.003817
-0.610642 -0.822131 1.984453
-0.652061 -0.880061 1.971926
-0.681398 -0.921171 1.967732
-0.712195 -0.964227 1.967143
-0.744507 -1.009161 1.970418
-0.778379 -1.055877 1.977836
-0.813844 -1.104237 1.989688
-0.850916 -1.154065 2.006281
-0.889592 -1.205132 2.027928
-0.929844 -1.257152 2.054945
-0.971621 -1.309774 2.087643
-1.014841 -1.362579 2.126319
-1.059386 -1.415068 2.171241
-1.105102 -1.466661 2.222637
-1.151791 -1.516696 2.280680
-1.199208 -1.564425 2.345460
-1.247056 -1.609025 2.416976
-1.294988 -1.649600 2.495102
-1.318861 -1.668084 2.536566
-1.342599 -1.685202 2.579571
-1.366144 -1.700833 2.624057
-1.389432 -1.714851 2.669954
-1.412399 -1.727135 2.717180
-1.434977 -1.737562 2.765640
-1.457095 -1.746015 2.815227
-1.478679 -1.752380 2.865822
-1.499653 -1.756550 2.917292
-1.519941 -1.758423 2.969495
-1.539464 -1.757909 3.022272
-1.558143 -1.754927 3.075458
-1.575898 -1.749406 3.128874
-1.592650 -1.741290 3.182332
-1.608320 -1.730539 3.235637
-1.622832 -1.717124 3.288585
-1.636110 -1.701038 3.340969
-1.648084 -1.682289 3.392578
-1.658685 -1.660905 3.443197
-1.667849 -1.636930 3.492615
-1.675517 -1.610430 3.540622
-1.681637 -1.581490 3.587011
-1.686161 -1.550212 3.631585
-1.689050 -1.516717 3.674155
-1.690271 -1.481142 3.714543
-1.689798 -1.443641 3.752584
-1.687617 -1.404383 3.788130
-1.683718 -1.363547 3.821046
-1.678102 -1.321324 3.851219
-1.670779 -1.277914 3.878552
-1.661767 -1.233523 3.902969
-1.651092 -1.188360 3.924415
-1.638790 -1.142636 3.942854
-1.624905 -1.096562 3.958271
-1.609486 -1.050346 3.970671
-1.592594 -1.004189 3.980079
-1.554651 -0.912827 3.990100
-1.511665 -0.823926 3.988865
-1.464297 -0.738744 3.977127
-1.413262 -0.658324 3.955806
-1.359299 -0.583476 3.925934
-1.303153 -0.514772 3.888602
-1.245550 -0.452565 3.844910
-1.187185 -0.397001 3.795927
-1.128700 -0.348056 3.742660
-1.070684 -0.305559 3.686032
-1.013657 -0.269227 3.626870
-0.958071 -0.238694 3.565896
-0.904308 -0.213540 3.503730
-0.852683 -0.193311 3.440893
-0.803446 -0.177543 3.377817
-0.756784 -0.165776 3.314850
-0.712835 -0.157567 3.252273
-0.671683 -0.152498 3.190303
-0.633374 -0.150182 3.129108
-0.597916 -0.150267 3.068816
-0.565287 -0.152439 3.009520
-0.535440 -0.156419 2.951286
-0.508312 -0.161966 2.894164
-0.483821 -0.168874 2.838184
-0.461876 -0.176969 2.783368
-0.442380 -0.186106 2.729730
-0.425232 -0.196172 2.677276
-0.410328 -0.207075 2.626011
-0.397567 -0.218749 2.575940
-0.386850 -0.231147 2.527064
-0.378082 -0.244241 2.479387
-0.368391 -0.265165 2.410131
-0.362614 -0.287652 2.343612
-0.360516 -0.311784 2.279871
-0.361902 -0.337693 2.218968
-0.366622 -0.365557 2.160987
-0.374564 -0.395589 2.106037
-0.385662 -0.428032 2.054259
-0.399890 -0.463155 2.005830
-0.417260 -0.501250 1.960973
-0.437823 -0.542621 1.919958
-0.461663 -0.587585 1.883119
-0.488898 -0.636460 1.850855
-0.519671 -0.689556 1.823650
-0.592519 -0.809533 1.786817
-0.620354 -0.853854 1.780539
-0.650058 -0.900411 1.777683
-0.681687 -0.949215 1.778544
-0.715290 -1.000248 1.783442
-0.750910 -1.053456 1.792721
-0.788579 -1.108743 1.806754
-0.828318 -1.165959 1.825936
-0.870129 -1.224895 1.850680
-1.215019 -1.650331 2.214488
-1.242268 -1.678047 2.255065
-1.269674 -1.704792 2.297709
-1.297185 -1.730417 2.342410
-1.324741 -1.754773 2.389146
-1.352282 -1.777701 2.437882
-1.379738 -1.799041 2.488571
-1.407040 -1.818629 2.541151
-1.434109 -1.836298 2.595544
-1.460865 -1.851882 2.651656
-1.487223 -1.865215 2.709376
-1.513094 -1.876135 2.768575
-1.538384 -1.884484 2.829107
-1.562996 -1.890111 2.890807
-1.586833 -1.892875 2.953493
-1.609792 -1.892645 3.016965
-1.631770 -1.889306 3.081006
-1.652664 -1.882756 3.145384
-1.672370 -1.872913 3.209852
-0.749011 -0.050423 3.418767
-0.315000 -0.066971 2.658392
-0.297090 -0.075958 2.603641
-0.281366 -0.085321 2.550137
-0.267692 -0.095004 2.497851
-0.255936 -0.104969 2.446758
-0.245976 -0.115198 2.396834
-0.237695 -0.125683 2.348057
-0.228193 -0.141912 2.277002
0.170984 0.259737 1.475354
0.186964 0.284537 1.433418
0.204555 0.312399 1.393707
0.223992 0.343649 1.356348
0.245531 0.378657 1.321514
0.269449 0.417832 1.289428
0.296046 0.461627 1.260377
0.325652 0.510537 1.234730
0.358625 0.565093 1.212951
0.395353 0.625861 1.195621
0.422131 0.670111 1.186891
0.719726 1.151746 1.239786
-0.102656 -0.336716 2.536891
-0.124539 -0.338426 2.485737
-0.144945 -0.341359 2.436127
-0.164098 -0.345561 2.388017
-0.182206 -0.351070 2.341373
-0.207841 -0.361861 2.274106
-0.232182 -0.375777 2.210036
-0.255790 -0.392923 2.149158
-0.279173 -0.413415 2.091504
-0.302799 -0.437383 2.037147
-0.327103 -0.464982 1.986204
-0.352490 -0.496388 1.938840
-0.379344 -0.531803 1.895271
-0.408035 -0.571448 1.855775
-0.438919 -0.615565 1.820699
-0.472346 -0.664403 1.790472
-0.508657 -0.718212 1.765614
-0.548186 -0.777224 1.746748
-0.576488 -0.819554 1.737862
-0.606457 -0.864329 1.732219
-0.638183 -0.911572 1.730099
-0.689246 -0.987065 1.734208
-0.725710 -1.040428 1.742308
-0.764184 -1.096125 1.755139
-0.804714 -1.154022 1.773107
-0.847327 -1.213927 1.796647
-0.892029 -1.275575 1.826209
-0.938799 -1.338621 1.862256
-0.987582 -1.402625 1.905253
-1.038285 -1.467041 1.955651
-1.064314 -1.499202 1.983759
-1.090767 -1.531208 2.013873
-1.117617 -1.562957 2.046035
-1.144835 -1.594339 2.080286
-1.172387 -1.625234 2.116659
-1.200236 -1.655515 2.155181
-0.965354 -0.102864 3.698268
-0.931749 -0.086308 3.661837
-0.898755 -0.071424 3.625244
-0.866421 -0.058124 3.588568
-0.803902 -0.035920 3.515250
-0.715979 -0.012296 3.406194
-0.661528 -0.002029 3.334593
-0.610527 0.004576 3.264148
-0.563006 0.008077 3.195011
-0.518950 0.008977 3.127279
-0.478301 0.007722 3.061006
-0.440969 0.004701 2.996214
-0.406841 0.000250 2.932903
-0.375782 -0.005345 2.871056
-0.347647 -0.011844 2.810647
-0.322281 -0.019048 2.751642
-0.299526 -0.026795 2.694004
-0.279224 -0.034956 2.637696
-0.261217 -0.043431 2.582680
-0.245353 -0.052144 2.528920
-0.231487 -0.061043 2.476381
-0.219479 -0.070092 2.425031
-0.209198 -0.079273 2.374841
-0.200523 -0.088581 2.325785
-0.190281 -0.102800 2.254274
-0.183065 -0.117387 2.185187
-0.178588 -0.132447 2.118466
-0.176610 -0.148117 2.054062
-0.176938 -0.164560 1.991940
-0.179425 -0.181963 1.932075
-0.183963 -0.200533 1.874456
-0.190488 -0.220497 1.819085
-0.198972 -0.242101 1.765982
-0.209422 -0.265612 1.715183
-0.221884 -0.291317 1.666747
-0.236435 -0.319530 1.620761
-0.253186 -0.350587 1.577343
-0.272282 -0.384853 1.536647
-0.293898 -0.422721 1.498879
-0.318246 -0.464611 1.464298
-0.345567 -0.510976 1.433233
-0.376138 -0.562289 1.406098
-0.410265 -0.619046 1.383407
-0.448287 -0.681753 1.365796
-0.475978 -0.727110 1.357256
0.007051 0.216936 2.487064
0.025597 0.215900 2.434791
0.042663 0.215722 2.383859
0.058441 0.216440 2.334225
0.073111 0.218083 2.285847
0.093401 0.222331 2.215567
0.112093 0.228780 2.147949
0.129658 0.237496 2.082926
0.146521 0.248549 2.020450
0.163071 0.262026 1.960495
0.179664 0.278031 1.903056
1.564975 2.087386 2.582505
1.597931 2.104228 2.658977
1.630276 2.117632 2.737548
1.661872 2.127344 2.817998
1.692579 2.133122 2.900074
1.722248 2.134739 2.983494
1.750729 2.131990 3.067944
1.777867 2.124691 3.153080
1.803506 2.112688 3.238532
1.827491 2.095861 3.323906
1.849667 2.074127 3.408786
1.869884 2.047442 3.492739
1.887995 2.015806 3.575323
1.903861 1.979268 3.656087
1.917352 1.937923 3.734581
1.928347 1.891915 3.810362
1.936738 1.841436 3.882998
1.942433 1.786727 3.952078
1.945352 1.728074 4.017215
1.945434 1.665803 4.078057
1.942635 1.600280 4.134286
1.936932 1.531901 4.185630
1.928319 1.461092 4.231862
1.916811 1.388297 4.272803
1.902442 1.313971 4.308328
1.885266 1.238581 4.338364
1.865356 1.162587 4.362889
1.842803 1.086446 4.381934
1.817712 1.010598 4.395577
1.790207 0.935464 4.403942
1.760424 0.861439 4.407194
1.728509 0.788888 4.405535
1.694621 0.718145 4.399200
1.658925 0.649505 4.388448
1.621593 0.583226 4.373559
1.582800 0.519529 4.354829
1.542724 0.458594 4.332565
1.501543 0.400563 4.307078
1.459433 0.345544 4.278677
1.416568 0.293606 4.247672
1.373117 0.244789 4.214362
1.329245 0.199101 4.179036
1.285107 0.156523 4.141972
1.240854 0.117014 4.103431
1.196627 0.080509 4.063659
1.152558 0.046927 4.022882
1.108770 0.016170 3.981311
-0.260802 -0.398820 1.367454
-0.285692 -0.439269 1.335033
-0.313324 -0.484435 1.305848
-0.366390 -0.571536 1.265516
-0.403041 -0.631753 1.247179
-0.429729 -0.675555 1.237817
-0.458367 -0.722474 1.231035
-1.687493 -0.520940 4.529977
-1.643080 -0.447077 4.507161
-1.597164 -0.376710 4.480240
-1.549964 -0.310005 4.449625
-1.501699 -0.247076 4.415722
-1.452582 -0.187992 4.378929
-1.402819 -0.132778 4.339634
-1.352611 -0.081422 4.298205
-1.302147 -0.033876 4.254990
-1.251607 0.009937 4.210316
-1.201160 0.050122 4.164483
-1.150963 0.086803 4.117768
-1.101160 0.120123 4.070422
-1.051884 0.150236 4.022670
-1.003255 0.177308 3.974712
-0.955380 0.201512 3.926724
-0.908354 0.223023 3.878860
-0.862263 0.242019 3.831252
-0.817177 0.258676 3.784014
0.164058 0.318394 2.288907
0.187491 0.328949 2.222117
0.209837 0.342445 2.158340
0.231608 0.358985 2.097567
0.253271 0.378686 2.039824
0.275257 0.401687 1.985172
0.297970 0.428148 1.933711
0.321787 0.458261 1.885582
0.347072 0.492242 1.840977
0.374177 0.530336 1.800142
0.403447 0.572811 1.763389
0.435225 0.619953 1.731106
0.469852 0.672058 1.703770
0.507670 0.729419 1.681958
0.534822 0.770716 1.670824
0.563643 0.814541 1.662691
0.594230 0.860954 1.657826
0.195359 0.001134 2.510589
0.180777 0.008686 2.457654
0.167981 0.016194 2.405914
0.156828 0.023637 2.355333
0.147186 0.031007 2.305876
0.135291 0.041937 2.233734
0.126151 0.052756 2.163960
0.119446 0.063545 2.096472
0.114902 0.074406 2.031197
0.112293 0.085461 1.968071
0.111434 0.096849 1.907037
0.112181 0.108720 1.848045
0.687837 -0.344259 3.683757
0.289663 -0.383661 3.218568
0.233633 -0.381411 3.144403
0.182162 -0.378079 3.073121
0.134971 -0.374160 3.004547
0.091766 -0.370061 2.938507
0.052239 -0.366119 2.874839
0.016081 -0.362606 2.813389
-0.017014 -0.359743 2.754023
-0.047348 -0.357705 2.696618
-0.075213 -0.356634 2.641068
-0.100888 -0.356640 2.587284
-0.535551 -0.750454 1.801254
-0.213662 -0.168891 2.146272
-0.212608 -0.187028 2.082202
-0.214093 -0.206216 2.020523
-0.217982 -0.226660 1.961234
-0.224179 -0.248589 1.904350
-0.235950 -0.280577 1.832305
-0.869696 -1.316812 1.567251
0.069071 0.148806 1.987669
0.080979 0.155241 1.926132
0.092486 0.163361 1.866757
0.103860 0.173229 1.809503
0.115349 0.184923 1.754341
0.127182 0.198549 1.701253
0.139581 0.214237 1.650234
0.152758 0.232145 1.601296
0.166926 0.252463 1.554467
0.294399 0.454533 1.312723
0.323157 0.501694 1.285105
0.444435 0.701083 1.223735
0.474282 0.749979 1.218676
0.506300 0.802262 1.216669
0.540625 0.858080 1.218073
0.577399 0.917564 1.223295
0.616762 0.980819 1.232798
0.658851 1.047913 1.247102
0.751717 1.193635 1.292499
0.802717 1.272096 1.324946
0.829397 1.312645 1.343934
0.856875 1.354022 1.364900
0.885155 1.396180 1.387948
0.914240 1.439060 1.413186
0.944129 1.482595 1.440724
0.974818 1.526706 1.470674
1.006300 1.571300 1.503150
1.038563 1.616274 1.538262
1.071592 1.661507 1.576124
1.105364 1.706867 1.616845
1.139852 1.752203 1.660531
1.175025 1.797349 1.707282
1.210842 1.842121 1.757193
1.247258 1.886319 1.810347
1.284217 1.929721 1.866819
1.321657 1.972092 1.926667
1.359508 2.013174 1.989936
1.397689 2.052695 2.056650
1.436110 2.090365 2.126810
1.474672 2.125878 2.200395
1.513265 2.158915 2.277354
1.551769 2.189145 2.357604
1.590054 2.216230 2.441032
1.627978 2.239827 2.527483
1.665392 2.259589 2.616768
1.702134 2.275174 2.708654
1.738037 2.286251 2.802867
1.772921 2.292500 2.899088
1.806605 2.293622 2.996955
1.838896 2.289345 3.096067
1.869602 2.279431 3.195978
1.898526 2.263679 3.296207
1.925473 2.241936 3.396240
1.950246 2.214100 3.495532
1.972657 2.180127 3.593519
1.992521 2.140033 3.689621
2.009666 2.093901 3.783252
2.023928 2.041880 3.873830
2.035161 1.984186 3.960783
2.043234 1.921103 4.043562
2.048036 1.852979 4.121650
2.049478 1.780223 4.194570
2.047494 1.703298 4.261894
2.042041 1.622714 4.323252
2.033103 1.539021 4.378337
2.020691 1.452800 4.426910
2.004839 1.364650 4.468803
1.985611 1.275180 4.503921
1.963092 1.185000 4.532243
1.937393 1.094706 4.553818
1.908648 1.004876 4.568762
1.877009 0.916058 4.577254
1.842646 0.828763 4.579529
1.805746 0.743460 4.575870
1.766508 0.660569 4.566604
1.725140 0.580460 4.552090
1.681859 0.503448 4.532712
1.636885 0.429795 4.508873
1.590440 0.359710 4.480984
1.542746 0.293347 4.449459
1.494023 0.230814 4.414709
1.444485 0.172169 4.377135
1.394338 0.117430 4.337124
1.343783 0.066576 4.295045
1.293009 0.019550 4.251245
1.242195 -0.023731 4.206048
1.191509 -0.063378 4.159754
1.141106 -0.099521 4.112636
1.091129 -0.132308 4.064942
1.041710 -0.161899 4.016892
0.992967 -0.188462 3.968684
0.945004 -0.212174 3.920490
0.897917 -0.233212 3.872461
0.851786 -0.251756 3.824725
0.806683 -0.267986 3.777390
0.762667 -0.282075 3.730548
0.719788 -0.294196 3.684274
0.678087 -0.304514 3.638627
0.637594 -0.313188 3.593654
0.598333 -0.320371 3.549392
0.560320 -0.326207 3.505864
0.523562 -0.330834 3.463089
0.488062 -0.334380 3.421074
0.453817 -0.336968 3.379824
0.420818 -0.338709 3.339336
0.389051 -0.339710 3.299602
0.329143 -0.339876 3.222357
0.273916 -0.338164 3.147976
0.223146 -0.335168 3.076323
0.176583 -0.331385 3.007245
0.133954 -0.327231 2.940589
0.094971 -0.323046 2.876208
0.059346 -0.319110 2.813961
0.026787 -0.315650 2.753719
-0.002991 -0.312849 2.695367
-0.030268 -0.310851 2.638802
-0.055312 -0.309772 2.583935
-0.172172 -0.326600 2.286818
-0.195791 -0.337758 2.220486
-0.218385 -0.351914 2.157199
-0.240464 -0.369171 2.096956
-0.262499 -0.389653 2.039789
-0.284920 -0.413498 1.985771
-0.308132 -0.440873 1.935011
-0.332516 -0.471970 1.887665
-0.358436 -0.507010 1.843940
-0.386247 -0.546236 1.804100
-0.416294 -0.589917 1.768477
-0.448923 -0.638333 1.737484
-0.484474 -0.691773 1.711624
-0.523287 -0.750515 1.691506
-0.551142 -0.792747 1.681640
-0.580694 -0.837511 1.674896
-0.612038 -0.884854 1.671555
-0.645266 -0.934802 1.671923
-0.680463 -0.987355 1.676342
-0.717706 -1.042482 1.685185
-0.757061 -1.100107 1.698856
-0.798582 -1.160102 1.717791
-0.842304 -1.222279 1.742455
-0.888237 -1.286373 1.773335
-0.936367 -1.352033 1.810933
-0.986643 -1.418806 1.855756
-1.038974 -1.486127 1.908302
-1.065869 -1.519782 1.937618
-1.093221 -1.553304 1.969038
-1.836835 -1.608581 3.899893
-1.836033 -1.556912 3.949608
-1.832879 -1.502765 3.995655
-1.827362 -1.446437 4.037836
-1.819484 -1.388240 4.075987
-1.809259 -1.328500 4.109978
-1.796719 -1.267552 4.139712
-1.781907 -1.205735 4.165131
-1.764881 -1.143388 4.186213
-1.745711 -1.080845 4.202968
-1.724481 -1.018430 4.215443
-1.701283 -0.956457 4.223716
-1.676222 -0.895220 4.227893
-1.649410 -0.834997 4.228108
-1.620968 -0.776042 4.224518
-1.591021 -0.718586 4.217299
-1.559701 -0.662835 4.206644
-1.527142 -0.608969 4.192760
-1.493482 -0.557140 4.175861
-1.458858 -0.507475 4.156171
-1.423408 -0.460075 4.133914
-1.387268 -0.415016 4.109314
-1.350571 -0.372350 4.082594
-1.313448 -0.332107 4.053972
-1.276026 -0.294296 4.023660
-1.238424 -0.258908 3.991859
-1.200758 -0.225916 3.958763
-1.163139 -0.195280 3.924555
-1.125668 -0.166945 3.889404
-1.088443 -0.140846 3.853471
-1.051552 -0.116909 3.816902
-1.015078 -0.095052 3.779832
-0.979096 -0.075188 3.742383
-0.943674 -0.057224 3.704667
-0.908874 -0.041067 3.666784
-0.874751 -0.026617 3.628822
-0.841353 -0.013780 3.590860
-0.808721 -0.002456 3.552969
-0.776892 0.007450 3.515208
-0.686494 0.029592 3.403194
-0.630657 0.038924 3.329944
-0.578454 0.044676 3.258075
-0.529895 0.047432 3.187708
-0.484941 0.047713 3.118914
-0.443512 0.045978 3.051723
-0.405495 0.042625 2.986134
-0.370757 0.037995 2.922127
-0.339145 0.032376 2.859669
-0.310493 0.026011 2.798716
-0.284632 0.019097 2.739223
-0.261388 0.011797 2.681141
-0.240587 0.004237 2.624423
-0.222060 -0.003481 2.569022
-0.205643 -0.011284 2.514895
-0.191178 -0.019118 2.461999
-0.178516 -0.026948 2.410298
-0.167518 -0.034754 2.359755
-0.158053 -0.042527 2.310338
-0.146468 -0.054139 2.238260
-0.137698 -0.065739 2.168560
-0.131429 -0.077411 2.101159
-0.127394 -0.089265 2.035987
-0.125373 -0.101432 1.972986
-0.125189 -0.114061 1.912104
-0.126703 -0.127314 1.853297
1.107038 1.558302 2.014222
1.134479 1.590468 2.048143
1.162282 1.622202 2.084217
1.187143 0.236468 3.929100
1.150563 0.207186 3.895531
1.114150 0.180103 3.861065
1.077995 0.155158 3.825852
1.042182 0.132279 3.790029
1.006789 0.111387 3.753724
0.971887 0.092401 3.717051
0.937541 0.075231 3.680117
0.332237 0.499239 1.372753
0.362788 0.550506 1.346477
0.396899 0.607335 1.324515
-0.120381 -0.266323 2.270871
-0.141814 -0.274086 2.202652
-0.162001 -0.284428 2.137231
-0.181423 -0.297436 2.074570
-0.200518 -0.313210 2.014658
-0.219691 -0.331869 1.957512
-0.239316 -0.353558 1.903177
-0.259745 -0.378448 1.851732
-0.281318 -0.406743 1.803290
-0.816805 -1.216500 1.620753
-0.011168 0.033267 1.899697
-0.005686 0.031892 1.839843
-0.000962 0.031113 1.781891
0.003163 0.030891 1.725776
0.006829 0.031195 1.671440
0.010153 0.032002 1.618826
0.013238 0.033297 1.567879
0.017134 0.035774 1.502454
0.020950 0.039122 1.439786
0.024848 0.043380 1.379764
0.028976 0.048618 1.322285
0.033475 0.054938 1.267253
0.038486 0.062475 1.214581
0.044152 0.071401 1.164190
0.052399 0.084843 1.104304
0.062262 0.101316 1.047768
0.074148 0.121478 0.994514
0.088542 0.146155 0.944530
0.106037 0.176371 0.897877
0.127353 0.213396 0.854727
0.147746 0.248957 0.822944
0.171693 0.290829 0.793882
0.199834 0.340138 0.767943
0.224141 0.382780 0.750880
0.251593 0.430965 0.736228
0.282598 0.485384 0.724416
0.317613 0.546797 0.715999
0.343433 0.592028 0.712614
-0.304734 -0.618322 2.768207
-0.335972 -0.621116 2.722159
-0.365129 -0.625591 2.678329
-0.392517 -0.631794 2.636647
-0.430908 -0.644400 2.578056
-0.466859 -0.661013 2.524122
-0.501166 -0.681643 2.474855
-0.534535 -0.706271 2.430339
-0.567590 -0.734854 2.390730
-0.600874 -0.767331 2.356248
-0.634862 -0.803616 2.327178
-0.669961 -0.843593 2.303859
-0.706515 -0.887108 2.286693
-0.744805 -0.933951 2.276129
-0.785049 -0.983841 2.272666
-0.827398 -1.036404 2.276841
-0.871929 -1.091153 2.289211
-0.902832 -1.128562 2.302287
-0.934682 -1.166444 2.319416
-0.967437 -1.204536 2.340748
-0.769495 -0.362305 3.117765
-0.742236 -0.361258 3.068989
-0.717078 -0.362355 3.020653
-0.694040 -0.365416 2.972887
-0.673125 -0.370279 2.925800
-0.654322 -0.376802 2.879488
-0.630028 -0.389428 2.811652
-0.610329 -0.405164 2.745989
-0.595090 -0.423749 2.682713
-0.584164 -0.445001 2.622020
-0.577402 -0.468806 2.564099
-0.574658 -0.495111 2.509145
-0.575804 -0.523911 2.457360
-0.580724 -0.555243 2.408968
-0.589325 -0.589174 2.364216
-0.601533 -0.625791 2.323381
-0.617296 -0.665190 2.286778
-0.636578 -0.707467 2.254762
-0.659361 -0.752703 2.227735
-0.685637 -0.800952 2.206149
-0.715403 -0.852224 2.190512
-0.748654 -0.906465 2.181385
-0.785372 -0.963537 2.179380
-0.825520 -1.023191 2.185157
-0.854153 -1.064212 2.193673
-0.884242 -1.106059 2.206166
-0.915741 -1.148542 2.222846
-0.660160 -0.305503 2.986183
-0.636545 -0.309978 2.935579
-0.615218 -0.316127 2.885820
-0.596142 -0.323802 2.836978
-0.579273 -0.332877 2.789117
-0.564560 -0.343247 2.742289
-0.546411 -0.361049 2.674093
-0.532794 -0.381367 2.608482
-0.523512 -0.404074 2.545601
-0.518381 -0.429114 2.485595
-0.517233 -0.456490 2.428620
-0.519925 -0.486257 2.374851
-0.526339 -0.518511 2.324484
-0.536385 -0.553377 2.277746
-0.550000 -0.591003 2.234903
-0.567150 -0.631549 2.196258
-0.587823 -0.675176 2.162167
-0.612033 -0.722034 2.133038
-0.639807 -0.772250 2.109342
-0.671184 -0.825911 2.091615
-0.706206 -0.883042 2.080465
-0.744908 -0.943587 2.076568
-0.772764 -0.985769 2.078366
-0.802262 -1.029314 2.083956
-0.833390 -1.074105 2.093585
-0.540735 -0.250861 2.831074
-0.521678 -0.259646 2.779762
-0.504915 -0.269615 2.729549
-0.490370 -0.280671 2.680464
-0.477964 -0.292738 2.632533
-0.463197 -0.312622 2.562853
-0.452816 -0.334552 2.495906
-0.446588 -0.358494 2.431778
-0.444306 -0.384481 2.370567
-0.445794 -0.412601 2.312391
-0.450911 -0.442986 2.257390
-0.459552 -0.475809 2.205733
-0.471647 -0.511266 2.157624
-0.487162 -0.549581 2.113310
-0.506097 -0.590985 2.073082
-0.528481 -0.635719 2.037289
-0.573620 -0.718301 1.988640
-0.605544 -0.772999 1.966886
-0.322610 -0.462687 1.519455
-0.349121 -0.508000 1.486756
-0.378823 -0.558065 1.457969
-0.412005 -0.613358 1.433584
-0.504786 -0.765411 1.397456
0.007669 0.182789 2.398857
0.023169 0.182069 2.348400
0.037449 0.182149 2.299177
0.056941 0.183815 2.227574
0.074571 0.187387 2.158558
0.090799 0.192912 2.092042
0.106041 0.200438 2.027958
0.120672 0.210021 1.966255
0.135032 0.221736 1.906899
0.149434 0.235675 1.849869
0.233807 0.355517 1.408305
0.255800 0.390889 1.372446
0.359153 0.559862 1.268010
0.395025 0.618818 1.248736
0.687361 1.091464 1.266190
-0.086594 -0.304680 2.497926
-0.106879 -0.306228 2.447045
-0.125792 -0.308928 2.397627
-0.143542 -0.312820 2.349631
-1.137983 -1.610612 2.014129
-0.722521 0.029151 3.455685
-0.726942 -1.167067 1.223922
-0.777528 -1.246150 1.254665
0.405664 0.597220 1.470212
0.441112 0.655895 1.448573
0.773034 1.180111 1.482244
0.820896 1.251618 1.511361
0.871511 1.325845 1.547441
-0.036451 -0.160541 2.228512
-0.053277 -0.162564 2.159005
-0.068579 -0.166347 2.091944
-0.082760 -0.171925 2.027254
-0.096182 -0.179338 1.964871
-0.109172 -0.188638 1.904748
-0.122030 -0.199896 1.846850
-0.135028 -0.213206 1.791155
-0.148427 -0.228684 1.737657
-0.162470 -0.246476 1.686367
-0.177396 -0.266758 1.637312
-0.193443 -0.289736 1.590544
-0.210849 -0.315655 1.546141
-0.229859 -0.344791 1.504212
-0.250731 -0.377463 1.464907
-0.273736 -0.414024 1.428420
-0.299164 -0.454870 1.395003
-0.327323 -0.500433 1.364980
-0.358549 -0.551180 1.338755
-0.393199 -0.607609 1.316840
-0.431658 -0.670236 1.299867
-0.459615 -0.715690 1.291676
0.048025 0.263161 2.493867
0.067557 0.263459 2.442179
0.085659 0.264773 2.391894
0.102532 0.267142 2.342969
0.118365 0.270600 2.295368
0.140550 0.277886 2.226385
0.161343 0.287770 2.160242
0.181243 0.300338 2.096895
0.200707 0.315689 2.036328
0.220153 0.333937 1.978554
0.239967 0.355221 1.923614
0.260512 0.379707 1.871584
0.282134 0.407591 1.822572
0.305167 0.439100 1.776732
0.329938 0.474494 1.734263
0.356774 0.514061 1.695425
0.386004 0.558119 1.660541
0.417961 0.607005 1.630018
0.452987 0.661070 1.604354
0.491431 0.720668 1.584161
0.519133 0.763640 1.574095
0.548617 0.809309 1.567040
0.131188 -0.064539 2.490522
0.115661 -0.058913 2.437479
0.101811 -0.053586 2.385650
0.089482 -0.048583 2.334991
0.078527 -0.043916 2.285463
0.064378 -0.037553 2.213216
0.052604 -0.031941 2.143326
0.042842 -0.027043 2.075695
0.034776 -0.022808 2.010234
0.028130 -0.019179 1.946864
0.022670 -0.016092 1.885509
0.018195 -0.013487 1.826100
0.001717 -0.003673 1.383776
0.000872 -0.003335 1.325976
0.000194 -0.003164 1.270591
-0.000367 -0.003136 1.217520
-0.000852 -0.003234 1.166665
-0.001398 -0.003518 1.106073
-0.001922 -0.003976 1.048629
-0.002466 -0.004611 0.994169
-0.003064 -0.005442 0.942538
-0.003900 -0.006736 0.884109
-0.004923 -0.008425 0.829305
-0.006203 -0.010611 0.777902
-0.008131 -0.013972 0.721952
-0.010693 -0.018493 0.670042
-0.014691 -0.025608 0.615304
-0.020283 -0.035626 0.565105
-0.029322 -0.051908 0.513669
-0.042620 -0.075984 0.467267
-0.059674 -0.106988 0.430172
-0.080340 -0.144677 0.401086
-0.103866 -0.187679 0.379015
-0.128812 -0.233345 0.363078
-0.153128 -0.277897 0.352352
